    0.152401    0.0146987   0.00385814  -0.00394836  -0.00203474   0.00495324    0.0124982   0.00217761  -0.00482157   0.00450972   0.00339691   0.00437719   0.00722801   0.00264823  -0.00569436 -0.000117417   0.00523004  -0.00135518  -0.00266611   0.00204604   0.00107642   0.00177612   0.00151543   0.00286687  -0.00293438  0.000497683  -0.00186558  -0.00126195  -0.00184838  -0.00293198  0.000687584  -0.00182319   0.00246955  -0.00168744   0.00403389  -0.00306721 -0.000141181   0.00333545   0.00114932  0.000804826  -0.00595501  0.000196561  -0.00412086  -0.00157627  -0.00282342 -5.73934e-05 -0.000254356  0.000482429  -0.00348418  0.000250926   0.00137864  0.000349892  0.000529881   0.00379173   0.00259532  0.000312595  -0.00243392   0.00297987  -0.00111539  3.29632e-05    0.0023497 -0.000593034 -0.000262126  -0.00179678   0.00132452   0.00542264   0.00225412   0.00198116  -0.00136039   0.00242889  -0.00300526   0.00553071  -0.00144485  -0.00106338  -0.00159217  -0.00183326   0.00244025   0.00640753   0.00110698  0.000351788  -0.00412593   -0.0019813   0.00130348 -0.000733725  0.000809474  -0.00316616  -0.00153556  -0.00361999 -0.000374049 -0.000817524   0.00226757  -0.00122298   0.00239626  8.02233e-05 -0.000552321  -0.00283921   -0.0044635   0.00169589  -0.00340388   -0.0019259   0.00178012 -0.000312422 -0.000422858  -0.00243787    0.0033759  -0.00105875  -0.00118419   0.00438058   0.00283223  -0.00108286  -0.00297243   0.00110413  -0.00581143  -0.00210442  -0.00195489    0.0002864   0.00165909  -0.00209263  -0.00261812 -0.000381585  -0.00320321   0.00112215   0.00688805  -0.00164237   0.00234613  0.000665771   0.00295074  -0.00236558    0.0092781  -0.00142164   -0.0028516  8.03237e-05   0.00104068  -0.00249054   0.00269701   0.00172395   0.00253467  -0.00265561  -0.00256905   0.00022073  -0.00264935  7.07544e-05   0.00224963  -0.00173001   -0.0015324    0.0011932  -0.00357414 -9.74004e-05   0.00176944  -0.00217118  -0.00218004   0.00365349  0.000505303   0.00148939  -0.00289438  0.000600286   0.00229288   0.00181987 -0.000251566  0.000854079  -0.00416282  -0.00235609   0.00185472   0.00228593
   0.0146987   0.00141765  0.000372107 -0.000380808 -0.000196245  0.000477727   0.00120542  0.000210025 -0.000465026   0.00043495  0.000327622  0.000422168  0.000697121  0.000255414 -0.000549205 -1.13245e-05  0.000504422 -0.000130703 -0.000257139  0.000197335  0.000103817  0.000171302  0.000146159  0.000276501 -0.000283013  4.80001e-05  -0.00017993 -0.000121711 -0.000178271 -0.000282781  6.63155e-05 -0.000175842  0.000238181 -0.000162749  0.000389058 -0.000295824 -1.36165e-05  0.000321694  0.000110849  7.76232e-05 -0.000574344  1.89577e-05 -0.000397446 -0.000152027 -0.000272311 -5.53543e-06 -2.45319e-05  4.65289e-05  -0.00033604  2.42011e-05  0.000132966  3.37461e-05  5.11055e-05  0.000365702  0.000250312  3.01489e-05 -0.000234744    0.0002874 -0.000107577  3.17921e-06  0.000226622 -5.71964e-05 -2.52813e-05 -0.000173294  0.000127746  0.000522999  0.000217403  0.000191077 -0.000131206  0.000234259 -0.000289849  0.000533422 -0.000139351  -0.00010256 -0.000153561 -0.000176812  0.000235356  0.000617988  0.000106765   3.3929e-05 -0.000397934 -0.000191091  0.000125717 -7.07657e-05  7.80715e-05 -0.000305368 -0.000148101 -0.000349138  -3.6076e-05 -7.88479e-05  0.000218701 -0.000117953  0.000231113  7.73731e-06 -5.32698e-05 -0.000273834 -0.000430492  0.000163564 -0.000328295 -0.000185747  0.000171687 -3.01322e-05 -4.07835e-05 -0.000235126  0.000325596 -0.000102114 -0.000114211  0.000422494  0.000273161 -0.000104438 -0.000286683  0.000106491 -0.000560497 -0.000202965 -0.000188543  2.76225e-05  0.000160014 -0.000201829  -0.00025251 -3.68028e-05 -0.000308941  0.000108228  0.000664333 -0.000158402  0.000226277  6.42118e-05   0.00028459 -0.000228154  0.000894847 -0.000137113 -0.000275029  7.74699e-06  0.000100371 -0.000240205  0.000260119   0.00016627  0.000244462 -0.000256126 -0.000247777  2.12888e-05 -0.000255523  6.82406e-06   0.00021697 -0.000166855 -0.000147795  0.000115081 -0.000344716   -9.394e-06  0.000170657 -0.000209404 -0.000210259  0.000352369   4.8735e-05  0.000143648 -0.000279155  5.78959e-05  0.000221142  0.000175522 -2.42628e-05  8.23735e-05 -0.000401492 -0.000227238  0.000178883  0.000220471
  0.00385814  0.000372107  9.76716e-05 -9.99555e-05 -5.15108e-05  0.000125395  0.000316401  5.51278e-05 -0.000122061  0.000114167   8.5995e-05  0.000110812  0.000182982  6.70418e-05 -0.000144157 -2.97249e-06  0.000132402 -3.43073e-05 -6.74945e-05  5.17969e-05  2.72502e-05  4.49638e-05  3.83641e-05  7.25767e-05 -7.42858e-05  1.25992e-05 -4.72285e-05 -3.19471e-05  -4.6793e-05  -7.4225e-05  1.74067e-05 -4.61554e-05  6.25184e-05 -4.27186e-05  0.000102121 -7.76486e-05  -3.5741e-06  8.44391e-05  2.90959e-05  2.03747e-05 -0.000150755  4.97607e-06 -0.000104323 -3.99044e-05 -7.14769e-05 -1.45295e-06  -6.4392e-06   1.2213e-05 -8.82045e-05  6.35236e-06  3.49013e-05  8.85774e-06  1.34143e-05  9.59902e-05  6.57024e-05  7.91356e-06 -6.16163e-05  7.54374e-05 -2.82369e-05  8.34487e-07  5.94844e-05 -1.50131e-05 -6.63591e-06 -4.54867e-05   3.3531e-05  0.000137278  5.70646e-05  5.01543e-05 -3.44392e-05  6.14889e-05 -7.60802e-05  0.000140014 -3.65773e-05 -2.69203e-05  -4.0307e-05 -4.64101e-05  6.17767e-05  0.000162211  2.80241e-05  8.90576e-06 -0.000104451  -5.0158e-05  3.29985e-05 -1.85748e-05  2.04924e-05 -8.01536e-05 -3.88738e-05 -9.16425e-05 -9.46931e-06 -2.06962e-05  5.74051e-05 -3.09607e-05   6.0663e-05  2.03091e-06 -1.39824e-05 -7.18765e-05 -0.000112997  4.29326e-05 -8.61715e-05 -4.87554e-05  4.50648e-05 -7.90918e-06 -1.07049e-05 -6.17165e-05  8.54632e-05  -2.6803e-05 -2.99785e-05  0.000110897  7.16999e-05 -2.74132e-05 -7.52492e-05  2.79519e-05  -0.00014712 -5.32747e-05 -4.94893e-05  7.25042e-06  4.20009e-05 -5.29764e-05 -6.62795e-05 -9.66009e-06 -8.10915e-05  2.84079e-05  0.000174376 -4.15776e-05  5.93938e-05  1.68545e-05  7.46999e-05 -5.98864e-05  0.000234882 -3.59898e-05 -7.21903e-05  2.03345e-06  2.63455e-05 -6.30497e-05  6.82766e-05   4.3643e-05  6.41668e-05 -6.72287e-05 -6.50371e-05  5.58793e-06 -6.70702e-05   1.7912e-06  5.69508e-05 -4.37965e-05 -3.87937e-05  3.02066e-05 -9.04819e-05 -2.46576e-06  4.47946e-05 -5.49648e-05 -5.51893e-05  9.24906e-05  1.27921e-05   3.7705e-05 -7.32733e-05  1.51966e-05  5.80459e-05  4.60713e-05 -6.36856e-06  2.16216e-05 -0.000105385  -5.9646e-05  4.69536e-05  5.78698e-05
 -0.00394836 -0.000380809 -9.99555e-05  0.000102293  5.27154e-05 -0.000128327 -0.000323799 -5.64169e-05  0.000124915 -0.000116836 -8.80059e-05 -0.000113403 -0.000187261 -6.86095e-05  0.000147528  3.04199e-06 -0.000135498  3.51095e-05  6.90728e-05 -5.30081e-05 -2.78874e-05 -4.60152e-05 -3.92612e-05 -7.42738e-05  7.60229e-05 -1.28938e-05  4.83329e-05  3.26941e-05  4.78872e-05  7.59607e-05 -1.78137e-05  4.72346e-05 -6.39803e-05  4.37175e-05 -0.000104509  7.94643e-05  3.65767e-06 -8.64136e-05 -2.97762e-05 -2.08512e-05   0.00015428 -5.09243e-06  0.000106762  4.08375e-05  7.31483e-05  1.48693e-06  6.58978e-06 -1.24986e-05  9.02671e-05  -6.5009e-06 -3.57174e-05 -9.06487e-06  -1.3728e-05 -9.82348e-05 -6.72388e-05 -8.09861e-06  6.30571e-05 -7.72014e-05  2.88972e-05    -8.54e-07 -6.08754e-05  1.53641e-05  6.79108e-06  4.65503e-05 -3.43151e-05 -0.000140488 -5.83989e-05 -5.13271e-05  3.52445e-05 -6.29267e-05  7.78593e-05 -0.000143288  3.74326e-05  2.75498e-05  4.12495e-05  4.74954e-05 -6.32212e-05 -0.000166004 -2.86794e-05 -9.11402e-06  0.000106893  5.13309e-05 -3.37701e-05  1.90091e-05 -2.09716e-05  8.20279e-05  3.97828e-05  9.37855e-05  9.69073e-06  2.11801e-05 -5.87474e-05  3.16847e-05 -6.20816e-05  -2.0784e-06  1.43093e-05  7.35572e-05  0.000115639 -4.39366e-05  8.81865e-05  4.98955e-05 -4.61186e-05  8.09413e-06  1.09553e-05  6.31596e-05 -8.74616e-05  2.74297e-05  3.06795e-05 -0.000113491 -7.33765e-05  2.80543e-05  7.70088e-05 -2.86055e-05  0.000150561  5.45205e-05  5.06465e-05 -7.41996e-06 -4.29831e-05  5.42152e-05  6.78294e-05  9.88598e-06  8.29877e-05 -2.90722e-05 -0.000178453  4.25499e-05 -6.07827e-05 -1.72486e-05 -7.64467e-05  6.12867e-05 -0.000240374  3.68314e-05  7.38784e-05   -2.081e-06 -2.69616e-05   6.4524e-05 -6.98732e-05 -4.46635e-05 -6.56673e-05  6.88007e-05   6.6558e-05  -5.7186e-06  6.86386e-05 -1.83308e-06 -5.82825e-05  4.48206e-05  3.97008e-05  -3.0913e-05  9.25977e-05  2.52342e-06  -4.5842e-05  5.62501e-05  5.64798e-05 -9.46534e-05 -1.30912e-05 -3.85867e-05  7.49867e-05  -1.5552e-05 -5.94033e-05 -4.71487e-05  6.51748e-06 -2.21272e-05  0.000107849  6.10408e-05 -4.80515e-05 -5.92231e-05
 -0.00203474 -0.000196245 -5.15109e-05  5.27154e-05  2.71662e-05 -6.61317e-05 -0.000166866 -2.90738e-05  6.43737e-05 -6.02102e-05 -4.53528e-05 -5.84408e-05 -9.65025e-05 -3.53571e-05  7.60265e-05  1.56765e-06 -6.98272e-05  1.80933e-05  3.55958e-05 -2.73171e-05 -1.43714e-05 -2.37134e-05 -2.02328e-05 -3.82761e-05  3.91775e-05 -6.64467e-06  2.49078e-05  1.68485e-05  2.46781e-05  3.91454e-05 -9.18007e-06  2.43418e-05 -3.29715e-05  2.25293e-05 -5.38573e-05   4.0951e-05  1.88494e-06 -4.45322e-05 -1.53448e-05 -1.07454e-05  7.95066e-05 -2.62432e-06  5.50185e-05  2.10451e-05  3.76961e-05   7.6627e-07  3.39596e-06   -6.441e-06   4.6518e-05 -3.35016e-06 -1.84065e-05 -4.67147e-06 -7.07454e-06 -5.06241e-05 -3.46507e-05 -4.17352e-06  3.24957e-05 -3.97848e-05  1.48918e-05 -4.40098e-07 -3.13714e-05  7.91771e-06   3.4997e-06  2.39891e-05 -1.76839e-05 -7.23988e-05 -3.00952e-05 -2.64508e-05  1.81628e-05 -3.24285e-05  4.01238e-05 -7.38417e-05  1.92904e-05  1.41975e-05  2.12574e-05  2.44762e-05 -3.25803e-05 -8.55482e-05 -1.47796e-05  -4.6968e-06   5.5086e-05  2.64527e-05  -1.7403e-05  9.79611e-06 -1.08074e-05  4.22721e-05  2.05016e-05  4.83312e-05    4.994e-06  1.09149e-05 -3.02748e-05  1.63283e-05  -3.1993e-05 -1.07108e-06  7.37414e-06  3.79068e-05  5.95931e-05 -2.26422e-05  4.54459e-05   2.5713e-05 -2.37667e-05  4.17121e-06  5.64566e-06  3.25485e-05 -4.50723e-05  1.41356e-05  1.58103e-05 -5.84859e-05 -3.78137e-05  1.44574e-05  3.96856e-05 -1.47415e-05  7.75896e-05  2.80965e-05  2.61001e-05 -3.82379e-06 -2.21508e-05  2.79392e-05   3.4955e-05  5.09462e-06  4.27667e-05  -1.4982e-05 -9.19637e-05  2.19276e-05 -3.13236e-05 -8.88884e-06 -3.93959e-05  3.15834e-05 -0.000123874  1.89806e-05  3.80723e-05 -1.07242e-06 -1.38943e-05  3.32517e-05 -3.60083e-05 -2.30168e-05 -3.38408e-05  3.54556e-05  3.42998e-05 -2.94701e-06   3.5372e-05 -9.44656e-07 -3.00352e-05  2.30977e-05  2.04593e-05 -1.59306e-05  4.77191e-05  1.30041e-06 -2.36241e-05  2.89878e-05  2.91062e-05 -4.87785e-05  -6.7464e-06 -1.98852e-05  3.86435e-05 -8.01453e-06 -3.06127e-05 -2.42975e-05   3.3587e-06  -1.1403e-05  5.55786e-05  3.14566e-05 -2.47628e-05 -3.05199e-05
  0.00495324  0.000477727  0.000125395 -0.000128327 -6.61317e-05  0.000160987  0.000406208  7.07753e-05 -0.000156707  0.000146572  0.000110404  0.000142265   0.00023492   8.6071e-05 -0.000185074  -3.8162e-06  0.000169983 -4.40451e-05 -8.66522e-05   6.6499e-05  3.49849e-05  5.77264e-05  4.92534e-05   9.3177e-05 -9.53712e-05  1.61754e-05 -6.06339e-05  -4.1015e-05 -6.00748e-05 -9.52931e-05  2.23474e-05 -5.92561e-05  8.02637e-05 -5.48439e-05  0.000131107 -9.96885e-05 -4.58857e-06  0.000108406  3.73545e-05  2.61579e-05 -0.000193546  6.38849e-06 -0.000133934 -5.12309e-05 -9.17649e-05 -1.86536e-06 -8.26691e-06  1.56796e-05 -0.000113241  8.15542e-06  4.48077e-05  1.13719e-05  1.72218e-05  0.000123236  8.43515e-05  1.01598e-05 -7.91055e-05  9.68496e-05 -3.62517e-05  1.07135e-06  7.63685e-05 -1.92744e-05 -8.51945e-06 -5.83976e-05  4.30485e-05  0.000176243  7.32618e-05  6.43902e-05 -4.42144e-05   7.8942e-05 -9.76749e-05  0.000179756 -4.69594e-05 -3.45614e-05 -5.17478e-05 -5.95832e-05  7.93114e-05  0.000208253  3.59784e-05  1.14336e-05 -0.000134098 -6.43949e-05  4.23648e-05  -2.3847e-05   2.6309e-05 -0.000102905 -4.99078e-05 -0.000117654 -1.21571e-05 -2.65706e-05   7.3699e-05 -3.97486e-05  7.78817e-05  2.60736e-06 -1.79511e-05  -9.2278e-05  -0.00014507  5.51187e-05 -0.000110631 -6.25942e-05  5.78561e-05 -1.01541e-05 -1.37434e-05 -7.92341e-05  0.000109721 -3.44108e-05 -3.84876e-05  0.000142374  9.20512e-05 -3.51943e-05  -9.6608e-05  3.58858e-05 -0.000188879 -6.83963e-05 -6.35364e-05  9.30839e-06  5.39225e-05 -6.80133e-05 -8.50923e-05  -1.2402e-05 -0.000104109  3.64713e-05  0.000223871 -5.33791e-05  7.62522e-05  2.16384e-05  9.59028e-05 -7.68846e-05  0.000301551 -4.62052e-05 -9.26809e-05  2.61062e-06  3.38235e-05 -8.09458e-05  8.76563e-05  5.60307e-05    8.238e-05 -8.63109e-05 -8.34974e-05  7.17402e-06 -8.61075e-05  2.29961e-06  7.31158e-05 -5.62277e-05 -4.98049e-05  3.87805e-05 -0.000116164 -3.16564e-06  5.75091e-05 -7.05661e-05 -7.08542e-05  0.000118743   1.6423e-05  4.84073e-05 -9.40713e-05  1.95101e-05  7.45217e-05  5.91483e-05 -8.17621e-06  2.77587e-05 -0.000135297  -7.6576e-05  6.02809e-05  7.42957e-05
   0.0124982   0.00120542  0.000316401 -0.000323799 -0.000166866  0.000406208   0.00102496  0.000178583 -0.000395409  0.000369836  0.000278575  0.000358967  0.000592758  0.000217178 -0.000466986 -9.62918e-06  0.000428908 -0.000111136 -0.000218644  0.000167793  8.82753e-05  0.000145657  0.000124278  0.000235108 -0.000240644  4.08143e-05 -0.000152994 -0.000103491 -0.000151583 -0.000240447  5.63878e-05 -0.000149517  0.000202524 -0.000138384  0.000330814 -0.000251538 -1.15781e-05  0.000273535  9.42542e-05  6.60026e-05 -0.000488362  1.61197e-05 -0.000337946 -0.000129268 -0.000231545 -4.70675e-06 -2.08594e-05  3.95633e-05 -0.000285733  2.05781e-05   0.00011306  2.86941e-05  4.34547e-05  0.000310954  0.000212839  2.56355e-05 -0.000199602  0.000244375 -9.14718e-05  2.70327e-06  0.000192696 -4.86338e-05 -2.14966e-05 -0.000147351  0.000108622  0.000444703  0.000184857  0.000162472 -0.000111563  0.000199189 -0.000246457  0.000453566  -0.00011849 -8.72066e-05 -0.000130572 -0.000150343  0.000200122  0.000525472  9.07821e-05  2.88497e-05 -0.000338361 -0.000162484  0.000106896 -6.01717e-05  6.63838e-05 -0.000259653 -0.000125929  -0.00029687 -3.06752e-05  -6.7044e-05   0.00018596 -0.000100295  0.000196514    6.579e-06  -4.5295e-05 -0.000232839 -0.000366045  0.000139078 -0.000279147  -0.00015794  0.000145985 -2.56213e-05  -3.4678e-05 -0.000199927  0.000276852 -8.68266e-05 -9.71133e-05  0.000359245  0.000232267 -8.88035e-05 -0.000243765  9.05484e-05 -0.000476587  -0.00017258 -0.000160317  2.34873e-05  0.000136059 -0.000171614 -0.000214708 -3.12932e-05 -0.000262691  9.20256e-05  0.000564879 -0.000134688  0.000192403  5.45989e-05  0.000241986 -0.000193998  0.000760884 -0.000116587 -0.000233856  6.58723e-06  8.53447e-05 -0.000204245  0.000221178  0.000141379  0.000207864 -0.000217783 -0.000210684  1.81017e-05  -0.00021727  5.80246e-06  0.000184489 -0.000141876  -0.00012567  9.78525e-05  -0.00029311 -7.98767e-06  0.000145109 -0.000178055 -0.000178782  0.000299617  4.14392e-05  0.000122143 -0.000237364  4.92286e-05  0.000188036  0.000149245 -2.06305e-05  7.00418e-05 -0.000341386 -0.000193219  0.000152103  0.000187466
  0.00217761  0.000210025  5.51278e-05 -5.64169e-05 -2.90738e-05  7.07753e-05  0.000178583  3.11152e-05 -6.88938e-05   6.4438e-05  4.85373e-05  6.25443e-05  0.000103279  3.78397e-05 -8.13649e-05 -1.67773e-06  7.47303e-05 -1.93637e-05 -3.80952e-05  2.92352e-05  1.53806e-05  2.53785e-05  2.16535e-05  4.09638e-05 -4.19284e-05  7.11124e-06 -2.66567e-05 -1.80316e-05 -2.64109e-05 -4.18941e-05  9.82467e-06  -2.6051e-05  3.52866e-05 -2.41113e-05   5.7639e-05 -4.38265e-05 -2.01729e-06  4.76591e-05  1.64223e-05  1.14999e-05 -8.50893e-05   2.8086e-06 -5.88817e-05 -2.25229e-05  -4.0343e-05 -8.20076e-07 -3.63442e-06  6.89327e-06 -4.97844e-05   3.5854e-06   1.9699e-05  4.99949e-06   7.5713e-06  5.41788e-05  3.70838e-05  4.46657e-06 -3.47775e-05  4.25784e-05 -1.59375e-05  4.71001e-07  3.35742e-05 -8.47367e-06 -3.74544e-06 -2.56736e-05  1.89256e-05  7.74824e-05  3.22084e-05  2.83081e-05 -1.94382e-05  3.47056e-05 -4.29412e-05  7.90266e-05  -2.0645e-05 -1.51944e-05 -2.27501e-05 -2.61948e-05   3.4868e-05  9.15551e-05  1.58173e-05  5.02659e-06  -5.8954e-05 -2.83102e-05   1.8625e-05  -1.0484e-05  1.15663e-05 -4.52403e-05 -2.19412e-05 -5.17249e-05 -5.34467e-06 -1.16813e-05  3.24006e-05 -1.74748e-05  3.42394e-05  1.14629e-06 -7.89194e-06 -4.05685e-05 -6.37776e-05  2.42321e-05 -4.86369e-05 -2.75185e-05  2.54355e-05  -4.4641e-06 -6.04209e-06  -3.4834e-05  4.82371e-05 -1.51281e-05 -1.69205e-05  6.25927e-05  4.04688e-05 -1.54726e-05 -4.24722e-05  1.57766e-05 -8.30377e-05 -3.00693e-05 -2.79328e-05  4.09228e-06  2.37062e-05  -2.9901e-05 -3.74095e-05 -5.45235e-06 -4.57697e-05   1.6034e-05  9.84212e-05 -2.34673e-05  3.35231e-05  9.51299e-06  4.21621e-05 -3.38011e-05  0.000132572 -2.03134e-05 -4.07457e-05  1.14772e-06    1.487e-05 -3.55865e-05  3.85367e-05   2.4633e-05  3.62171e-05 -3.79452e-05 -3.67083e-05  3.15394e-06 -3.78558e-05  1.01099e-06  3.21442e-05 -2.47196e-05 -2.18959e-05  1.70492e-05 -5.10698e-05 -1.39172e-06   2.5283e-05 -3.10232e-05 -3.11499e-05  5.22036e-05  7.22011e-06  2.12815e-05 -4.13569e-05  8.57729e-06  3.27623e-05  2.60036e-05 -3.59454e-06  1.22037e-05 -5.94812e-05 -3.36654e-05  2.65016e-05  3.26629e-05
 -0.00482156 -0.000465026 -0.000122061  0.000124915  6.43737e-05 -0.000156707 -0.000395409 -6.88938e-05  0.000152541 -0.000142675 -0.000107469 -0.000138483 -0.000228674 -8.37828e-05  0.000180154  3.71475e-06 -0.000165464  4.28742e-05  8.43486e-05 -6.47311e-05 -3.40549e-05 -5.61917e-05  -4.7944e-05 -9.06999e-05  9.28358e-05 -1.57453e-05   5.9022e-05  3.99246e-05  5.84778e-05  9.27598e-05 -2.17533e-05  5.76808e-05 -7.81299e-05  5.33859e-05 -0.000127621  9.70383e-05  4.46659e-06 -0.000105524 -3.63614e-05 -2.54625e-05    0.0001884 -6.21865e-06  0.000130373   4.9869e-05  8.93254e-05  1.81577e-06  8.04714e-06 -1.52627e-05   0.00011023 -7.93861e-06 -4.36165e-05 -1.10696e-05  -1.6764e-05  -0.00011996  -8.2109e-05 -9.88966e-06  7.70025e-05 -9.42749e-05   3.5288e-05 -1.04287e-06 -7.43383e-05   1.8762e-05  8.29296e-06  5.68452e-05 -4.19041e-05 -0.000171558 -7.13142e-05 -6.26784e-05   4.3039e-05 -7.68433e-05  9.50783e-05 -0.000174977  4.57111e-05  3.36426e-05  5.03721e-05  5.79992e-05  -7.7203e-05 -0.000202717  -3.5022e-05 -1.11296e-05  0.000130533  6.26829e-05 -4.12386e-05  2.32131e-05 -2.56095e-05  0.000100169   4.8581e-05  0.000114527  1.18339e-05  2.58642e-05 -7.17397e-05  3.86919e-05 -7.58112e-05 -2.53805e-06  1.74739e-05  8.98248e-05  0.000141213 -5.36534e-05  0.000107689  6.09301e-05  -5.6318e-05  9.88419e-06  1.33781e-05  7.71277e-05 -0.000106804   3.3496e-05  3.74644e-05  -0.00013859 -8.96041e-05  3.42586e-05  9.40398e-05 -3.49318e-05  0.000183858   6.6578e-05  6.18473e-05 -9.06093e-06  -5.2489e-05  6.62052e-05  8.28302e-05  1.20723e-05  0.000101341 -3.55017e-05 -0.000217919    5.196e-05 -7.42251e-05 -2.10632e-05 -9.33533e-05  7.48406e-05 -0.000293534  4.49769e-05   9.0217e-05 -2.54122e-06 -3.29243e-05  7.87939e-05  -8.5326e-05 -5.45411e-05   -8.019e-05  8.40164e-05  8.12776e-05  -6.9833e-06  8.38184e-05 -2.23848e-06  -7.1172e-05  5.47329e-05  4.84809e-05 -3.77496e-05  0.000113076  3.08148e-06 -5.59803e-05  6.86901e-05  6.89706e-05 -0.000115587 -1.59864e-05 -4.71204e-05  9.15705e-05 -1.89914e-05 -7.25406e-05 -5.75758e-05  7.95885e-06 -2.70207e-05    0.0001317  7.45403e-05 -5.86784e-05 -7.23206e-05
  0.00450972   0.00043495  0.000114167 -0.000116836 -6.02102e-05  0.000146572  0.000369836   6.4438e-05 -0.000142675  0.000133448  0.000100518  0.000129526  0.000213885   7.8364e-05 -0.000168502 -3.47449e-06  0.000154762 -4.01012e-05 -7.88932e-05  6.05445e-05  3.18523e-05  5.25575e-05  4.48432e-05  8.48337e-05 -8.68315e-05   1.4727e-05 -5.52046e-05 -3.73424e-05 -5.46956e-05 -8.67604e-05  2.03464e-05 -5.39502e-05  7.30767e-05 -4.99331e-05  0.000119367 -9.07622e-05  -4.1777e-06  9.86995e-05  3.40097e-05  2.38157e-05 -0.000176215  5.81645e-06 -0.000121941 -4.66436e-05 -8.35481e-05 -1.69833e-06 -7.52668e-06  1.42756e-05 -0.000103101  7.42517e-06  4.07955e-05  1.03537e-05  1.56797e-05  0.000112201  7.67985e-05  9.25003e-06 -7.20222e-05  8.81775e-05 -3.30057e-05  9.75418e-07  6.95303e-05 -1.75485e-05  -7.7566e-06 -5.31686e-05  3.91938e-05  0.000160462  6.67018e-05  5.86246e-05 -4.02554e-05  7.18734e-05 -8.89289e-05   0.00016366 -4.27546e-05 -3.14667e-05 -4.71142e-05  -5.4248e-05  7.22097e-05  0.000189606  3.27569e-05  1.04098e-05 -0.000122091 -5.86288e-05  3.85714e-05 -2.17117e-05  2.39532e-05 -9.36903e-05  -4.5439e-05 -0.000107119 -1.10685e-05 -2.41914e-05  6.70998e-05 -3.61894e-05   7.0908e-05   2.3739e-06 -1.63438e-05 -8.40152e-05  -0.00013208  5.01833e-05 -0.000100724 -5.69894e-05  5.26756e-05 -9.24491e-06 -1.25128e-05 -7.21394e-05  9.98965e-05 -3.13296e-05 -3.50413e-05  0.000129626  8.38088e-05 -3.20429e-05 -8.79576e-05  3.26725e-05 -0.000171967  -6.2272e-05 -5.78472e-05   8.4749e-06  4.90942e-05 -6.19233e-05  -7.7473e-05 -1.12915e-05 -9.47865e-05  3.32055e-05  0.000203825 -4.85994e-05  6.94245e-05  1.97009e-05  8.73155e-05 -7.00002e-05  0.000274549 -4.20679e-05 -8.43821e-05  2.37686e-06  3.07949e-05 -7.36977e-05  7.98074e-05  5.10136e-05  7.50036e-05 -7.85825e-05 -7.60208e-05  6.53164e-06 -7.83973e-05   2.0937e-06  6.65689e-05  -5.1193e-05 -4.53453e-05  3.53081e-05 -0.000105763 -2.88218e-06  5.23596e-05 -6.42474e-05 -6.45098e-05  0.000108111  1.49525e-05  4.40728e-05  -8.5648e-05  1.77631e-05  6.78489e-05   5.3852e-05  -7.4441e-06  2.52731e-05 -0.000123182 -6.97192e-05  5.48833e-05  6.76431e-05
  0.00339691  0.000327622   8.5995e-05 -8.80059e-05 -4.53528e-05  0.000110404  0.000278575  4.85373e-05 -0.000107469  0.000100518  7.57144e-05  9.75642e-05  0.000161107   5.9027e-05 -0.000126923 -2.61713e-06  0.000116573 -3.02059e-05 -5.94256e-05  4.56046e-05  2.39925e-05  3.95884e-05  3.37777e-05  6.39002e-05  -6.5405e-05   1.1093e-05 -4.15824e-05 -2.81278e-05  -4.1199e-05 -6.53515e-05  1.53257e-05 -4.06375e-05  5.50444e-05 -3.76116e-05  8.99123e-05 -6.83658e-05 -3.14682e-06  7.43445e-05  2.56175e-05  1.79389e-05 -0.000132733  4.38119e-06 -9.18508e-05 -3.51339e-05 -6.29319e-05 -1.27925e-06  -5.6694e-06   1.0753e-05 -7.76597e-05  5.59294e-06  3.07289e-05  7.79881e-06  1.18106e-05  8.45147e-05  5.78478e-05   6.9675e-06 -5.42501e-05  6.64189e-05 -2.48612e-05  7.34724e-07  5.23731e-05 -1.32183e-05 -5.84259e-06 -4.00488e-05  2.95224e-05  0.000120866  5.02425e-05  4.41584e-05  -3.0322e-05   5.4138e-05 -6.69849e-05  0.000123275 -3.22045e-05  -2.3702e-05 -3.54883e-05 -4.08618e-05  5.43913e-05  0.000142819  2.46738e-05  7.84109e-06 -9.19637e-05 -4.41616e-05  2.90535e-05 -1.63542e-05  1.80425e-05 -7.05713e-05 -3.42265e-05 -8.06868e-05 -8.33726e-06  -1.8222e-05  5.05423e-05 -2.72594e-05  5.34108e-05  1.78811e-06 -1.23108e-05 -6.32837e-05  -9.9488e-05  3.78001e-05 -7.58698e-05 -4.29267e-05  3.96774e-05 -6.96364e-06 -9.42518e-06 -5.43383e-05  7.52461e-05 -2.35987e-05 -2.63946e-05  9.76396e-05  6.31282e-05  -2.4136e-05 -6.62532e-05  2.46103e-05 -0.000129532 -4.69058e-05 -4.35729e-05  6.38364e-06  3.69797e-05 -4.66432e-05 -5.83558e-05 -8.50523e-06 -7.13971e-05  2.50118e-05  0.000153529 -3.66071e-05  5.22934e-05  1.48395e-05  6.57696e-05  -5.2727e-05  0.000206802 -3.16873e-05   -6.356e-05  1.79035e-06  2.31959e-05 -5.55121e-05  6.01142e-05  3.84255e-05  5.64958e-05 -5.91915e-05  -5.7262e-05   4.9199e-06  -5.9052e-05  1.57706e-06  5.01424e-05 -3.85606e-05 -3.41559e-05  2.65955e-05 -7.96649e-05 -2.17098e-06  3.94394e-05 -4.83938e-05 -4.85914e-05  8.14335e-05  1.12628e-05  3.31974e-05 -6.45136e-05  1.33799e-05  5.11066e-05  4.05635e-05  -5.6072e-06  1.90367e-05 -9.27859e-05 -5.25154e-05  4.13403e-05  5.09516e-05
  0.00437719  0.000422168  0.000110812 -0.000113403 -5.84408e-05  0.000142265  0.000358967  6.25443e-05 -0.000138483  0.000129526  9.75642e-05   0.00012572  0.000207599  7.60612e-05  -0.00016355 -3.37238e-06  0.000150214 -3.89228e-05 -7.65747e-05  5.87653e-05  3.09163e-05  5.10129e-05  4.35254e-05  8.23407e-05 -8.42797e-05  1.42942e-05 -5.35823e-05  -3.6245e-05 -5.30883e-05 -8.42108e-05  1.97484e-05 -5.23648e-05  7.09292e-05 -4.84657e-05  0.000115859  -8.8095e-05 -4.05493e-06   9.5799e-05  3.30102e-05  2.31158e-05 -0.000171037  5.64552e-06 -0.000118357 -4.52729e-05 -8.10929e-05 -1.64842e-06 -7.30549e-06  1.38561e-05 -0.000100071  7.20696e-06  3.95967e-05  1.00494e-05   1.5219e-05  0.000108904  7.45416e-05   8.9782e-06 -6.99057e-05  8.55862e-05 -3.20358e-05  9.46753e-07   6.7487e-05 -1.70328e-05 -7.52866e-06 -5.16061e-05  3.80421e-05  0.000155746  6.47416e-05  5.69018e-05 -3.90724e-05  6.97612e-05 -8.63155e-05   0.00015885 -4.14982e-05  -3.0542e-05 -4.57296e-05 -5.26539e-05  7.00877e-05  0.000184034  3.17942e-05  1.01039e-05 -0.000118503 -5.69059e-05  3.74379e-05 -2.10737e-05  2.32493e-05  -9.0937e-05 -4.41037e-05 -0.000103972 -1.07432e-05 -2.34805e-05  6.51279e-05 -3.51259e-05  6.88242e-05  2.30413e-06 -1.58635e-05 -8.15463e-05 -0.000128198  4.87085e-05 -9.77645e-05 -5.53146e-05  5.11276e-05 -8.97323e-06 -1.21451e-05 -7.00194e-05  9.69608e-05 -3.04089e-05 -3.40116e-05  0.000125817  8.13459e-05 -3.11012e-05 -8.53728e-05  3.17124e-05 -0.000166913  -6.0442e-05 -5.61472e-05  8.22585e-06  4.76514e-05 -6.01035e-05 -7.51963e-05 -1.09597e-05  -9.2001e-05  3.22297e-05  0.000197835 -4.71712e-05  6.73843e-05  1.91219e-05  8.47496e-05 -6.79431e-05  0.000266481 -4.08317e-05 -8.19023e-05  2.30702e-06  2.98899e-05  -7.1532e-05  7.74621e-05  4.95144e-05  7.27994e-05 -7.62732e-05 -7.37868e-05   6.3397e-06 -7.60934e-05  2.03217e-06  6.46126e-05 -4.96885e-05 -4.40128e-05  3.42705e-05 -0.000102655 -2.79748e-06  5.08209e-05 -6.23594e-05 -6.26141e-05  0.000104934  1.45131e-05  4.27776e-05  -8.3131e-05  1.72411e-05   6.5855e-05  5.22695e-05 -7.22534e-06  2.45304e-05 -0.000119562 -6.76704e-05  5.32704e-05  6.56553e-05
    0.007228  0.000697121  0.000182982 -0.000187261 -9.65025e-05   0.00023492  0.000592758  0.000103279 -0.000228674  0.000213885  0.000161107  0.000207599  0.000342806  0.000125599 -0.000270069 -5.56878e-06  0.000248047 -6.42727e-05 -0.000126447  9.70384e-05  5.10516e-05   8.4237e-05  7.18729e-05  0.000135968  -0.00013917  2.36038e-05 -8.84798e-05  -5.9851e-05  -8.7664e-05 -0.000139056  3.26103e-05 -8.64693e-05  0.000117124 -8.00308e-05  0.000191317  -0.00014547 -6.69586e-06  0.000158192  5.45094e-05  3.81708e-05 -0.000282431  9.32238e-06 -0.000195442 -7.47586e-05 -0.000133908 -2.72202e-06 -1.20635e-05  2.28804e-05 -0.000165246  1.19008e-05  6.53855e-05  1.65945e-05  2.51309e-05  0.000179832   0.00012309  1.48256e-05 -0.000115434  0.000141327 -5.29002e-05  1.56336e-06   0.00011144 -2.81261e-05  -1.2432e-05 -8.52165e-05  6.28184e-05  0.000257182  0.000106907  9.39612e-05 -6.45197e-05  0.000115196 -0.000142532  0.000262308 -6.85254e-05 -5.04336e-05 -7.55127e-05 -8.69466e-05  0.000115735  0.000303893  5.25014e-05  1.66844e-05 -0.000195682  -9.3968e-05  6.18207e-05 -3.47987e-05  3.83913e-05 -0.000150163 -7.28278e-05 -0.000171687 -1.77402e-05 -3.87731e-05  0.000107545  -5.8003e-05  0.000113649  3.80479e-06 -2.61952e-05 -0.000134656 -0.000211692  8.04318e-05 -0.000161437 -9.13403e-05  8.44263e-05 -1.48174e-05 -2.00551e-05 -0.000115622   0.00016011 -5.02138e-05 -5.61629e-05   0.00020776  0.000134325 -5.13571e-05 -0.000140975  5.23662e-05 -0.000275621 -9.98071e-05 -9.27152e-05  1.35832e-05  7.86862e-05 -9.92482e-05 -0.000124171 -1.80976e-05  -0.00015192  5.32205e-05  0.000326682 -7.78932e-05  0.000111271  3.15758e-05  0.000139946 -0.000112194  0.000440037 -6.74248e-05 -0.000135244  3.80955e-06  4.93568e-05  -0.00011812  0.000127912  8.17626e-05  0.000120213 -0.000125949 -0.000121843  1.04687e-05 -0.000125652   3.3557e-06  0.000106694 -8.20501e-05 -7.26777e-05  5.65904e-05 -0.000169512 -4.61945e-06    8.392e-05 -0.000102973 -0.000103394  0.000173276  2.39652e-05  7.06382e-05 -0.000137273    2.847e-05  0.000108746  8.63119e-05 -1.19311e-05  4.05068e-05 -0.000197432 -0.000111743  8.79648e-05  0.000108416
  0.00264823  0.000255414  6.70418e-05 -6.86095e-05 -3.53571e-05   8.6071e-05  0.000217178  3.78397e-05 -8.37828e-05   7.8364e-05   5.9027e-05  7.60612e-05  0.000125599  4.60175e-05 -9.89491e-05 -2.04032e-06  9.08807e-05 -2.35485e-05 -4.63282e-05  3.55534e-05  1.87045e-05  3.08632e-05  2.63331e-05  4.98167e-05 -5.09898e-05  8.64809e-06 -3.24177e-05 -2.19285e-05 -3.21188e-05 -5.09481e-05  1.19479e-05  -3.1681e-05  4.29126e-05 -2.93221e-05  7.00957e-05  -5.3298e-05 -2.45326e-06   5.7959e-05  1.99714e-05  1.39852e-05 -0.000103478  3.41558e-06  -7.1607e-05 -2.73904e-05 -4.90617e-05 -9.97307e-07 -4.41987e-06  8.38302e-06 -6.05436e-05  4.36026e-06  2.39562e-05  6.07996e-06  9.20757e-06  6.58877e-05  4.50982e-05  5.43187e-06 -4.22934e-05  5.17802e-05 -1.93818e-05  5.72792e-07  4.08301e-05  -1.0305e-05 -4.55489e-06 -3.12221e-05  2.30157e-05  9.42276e-05  3.91691e-05   3.4426e-05 -2.36391e-05   4.2206e-05 -5.22215e-05  9.61055e-05 -2.51067e-05 -1.84781e-05 -2.76667e-05 -3.18559e-05  4.24035e-05  0.000111342  1.92357e-05  6.11292e-06 -7.16949e-05 -3.44284e-05  2.26502e-05 -1.27497e-05   1.4066e-05 -5.50175e-05  -2.6683e-05 -6.29035e-05 -6.49973e-06 -1.42059e-05  3.94028e-05 -2.12514e-05  4.16391e-05  1.39402e-06 -9.59751e-06  -4.9336e-05 -7.75609e-05   2.9469e-05 -5.91482e-05 -3.34657e-05  3.09325e-05 -5.42886e-06 -7.34788e-06 -4.23622e-05  5.86619e-05 -1.83976e-05 -2.05772e-05  7.61199e-05  4.92148e-05 -1.88165e-05 -5.16511e-05  1.91862e-05 -0.000100984 -3.65678e-05 -3.39695e-05  4.97669e-06  2.88294e-05  -3.6363e-05 -4.54943e-05 -6.63069e-06 -5.56612e-05  1.94992e-05  0.000119692 -2.85389e-05  4.07679e-05  1.15689e-05   5.1274e-05  -4.1106e-05  0.000161223 -2.47034e-05 -4.95515e-05  1.39576e-06  1.80836e-05 -4.32773e-05  4.68651e-05  2.99566e-05  4.40441e-05 -4.61458e-05 -4.46415e-05  3.83556e-06  -4.6037e-05  1.22948e-06  3.90911e-05 -3.00619e-05  -2.6628e-05  2.07339e-05 -6.21068e-05  -1.6925e-06   3.0747e-05 -3.77279e-05 -3.78819e-05  6.34856e-05  8.78049e-06  2.58808e-05 -5.02948e-05   1.0431e-05  3.98427e-05  3.16234e-05 -4.37138e-06  1.48411e-05  -7.2336e-05  -4.0941e-05   3.2229e-05  3.97219e-05
 -0.00569436 -0.000549205 -0.000144157  0.000147528  7.60265e-05 -0.000185074 -0.000466986 -8.13649e-05  0.000180154 -0.000168502 -0.000126923  -0.00016355 -0.000270069 -9.89491e-05  0.000212765  4.38719e-06 -0.000195416  5.06352e-05  9.96172e-05 -7.64487e-05 -4.02194e-05 -6.63635e-05 -5.66228e-05 -0.000107118  0.000109641 -1.85955e-05  6.97061e-05  4.71517e-05  6.90633e-05  0.000109551  -2.5691e-05  6.81222e-05 -9.22729e-05  6.30498e-05 -0.000150723  0.000114604  5.27513e-06 -0.000124626 -4.29435e-05 -3.00717e-05  0.000222504 -7.34434e-06  0.000153973  5.88962e-05  0.000105495  2.14446e-06  9.50382e-06 -1.80256e-05  0.000130184 -9.37565e-06 -5.15119e-05 -1.30734e-05 -1.97986e-05 -0.000141675 -9.69723e-05 -1.16799e-05  9.09414e-05  -0.00011134  4.16758e-05 -1.23165e-06 -8.77949e-05  2.21582e-05  9.79415e-06  6.71352e-05 -4.94895e-05 -0.000202613 -8.42234e-05 -7.40244e-05  5.08299e-05 -9.07534e-05  0.000112289 -0.000206651  5.39856e-05  3.97325e-05  5.94904e-05  6.84982e-05 -9.11782e-05 -0.000239412 -4.13616e-05 -1.31443e-05  0.000154162  7.40297e-05 -4.87035e-05  2.74151e-05 -3.02454e-05  0.000118301  5.73751e-05  0.000135258   1.3976e-05  3.05462e-05 -8.47259e-05  4.56959e-05 -8.95345e-05 -2.99748e-06   2.0637e-05  0.000106085  0.000166775 -6.33657e-05  0.000127183  7.19596e-05 -6.65126e-05  1.16734e-05  1.57998e-05  9.10893e-05 -0.000126138  3.95594e-05  4.42462e-05 -0.000163677 -0.000105824  4.04601e-05  0.000111063 -4.12551e-05   0.00021714  7.86299e-05  7.30428e-05 -1.07011e-05 -6.19905e-05  7.81896e-05   9.7824e-05  1.42576e-05  0.000119685 -4.19282e-05 -0.000257367  6.13658e-05 -8.76613e-05  -2.4876e-05 -0.000110252  8.83882e-05 -0.000346669  5.31185e-05  0.000106548 -3.00123e-06 -3.88842e-05   9.3057e-05 -0.000100772 -6.44141e-05 -9.47059e-05  9.92249e-05  9.59904e-05 -8.24741e-06  9.89911e-05 -2.64368e-06 -8.40555e-05  6.46406e-05  5.72569e-05  -4.4583e-05  0.000133545  3.63929e-06 -6.61137e-05  8.11243e-05  8.14556e-05  -0.00013651 -1.88803e-05 -5.56501e-05  0.000108146 -2.24292e-05 -8.56718e-05 -6.79981e-05  9.39955e-06  -3.1912e-05   0.00015554  8.80334e-05 -6.93003e-05 -8.54119e-05
-0.000117417 -1.13245e-05 -2.97249e-06  3.04199e-06  1.56765e-06  -3.8162e-06 -9.62918e-06 -1.67773e-06  3.71475e-06 -3.47449e-06 -2.61713e-06 -3.37238e-06 -5.56878e-06 -2.04032e-06  4.38719e-06  9.04631e-08 -4.02945e-06  1.04409e-06  2.05409e-06 -1.57636e-06 -8.29318e-07 -1.36841e-06 -1.16755e-06 -2.20876e-06  2.26078e-06 -3.83437e-07  1.43733e-06  9.72261e-07  1.42408e-06  2.25893e-06 -5.29745e-07  1.40467e-06 -1.90265e-06  1.30008e-06 -3.10789e-06  2.36312e-06  1.08772e-07 -2.56978e-06 -8.85489e-07 -6.20074e-07  4.58801e-06 -1.51439e-07   3.1749e-06  1.21443e-06  2.17529e-06  4.42184e-08  1.95967e-07 -3.71685e-07  2.68437e-06 -1.93324e-07 -1.06217e-06 -2.69572e-07 -4.08243e-07 -2.92132e-06 -1.99955e-06 -2.40837e-07   1.8752e-06 -2.29582e-06  8.59348e-07 -2.53963e-08 -1.81032e-06  4.56899e-07  2.01954e-07  1.38432e-06 -1.02047e-06 -4.17784e-06 -1.73667e-06 -1.52637e-06   1.0481e-06 -1.87132e-06  2.31539e-06 -4.26111e-06  1.11317e-06  8.19279e-07  1.22668e-06  1.41242e-06 -1.88008e-06 -4.93664e-06  -8.5287e-07 -2.71033e-07   3.1788e-06  1.52648e-06 -1.00426e-06  5.65295e-07 -6.23655e-07  2.43935e-06  1.18307e-06    2.789e-06  2.88184e-07  6.29857e-07 -1.74704e-06  9.42241e-07 -1.84619e-06 -6.18076e-08  4.25532e-07  2.18745e-06  3.43888e-06 -1.30659e-06   2.6225e-06   1.4838e-06 -1.37148e-06  2.40704e-07  3.25789e-07  1.87825e-06 -2.60094e-06  8.15708e-07  9.12349e-07 -3.37499e-06 -2.18208e-06  8.34281e-07   2.2901e-06 -8.50674e-07  4.47739e-06  1.62134e-06  1.50613e-06 -2.20656e-07 -1.27823e-06  1.61226e-06  2.01712e-06   2.9399e-07   2.4679e-06 -8.64552e-07 -5.30686e-06  1.26535e-06 -1.80756e-06  -5.1294e-07 -2.27338e-06  1.82255e-06 -7.14826e-06   1.0953e-06    2.197e-06 -6.18849e-08 -8.01786e-07  1.91882e-06  -2.0779e-06 -1.32821e-06 -1.95282e-06    2.046e-06  1.97931e-06  -1.7006e-07  2.04118e-06 -5.45123e-08 -1.73321e-06  1.33288e-06  1.18063e-06 -9.19293e-07  2.75368e-06  7.50416e-08 -1.36325e-06  1.67277e-06   1.6796e-06 -2.81481e-06 -3.89308e-07  -1.1475e-06  2.22996e-06 -4.62487e-07 -1.76654e-06 -1.40211e-06  1.93817e-07  -6.5802e-07  3.20722e-06  1.81524e-06 -1.42896e-06 -1.76118e-06
  0.00523004  0.000504422  0.000132402 -0.000135498 -6.98272e-05  0.000169983  0.000428908  7.47303e-05 -0.000165464  0.000154762  0.000116573  0.000150214  0.000248047  9.08807e-05 -0.000195416 -4.02945e-06  0.000179482 -4.65064e-05 -9.14944e-05   7.0215e-05  3.69399e-05  6.09522e-05  5.20057e-05  9.83838e-05 -0.000100701  1.70792e-05 -6.40222e-05 -4.33069e-05 -6.34319e-05 -0.000100618  2.35962e-05 -6.25674e-05  8.47489e-05 -5.79086e-05  0.000138433 -0.000105259 -4.84499e-06  0.000114464  3.94419e-05  2.76196e-05 -0.000204361  6.74548e-06 -0.000141418 -5.40937e-05 -9.68928e-05  -1.9696e-06 -8.72887e-06  1.65558e-05 -0.000119569  8.61115e-06  4.73116e-05  1.20074e-05  1.81842e-05  0.000130123  8.90651e-05  1.07275e-05  -8.3526e-05  0.000102262 -3.82775e-05  1.13122e-06   8.0636e-05 -2.03514e-05 -8.99552e-06 -6.16609e-05  4.54541e-05  0.000186092  7.73557e-05  6.79884e-05 -4.66852e-05  8.33533e-05 -0.000103133    0.0001898 -4.95836e-05 -3.64927e-05 -5.46395e-05 -6.29128e-05  8.37434e-05   0.00021989  3.79889e-05  1.20725e-05 -0.000141592 -6.79933e-05  4.47322e-05 -2.51796e-05  2.77791e-05 -0.000108655 -5.26967e-05 -0.000124229 -1.28364e-05 -2.80554e-05  7.78173e-05 -4.19698e-05  8.22338e-05  2.75306e-06 -1.89543e-05 -9.74346e-05 -0.000153176  5.81988e-05 -0.000116813  -6.6092e-05  6.10891e-05 -1.07216e-05 -1.45114e-05 -8.36618e-05  0.000115852 -3.63337e-05 -4.06383e-05   0.00015033  9.71951e-05 -3.71609e-05 -0.000102007  3.78911e-05 -0.000199434 -7.22183e-05 -6.70868e-05  9.82855e-06  5.69357e-05  -7.1814e-05 -8.98474e-05 -1.30951e-05 -0.000109926  3.85093e-05  0.000236381 -5.63619e-05  8.05133e-05  2.28476e-05  0.000101262 -8.11809e-05  0.000318401 -4.87872e-05   -9.786e-05  2.75651e-06  3.57136e-05 -8.54691e-05  9.25546e-05  5.91617e-05  8.69835e-05  -9.1134e-05 -8.81633e-05  7.57491e-06 -9.09192e-05  2.42811e-06  7.72016e-05 -5.93697e-05 -5.25881e-05  4.09476e-05 -0.000122656 -3.34254e-06  6.07228e-05 -7.45093e-05 -7.48136e-05  0.000125379  1.73407e-05  5.11123e-05 -9.93281e-05  2.06003e-05  7.86861e-05  6.24535e-05 -8.63311e-06  2.93099e-05 -0.000142857 -8.08551e-05  6.36495e-05  7.84474e-05
 -0.00135518 -0.000130703 -3.43073e-05  3.51095e-05  1.80933e-05 -4.40451e-05 -0.000111136 -1.93637e-05  4.28742e-05 -4.01012e-05 -3.02059e-05 -3.89228e-05 -6.42727e-05 -2.35485e-05  5.06352e-05  1.04409e-06 -4.65064e-05  1.20505e-05  2.37075e-05 -1.81937e-05 -9.57168e-06 -1.57936e-05 -1.34755e-05 -2.54927e-05   2.6093e-05 -4.42549e-06  1.65891e-05  1.12215e-05  1.64361e-05  2.60717e-05 -6.11412e-06  1.62121e-05 -2.19597e-05   1.5005e-05 -3.58701e-05  2.72742e-05  1.25541e-06 -2.96594e-05   -1.022e-05 -7.15666e-06   5.2953e-05 -1.74785e-06  3.66435e-05  1.40165e-05  2.51064e-05  5.10352e-07  2.26178e-06 -4.28984e-06   3.0982e-05 -2.23128e-06 -1.22591e-05  -3.1113e-06 -4.71179e-06 -3.37167e-05 -2.30781e-05 -2.77965e-06  2.16428e-05 -2.64975e-05  9.91827e-06 -2.93115e-07  -2.0894e-05  5.27336e-06  2.33087e-06  1.59773e-05 -1.17778e-05 -4.82191e-05  -2.0044e-05 -1.76168e-05  1.20968e-05 -2.15981e-05  2.67233e-05 -4.91801e-05  1.28478e-05   9.4558e-06  1.41579e-05  1.63016e-05 -2.16992e-05 -5.69769e-05  -9.8435e-06 -3.12816e-06  3.66885e-05  1.76181e-05 -1.15908e-05  6.52441e-06 -7.19798e-06  2.81541e-05  1.36545e-05  3.21896e-05  3.32611e-06  7.26957e-06 -2.01636e-05   1.0875e-05  -2.1308e-05  -7.1336e-07  4.91133e-06  2.52467e-05  3.96902e-05 -1.50802e-05  3.02679e-05  1.71254e-05 -1.58291e-05  2.77811e-06  3.76013e-06   2.1678e-05 -3.00191e-05   9.4146e-06    1.053e-05 -3.89529e-05 -2.51847e-05  9.62895e-06  2.64314e-05 -9.81815e-06  5.16763e-05  1.87128e-05  1.73832e-05 -2.54672e-06 -1.47529e-05  1.86081e-05  2.32808e-05  3.39312e-06  2.84835e-05 -9.97833e-06 -6.12497e-05  1.46042e-05 -2.08622e-05 -5.92015e-06 -2.62385e-05  2.10352e-05 -8.25025e-05  1.26415e-05   2.5357e-05 -7.14252e-07 -9.25391e-06  2.21463e-05 -2.39823e-05 -1.53297e-05 -2.25387e-05  2.36142e-05  2.28444e-05 -1.96277e-06  2.35585e-05  -6.2916e-07 -2.00041e-05  1.53836e-05  1.36264e-05 -1.06101e-05  3.17819e-05  8.66102e-07 -1.57342e-05  1.93065e-05  1.93853e-05 -3.24875e-05 -4.49324e-06  -1.3244e-05  2.57374e-05 -5.33785e-06 -2.03887e-05 -1.61826e-05  2.23697e-06 -7.59462e-06  3.70165e-05  2.09508e-05 -1.64925e-05 -2.03269e-05
