    0.127624    0.0124262   0.00311906  -0.00330266  -0.00172288    0.0041685    0.0103477   0.00182922  -0.00396429   0.00371417   0.00289884   0.00360494   0.00599138   0.00218799  -0.00470041 -7.76389e-05   0.00435327   -0.0011745  -0.00220657   0.00168638  0.000821354   0.00148473   0.00126489   0.00236707  -0.00241888  0.000374267  -0.00148232  -0.00104782  -0.00152576   -0.0024463  0.000521418  -0.00149101   0.00206326  -0.00140498   0.00334823  -0.00251666 -9.16787e-05   0.00271731  0.000947982  0.000693666  -0.00494554  0.000208916  -0.00340498  -0.00134881  -0.00239682  4.04184e-05 -0.000163149  0.000377103  -0.00288553  0.000245729   0.00115701  0.000293589   0.00048436   0.00319491    0.0021647  0.000265272  -0.00204289   0.00247334 -0.000960603  2.87509e-06   0.00191661 -0.000454452 -0.000171978  -0.00147231   0.00107102   0.00449438   0.00184917   0.00154819    -0.001098   0.00199258   -0.0024413   0.00459159  -0.00120858 -0.000826519  -0.00123321  -0.00151116    0.0020042   0.00530576  0.000920811  0.000314138  -0.00334915   -0.0015868   0.00107488  -0.00059492  0.000628045  -0.00260503  -0.00125079  -0.00300882  -0.00028775 -0.000644996   0.00186824 -0.000960017   0.00199569  0.000111894 -0.000390064   -0.0023033  -0.00368426   0.00141096  -0.00278527  -0.00161981   0.00142127 -0.000205549  -0.00032732  -0.00200884   0.00272421 -0.000926494  -0.00100433   0.00364291    0.0023942 -0.000859493  -0.00249072  0.000917626  -0.00475524  -0.00179143  -0.00164437  0.000262609   0.00135481  -0.00170346  -0.00212379 -0.000228318  -0.00254833  0.000905172   0.00575962  -0.00136048   0.00198986  0.000558767   0.00239858  -0.00193529   0.00756883   -0.0011262  -0.00236197  4.14946e-05  0.000931521  -0.00204848   0.00216752    0.0014147   0.00212359  -0.00216971  -0.00216114  0.000159362  -0.00225641  5.37312e-05   0.00184898  -0.00138845  -0.00125289    0.0010025  -0.00298734 -6.08463e-05   0.00145899  -0.00175631   -0.0018133   0.00303608   0.00039229   0.00126344   -0.0023876  0.000497141   0.00191268     0.001524 -0.000205964  0.000762343  -0.00343745  -0.00197153   0.00152166   0.00181237
   0.0124262   0.00120989   0.00030369 -0.000321567  -0.00016775   0.00040587   0.00100751  0.000178103 -0.000385987  0.000361634  0.000282248  0.000350998  0.000583356  0.000213036  -0.00045766 -7.55939e-06   0.00042386 -0.000114357 -0.000214844  0.000164196  7.99719e-05  0.000144563  0.000123157  0.000230472 -0.000235517  3.64408e-05 -0.000144327 -0.000102022 -0.000148558 -0.000238186  5.07684e-05 -0.000145174  0.000200891 -0.000136798  0.000326004 -0.000245037 -8.92638e-06  0.000264574  9.23011e-05  6.75394e-05 -0.000481527  2.03413e-05 -0.000331529 -0.000131328 -0.000233368  3.93537e-06 -1.58852e-05   3.6717e-05 -0.000280952  2.39257e-05  0.000112653  2.85856e-05  4.71601e-05  0.000311075  0.000210768  2.58285e-05 -0.000198908  0.000240819   -9.353e-05  2.79936e-07  0.000186613 -4.42482e-05 -1.67448e-05 -0.000143353  0.000104281  0.000437599  0.000180047  0.000150741 -0.000106908  0.000194009   -0.0002377  0.000447064 -0.000117674 -8.04748e-05 -0.000120072 -0.000147135  0.000195141    0.0005166  8.96556e-05  3.05864e-05 -0.000326093   -0.0001545  0.000104657  -5.7925e-05  6.11502e-05 -0.000253641 -0.000121785 -0.000292957  -2.8017e-05 -6.28007e-05  0.000181903 -9.34729e-05  0.000194312  1.08947e-05 -3.79789e-05 -0.000224263 -0.000358722   0.00013738  -0.00027119 -0.000157714  0.000138383 -2.00135e-05 -3.18698e-05 -0.000195592  0.000265246  -9.0209e-05 -9.77871e-05  0.000354695  0.000233114 -8.36853e-05 -0.000242511  8.93455e-05 -0.000462999 -0.000174424 -0.000160106  2.55692e-05  0.000131913 -0.000165859 -0.000206785 -2.22304e-05 -0.000248121  8.81329e-05  0.000560791 -0.000132464  0.000193745  5.44049e-05   0.00023354 -0.000188431  0.000736946 -0.000109654 -0.000229975  4.04016e-06  9.06984e-05 -0.000199452  0.000211042  0.000137744  0.000206765 -0.000211256 -0.000210421  1.55164e-05 -0.000219697  5.23159e-06  0.000180028 -0.000135188 -0.000121989   9.7609e-05 -0.000290865 -5.92435e-06  0.000142056 -0.000171005 -0.000176553  0.000295611  3.81957e-05  0.000123016 -0.000232471  4.84045e-05   0.00018623  0.000148386 -2.00539e-05  7.42262e-05 -0.000334691  -0.00019196  0.000148158  0.000176463
  0.00311906   0.00030369  7.62282e-05 -8.07154e-05 -4.21063e-05  0.000101876  0.000252892  4.47051e-05 -9.68853e-05  9.07724e-05  7.08461e-05  8.81028e-05  0.000146426  5.34734e-05 -0.000114876 -1.89746e-06  0.000106392 -2.87043e-05 -5.39273e-05  4.12143e-05  2.00735e-05  3.62862e-05  3.09132e-05    5.785e-05 -5.91163e-05  9.14689e-06 -3.62271e-05 -2.56082e-05 -3.72889e-05 -5.97862e-05  1.27432e-05 -3.64396e-05  5.04251e-05 -3.43371e-05  8.18291e-05 -6.15059e-05 -2.24058e-06  6.64098e-05  2.31682e-05  1.69528e-05 -0.000120866   5.1058e-06 -8.32159e-05 -3.29643e-05  -5.8577e-05  9.87804e-07 -3.98728e-06   9.2162e-06 -7.05209e-05   6.0055e-06  2.82766e-05  7.17517e-06  1.18375e-05   7.8082e-05  5.29043e-05  6.48312e-06 -4.99271e-05  6.04471e-05 -2.34766e-05  7.02658e-08  4.68411e-05 -1.11066e-05 -4.20307e-06 -3.59825e-05  2.61752e-05   0.00010984  4.51929e-05  3.78369e-05 -2.68345e-05  4.86975e-05 -5.96642e-05  0.000112216  -2.9537e-05 -2.01997e-05  -3.0139e-05 -3.69319e-05  4.89816e-05   0.00012967  2.25041e-05  7.67738e-06 -8.18514e-05 -3.87805e-05  2.62695e-05 -1.45395e-05  1.53491e-05 -6.36655e-05 -3.05688e-05 -7.35341e-05 -7.03245e-06 -1.57634e-05  4.56588e-05 -2.34623e-05  4.87736e-05  2.73464e-06 -9.53295e-06 -5.62914e-05 -9.00415e-05  3.44832e-05 -6.80705e-05 -3.95873e-05  3.47351e-05 -5.02351e-06 -7.99953e-06  -4.9095e-05  6.65784e-05  -2.2643e-05 -2.45452e-05  8.90308e-05  5.85131e-05 -2.10056e-05 -6.08719e-05  2.24263e-05 -0.000116216 -4.37815e-05 -4.01875e-05  6.41803e-06  3.31109e-05 -4.16316e-05 -5.19043e-05 -5.57996e-06 -6.22799e-05  2.21219e-05  0.000140762 -3.32495e-05  4.86312e-05   1.3656e-05  5.86199e-05 -4.72974e-05  0.000184978 -2.75238e-05 -5.77253e-05  1.01411e-06  2.27659e-05 -5.00637e-05   5.2973e-05  3.45745e-05  5.18994e-05 -5.30266e-05 -5.28172e-05  3.89473e-06 -5.51455e-05  1.31316e-06  4.51881e-05 -3.39331e-05 -3.06201e-05  2.45005e-05  -7.3009e-05 -1.48705e-06  3.56569e-05 -4.29233e-05 -4.43161e-05  7.42003e-05  9.58736e-06  3.08777e-05 -5.83517e-05  1.21499e-05  4.67449e-05  3.72458e-05 -5.03366e-06  1.86313e-05 -8.40096e-05 -4.81832e-05  3.71886e-05  4.42933e-05
 -0.00330266 -0.000321567 -8.07154e-05  8.54668e-05  4.45849e-05 -0.000107873 -0.000267778 -4.73367e-05  0.000102588 -9.61157e-05 -7.50165e-05  -9.3289e-05 -0.000155046 -5.66211e-05  0.000121638  2.00915e-06 -0.000112654  3.03939e-05  5.71018e-05 -4.36404e-05 -2.12551e-05 -3.84222e-05 -3.27329e-05 -6.12553e-05  6.25962e-05 -9.68533e-06  3.83597e-05  2.71156e-05  3.94839e-05  6.33056e-05 -1.34933e-05  3.85846e-05 -5.33933e-05  3.63584e-05  -8.6646e-05  6.51265e-05  2.37247e-06  -7.0319e-05  -2.4532e-05 -1.79508e-05  0.000127981 -5.40635e-06  8.81144e-05  3.49047e-05  6.20251e-05 -1.04595e-06  4.22199e-06 -9.75871e-06  7.46721e-05 -6.35902e-06 -2.99411e-05 -7.59754e-06 -1.25343e-05 -8.26783e-05 -5.60185e-05 -6.86475e-06  5.28661e-05 -6.40053e-05  2.48586e-05 -7.44021e-08 -4.95984e-05  1.17604e-05  4.45048e-06  3.81006e-05 -2.77161e-05 -0.000116306 -4.78532e-05 -4.00642e-05  2.84142e-05 -5.15641e-05  6.31763e-05 -0.000118822  3.12757e-05  2.13888e-05  3.19131e-05  3.91059e-05 -5.18649e-05 -0.000137303 -2.38289e-05 -8.12931e-06  8.66696e-05  4.10634e-05 -2.78159e-05  1.53954e-05 -1.62526e-05  6.74132e-05  3.23682e-05  7.78627e-05  7.44642e-06  1.66913e-05 -4.83465e-05  2.48434e-05 -5.16446e-05 -2.89562e-06  1.00941e-05   5.9605e-05  9.53418e-05  -3.6513e-05  7.20774e-05  4.19177e-05 -3.67798e-05  5.31922e-06  8.47042e-06   5.1985e-05 -7.04976e-05  2.39759e-05  2.59901e-05 -9.42716e-05 -6.19575e-05  2.22421e-05  6.44551e-05 -2.37464e-05  0.000123057  4.63587e-05  4.25532e-05 -6.79583e-06   -3.506e-05  4.40822e-05  5.49597e-05  5.90843e-06   6.5946e-05 -2.34241e-05 -0.000149048  3.52067e-05 -5.14939e-05 -1.44598e-05 -6.20706e-05  5.00815e-05 -0.000195867   2.9144e-05  6.11233e-05  -1.0738e-06  -2.4106e-05  5.30107e-05 -5.60913e-05 -3.66098e-05 -5.49544e-05  5.61481e-05  5.59263e-05 -4.12399e-06  5.83916e-05 -1.39046e-06 -4.78481e-05  3.59306e-05  3.24226e-05 -2.59427e-05  7.73067e-05  1.57459e-06 -3.77558e-05    4.545e-05  4.69248e-05 -7.85681e-05 -1.01517e-05 -3.26953e-05  6.17865e-05 -1.28651e-05 -4.94965e-05 -3.94383e-05  5.32996e-06  -1.9728e-05  8.89548e-05  5.10195e-05 -3.93777e-05 -4.69006e-05
 -0.00172288  -0.00016775 -4.21063e-05  4.45849e-05  2.32583e-05 -5.62735e-05  -0.00013969 -2.46938e-05  5.35167e-05 -5.01401e-05 -3.91334e-05 -4.86655e-05 -8.08817e-05 -2.95372e-05   6.3454e-05   1.0481e-06 -5.87677e-05  1.58554e-05  2.97879e-05 -2.27656e-05  -1.1088e-05 -2.00435e-05 -1.70756e-05 -3.19547e-05  3.26542e-05 -5.05249e-06  2.00109e-05  1.41453e-05  2.05973e-05  3.30242e-05 -7.03898e-06  2.01282e-05 -2.78534e-05  1.89668e-05 -4.52001e-05  3.39741e-05  1.23763e-06 -3.66829e-05 -1.27975e-05 -9.36427e-06  6.67632e-05  -2.8203e-06  4.59661e-05  1.82085e-05  3.23563e-05 -5.45635e-07  2.20246e-06 -5.09077e-06  3.89538e-05 -3.31727e-06 -1.56192e-05 -3.96336e-06  -6.5387e-06 -4.31303e-05 -2.92228e-05 -3.58109e-06  2.75783e-05 -3.33893e-05  1.29678e-05 -3.88129e-08 -2.58737e-05  6.13496e-06  2.32166e-06  1.98757e-05 -1.44585e-05 -6.06727e-05 -2.49633e-05 -2.09001e-05  1.48226e-05 -2.68991e-05  3.29568e-05  -6.1985e-05  1.63154e-05  1.11577e-05  1.66479e-05  2.04002e-05 -2.70561e-05 -7.16261e-05 -1.24307e-05 -4.24077e-06  4.52124e-05  2.14213e-05 -1.45105e-05  8.03124e-06 -8.47842e-06   3.5167e-05  1.68853e-05  4.06182e-05  3.88453e-06  8.70725e-06 -2.52206e-05  1.29599e-05 -2.69412e-05 -1.51054e-06  5.26573e-06  3.10938e-05  4.97364e-05 -1.90475e-05  3.76002e-05  2.18669e-05 -1.91867e-05  2.77484e-06  4.41871e-06  2.71187e-05  -3.6776e-05  1.25074e-05  1.35581e-05 -4.91781e-05  -3.2321e-05  1.16029e-05  3.36239e-05 -1.23877e-05  6.41943e-05  2.41837e-05  2.21985e-05 -3.54514e-06 -1.82895e-05  2.29961e-05  2.86705e-05  3.08222e-06  3.44017e-05 -1.22195e-05 -7.77531e-05  1.83661e-05 -2.68625e-05 -7.54318e-06   -3.238e-05  2.61257e-05 -0.000102177  1.52034e-05  3.18858e-05 -5.60164e-07 -1.25752e-05  2.76538e-05 -2.92608e-05  -1.9098e-05 -2.86677e-05  2.92904e-05  2.91747e-05 -2.15134e-06  3.04608e-05 -7.25355e-07 -2.49606e-05  1.87437e-05  1.69137e-05 -1.35334e-05  4.03281e-05  8.21405e-07 -1.96959e-05  2.37096e-05   2.4479e-05 -4.09861e-05 -5.29579e-06  -1.7056e-05  3.22318e-05 -6.71124e-06 -2.58206e-05 -2.05735e-05  2.78045e-06 -1.02914e-05  4.64045e-05   2.6615e-05 -2.05419e-05 -2.44664e-05
   0.0041685   0.00040587  0.000101876 -0.000107873 -5.62735e-05  0.000136154   0.00033798  5.97467e-05 -0.000129483  0.000121314  9.46831e-05  0.000117746  0.000195693  7.14651e-05 -0.000153527 -2.53588e-06  0.000142188 -3.83621e-05 -7.20718e-05  5.50813e-05  2.68274e-05  4.84951e-05  4.13143e-05  7.73143e-05 -7.90066e-05  1.22245e-05 -4.84162e-05 -3.42244e-05 -4.98352e-05  -7.9902e-05  1.70308e-05 -4.87001e-05  6.73912e-05 -4.58902e-05  0.000109361 -8.22003e-05 -2.99445e-06  8.87541e-05  3.09634e-05  2.26568e-05 -0.000161533  6.82371e-06 -0.000111215 -4.40555e-05 -7.82859e-05  1.32016e-06 -5.32885e-06  1.23171e-05 -9.42485e-05  8.02612e-06  3.77906e-05  9.58935e-06  1.58204e-05  0.000104354  7.07045e-05  8.66444e-06 -6.67257e-05  8.07852e-05 -3.13756e-05  9.39076e-08  6.26013e-05 -1.48435e-05 -5.61724e-06 -4.80892e-05  3.49822e-05  0.000146797  6.03985e-05  5.05676e-05 -3.58633e-05  6.50824e-05 -7.97389e-05  0.000149972 -3.94751e-05 -2.69961e-05 -4.02796e-05 -4.93581e-05   6.5462e-05  0.000173299  3.00759e-05  1.02605e-05 -0.000109391 -5.18287e-05  3.51082e-05 -1.94315e-05  2.05135e-05 -8.50865e-05  -4.0854e-05 -9.82755e-05  -9.3986e-06 -2.10672e-05  6.10212e-05 -3.13565e-05   6.5184e-05  3.65475e-06 -1.27404e-05 -7.52313e-05 -0.000120337  4.60854e-05 -9.09736e-05  -5.2907e-05  4.64222e-05 -6.71373e-06 -1.06911e-05 -6.56136e-05  8.89795e-05 -3.02616e-05 -3.28037e-05  0.000118986  7.82005e-05 -2.80731e-05 -8.13529e-05  2.99719e-05 -0.000155318 -5.85123e-05 -5.37091e-05  8.57745e-06  4.42515e-05  -5.5639e-05 -6.93682e-05 -7.45741e-06 -8.32347e-05  2.95651e-05  0.000188123 -4.44366e-05  6.49938e-05  1.82507e-05  7.83433e-05 -6.32111e-05  0.000247216 -3.67845e-05 -7.71476e-05  1.35531e-06  3.04257e-05 -6.69082e-05  7.07964e-05  4.62075e-05  6.93615e-05 -7.08681e-05 -7.05881e-05  5.20515e-06 -7.36998e-05  1.75499e-06  6.03922e-05 -4.53503e-05 -4.09226e-05   3.2744e-05 -9.75737e-05 -1.98739e-06  4.76541e-05 -5.73653e-05 -5.92267e-05  9.91658e-05  1.28131e-05  4.12669e-05 -7.79848e-05  1.62378e-05  6.24727e-05  4.97775e-05 -6.72729e-06     2.49e-05 -0.000112276  -6.4395e-05  4.97012e-05  5.91963e-05
   0.0103477   0.00100751  0.000252892 -0.000267778  -0.00013969   0.00033798  0.000838983  0.000148312 -0.000321423  0.000301143  0.000235036  0.000292286  0.000485778  0.000177401 -0.000381107 -6.29492e-06  0.000352961 -9.52281e-05 -0.000178907  0.000136731  6.65949e-05  0.000120381  0.000102556  0.000191921 -0.000196122  3.03454e-05 -0.000120186 -8.49567e-05 -0.000123708 -0.000198344  4.22763e-05  -0.00012089  0.000167288 -0.000113915  0.000271473 -0.000204049 -7.43326e-06  0.000220318  7.68618e-05   5.6242e-05 -0.000400982  1.69388e-05 -0.000276074 -0.000109361 -0.000194333   3.2771e-06  -1.3228e-05  3.05753e-05 -0.000233957  1.99236e-05  9.38093e-05  2.38041e-05  3.92716e-05  0.000259042  0.000175513  2.15081e-05 -0.000165636  0.000200537 -7.78852e-05  2.33111e-07  0.000155398 -3.68467e-05 -1.39439e-05 -0.000119374  8.68379e-05  0.000364402   0.00014993  0.000125526 -8.90252e-05  0.000161557 -0.000197939  0.000372283 -9.79908e-05 -6.70137e-05 -9.99878e-05 -0.000122524  0.000162499  0.000430188  7.46589e-05  2.54702e-05 -0.000271547 -0.000128657  8.71507e-05 -4.82358e-05  5.09216e-05 -0.000211214 -0.000101414 -0.000243954 -2.33306e-05  -5.2296e-05  0.000151476 -7.78376e-05  0.000161809  9.07234e-06 -3.16261e-05  -0.00018675 -0.000298718    0.0001144 -0.000225828 -0.000131333  0.000115236 -1.66658e-05 -2.65389e-05 -0.000162875  0.000220878 -7.51196e-05 -8.14302e-05  0.000295365  0.000194121 -6.96872e-05 -0.000201946  7.44006e-05 -0.000385552 -0.000145248 -0.000133325  2.12922e-05  0.000109847 -0.000138115 -0.000172196 -1.85119e-05 -0.000206617  7.33908e-05  0.000466987 -0.000110307  0.000161337  4.53045e-05  0.000194475 -0.000156912  0.000613676 -9.13118e-05 -0.000191507  3.36436e-06  7.55272e-05 -0.000166089  0.000175741  0.000114703  0.000172179 -0.000175919 -0.000175224   1.2921e-05 -0.000182948   4.3565e-06  0.000149914 -0.000112575 -0.000101584  8.12819e-05 -0.000242212 -4.93338e-06  0.000118294 -0.000142401 -0.000147021  0.000246164  3.18066e-05  0.000102439 -0.000193585  4.03079e-05  0.000155079  0.000123565 -1.66995e-05  6.18103e-05 -0.000278707 -0.000159851  0.000123375  0.000146946
  0.00182922  0.000178103  4.47051e-05 -4.73367e-05 -2.46938e-05  5.97467e-05  0.000148312  2.62179e-05 -5.68197e-05  5.32347e-05  4.15487e-05  5.16691e-05  8.58737e-05  3.13602e-05 -6.73704e-05 -1.11279e-06  6.23949e-05  -1.6834e-05 -3.16264e-05  2.41707e-05  1.17724e-05  2.12805e-05  1.81295e-05  3.39269e-05 -3.46696e-05  5.36432e-06 -2.12459e-05 -1.50183e-05 -2.18686e-05 -3.50625e-05  7.47342e-06 -2.13705e-05  2.95725e-05 -2.01375e-05  4.79898e-05  -3.6071e-05 -1.31402e-06  3.89469e-05  1.35873e-05  9.94222e-06 -7.08838e-05  2.99437e-06 -4.88031e-05 -1.93324e-05 -3.43533e-05  5.79311e-07  -2.3384e-06  5.40497e-06  -4.1358e-05  3.52201e-06  1.65832e-05  4.20798e-06  6.94227e-06  4.57923e-05  3.10264e-05  3.80212e-06 -2.92805e-05    3.545e-05 -1.37682e-05  4.12084e-08  2.74706e-05 -6.51361e-06 -2.46495e-06 -2.11024e-05  1.53508e-05  6.44173e-05   2.6504e-05    2.219e-05 -1.57375e-05  2.85593e-05 -3.49909e-05  6.58107e-05 -1.73224e-05 -1.18464e-05 -1.76754e-05 -2.16592e-05  2.87259e-05  7.60468e-05  1.31979e-05  4.50251e-06 -4.80029e-05 -2.27434e-05  1.54061e-05 -8.52692e-06   9.0017e-06 -3.73375e-05 -1.79275e-05 -4.31251e-05 -4.12428e-06 -9.24465e-06  2.67772e-05 -1.37598e-05  2.86039e-05  1.60377e-06 -5.59073e-06 -3.30129e-05 -5.28061e-05  2.02231e-05 -3.99209e-05 -2.32166e-05  2.03709e-05 -2.94611e-06 -4.69143e-06 -2.87924e-05  3.90458e-05 -1.32793e-05 -1.43949e-05  5.22134e-05  3.43158e-05  -1.2319e-05 -3.56992e-05  1.31522e-05 -6.81563e-05 -2.56763e-05 -2.35685e-05  3.76394e-06  1.94184e-05 -2.44154e-05   -3.044e-05 -3.27245e-06 -3.65249e-05  1.29737e-05  8.25519e-05 -1.94996e-05  2.85205e-05  8.00874e-06  3.43785e-05 -2.77382e-05  0.000108483 -1.61417e-05 -3.38538e-05  5.94737e-07  1.33514e-05 -2.93605e-05  3.10668e-05  2.02767e-05  3.04371e-05 -3.10982e-05 -3.09754e-05  2.28412e-06 -3.23408e-05  7.70123e-07  2.65012e-05 -1.99006e-05 -1.79576e-05  1.43687e-05 -4.28171e-05 -8.72102e-07  2.09115e-05  -2.5173e-05 -2.59898e-05  4.35158e-05  5.62264e-06  1.81087e-05 -3.42211e-05  7.12545e-06  2.74142e-05  2.18433e-05 -2.95206e-06  1.09266e-05 -4.92686e-05 -2.82577e-05  2.18098e-05  2.59764e-05
 -0.00396429 -0.000385987 -9.68853e-05  0.000102588  5.35167e-05 -0.000129483 -0.000321423 -5.68197e-05   0.00012314 -0.000115371 -9.00447e-05 -0.000111978 -0.000186106 -6.79641e-05  0.000146006  2.41165e-06 -0.000135223  3.64828e-05  6.85411e-05 -5.23829e-05 -2.55132e-05 -4.61193e-05 -3.92904e-05 -7.35267e-05  7.51362e-05 -1.16256e-05  4.60443e-05  3.25478e-05  4.73938e-05  7.59877e-05 -1.61965e-05  4.63143e-05 -6.40897e-05  4.36421e-05 -0.000104004  7.81734e-05  2.84776e-06 -8.44062e-05 -2.94465e-05 -2.15469e-05   0.00015362 -6.48942e-06  0.000105767  4.18973e-05  7.44507e-05 -1.25549e-06  5.06779e-06 -1.17137e-05  8.96314e-05 -7.63293e-06 -3.59393e-05 -9.11957e-06 -1.50453e-05 -9.92414e-05 -6.72408e-05 -8.23998e-06  6.34569e-05 -7.68277e-05  2.98386e-05 -8.93072e-08 -5.95345e-05  1.41164e-05  5.34205e-06  4.57334e-05 -3.32685e-05 -0.000139606 -5.74397e-05 -4.80904e-05  3.41064e-05 -6.18941e-05  7.58326e-05 -0.000142625  3.75413e-05  2.56736e-05  3.83063e-05  4.69401e-05 -6.22551e-05 -0.000164809 -2.86025e-05 -9.75788e-06  0.000104032  4.92897e-05 -3.33883e-05  1.84796e-05 -1.95086e-05  8.09182e-05  3.88526e-05  9.34611e-05  8.93818e-06  2.00351e-05 -5.80318e-05  2.98204e-05 -6.19907e-05  -3.4757e-06  1.21163e-05  7.15458e-05  0.000114442 -4.38277e-05  8.65169e-05  5.03151e-05  -4.4148e-05  6.38483e-06  1.01673e-05  6.23992e-05 -8.46205e-05  2.87791e-05  3.11967e-05 -0.000113157 -7.43695e-05  2.66979e-05  7.73675e-05 -2.85036e-05  0.000147709  5.56459e-05   5.1078e-05 -8.15725e-06 -4.20836e-05  5.29133e-05  6.59699e-05  7.09208e-06  7.91571e-05 -2.81167e-05 -0.000178907  4.22597e-05 -6.18098e-05 -1.73566e-05 -7.45054e-05  6.01145e-05 -0.000235105  3.49825e-05  7.33682e-05 -1.28892e-06 -2.89352e-05  6.36304e-05 -6.73282e-05 -4.39439e-05 -6.59636e-05  6.73963e-05  6.71301e-05 -4.95016e-06  7.00894e-05 -1.66902e-06 -5.74336e-05  4.31287e-05  3.89178e-05 -3.11399e-05  9.27937e-05  1.89003e-06 -4.53195e-05  5.45551e-05  5.63253e-05 -9.43078e-05 -1.21854e-05 -3.92453e-05  7.41644e-05 -1.54423e-05 -5.94123e-05  -4.7339e-05  6.39773e-06 -2.36801e-05  0.000106775  6.12404e-05 -4.72663e-05 -5.62963e-05
  0.00371417  0.000361634  9.07724e-05 -9.61157e-05 -5.01401e-05  0.000121314  0.000301143  5.32347e-05 -0.000115371  0.000108092  8.43634e-05  0.000104913  0.000174364   6.3676e-05 -0.000136794 -2.25949e-06  0.000126691  -3.4181e-05 -6.42165e-05  4.90779e-05  2.39034e-05  4.32095e-05  3.68114e-05  6.88876e-05 -7.03955e-05  1.08921e-05 -4.31392e-05 -3.04942e-05 -4.44036e-05 -7.11933e-05  1.51746e-05 -4.33922e-05   6.0046e-05 -4.08885e-05  9.74419e-05 -7.32411e-05 -2.66808e-06  7.90806e-05  2.75886e-05  2.01874e-05 -0.000143927  6.07997e-06 -9.90933e-05 -3.92538e-05 -6.97533e-05  1.17627e-06 -4.74805e-06  1.09746e-05 -8.39761e-05  7.15134e-06  3.36717e-05  8.54418e-06  1.40961e-05  9.29798e-05  6.29983e-05  7.72009e-06 -5.94531e-05  7.19803e-05 -2.79559e-05  8.36724e-08  5.57782e-05 -1.32257e-05   -5.005e-06 -4.28479e-05  3.11694e-05  0.000130798  5.38156e-05  4.50561e-05 -3.19545e-05  5.79889e-05  -7.1048e-05  0.000133627 -3.51726e-05 -2.40537e-05 -3.58894e-05 -4.39785e-05  5.83272e-05  0.000154411  2.67979e-05  9.14221e-06 -9.74685e-05 -4.61798e-05  3.12817e-05 -1.73137e-05  1.82777e-05 -7.58127e-05 -3.64012e-05 -8.75643e-05 -8.37423e-06  -1.8771e-05  5.43704e-05 -2.79389e-05  5.80795e-05  3.25641e-06 -1.13518e-05 -6.70317e-05 -0.000107221  4.10625e-05 -8.10581e-05 -4.71405e-05  4.13625e-05 -5.98198e-06 -9.52582e-06 -5.84622e-05  7.92814e-05 -2.69633e-05 -2.92284e-05  0.000106018  6.96772e-05 -2.50134e-05 -7.24861e-05  2.67052e-05 -0.000138389 -5.21349e-05 -4.78552e-05  7.64257e-06  3.94284e-05 -4.95748e-05 -6.18076e-05 -6.64461e-06 -7.41628e-05  2.63427e-05  0.000167619 -3.95934e-05    5.791e-05  1.62615e-05  6.98045e-05 -5.63216e-05  0.000220272 -3.27753e-05 -6.87391e-05   1.2076e-06  2.71096e-05 -5.96157e-05  6.30801e-05  4.11713e-05  6.18016e-05  -6.3144e-05 -6.28946e-05  4.63783e-06 -6.56671e-05  1.56371e-06  5.38099e-05 -4.04075e-05 -3.64623e-05  2.91751e-05 -8.69389e-05 -1.77078e-06  4.24601e-05  -5.1113e-05 -5.27715e-05  8.83575e-05  1.14166e-05  3.67691e-05  -6.9485e-05   1.4468e-05  5.56637e-05  4.43522e-05 -5.99407e-06  2.21861e-05 -0.000100038 -5.73764e-05  4.42841e-05  5.27443e-05
  0.00289884  0.000282248  7.08461e-05 -7.50165e-05 -3.91334e-05  9.46831e-05  0.000235036  4.15487e-05 -9.00447e-05  8.43634e-05   6.5844e-05  8.18823e-05  0.000136088  4.96979e-05 -0.000106765 -1.76349e-06  9.88799e-05 -2.66776e-05 -5.01198e-05  3.83044e-05  1.86562e-05  3.37242e-05  2.87306e-05  5.37655e-05 -5.49424e-05  8.50108e-06 -3.36693e-05 -2.38001e-05 -3.46561e-05  -5.5565e-05  1.18435e-05 -3.38668e-05  4.68648e-05 -3.19127e-05  7.60515e-05 -5.71633e-05 -2.08238e-06  6.17209e-05  2.15324e-05  1.57559e-05 -0.000112333   4.7453e-06 -7.73404e-05 -3.06368e-05 -5.44411e-05   9.1806e-07 -3.70576e-06  8.56549e-06 -6.55418e-05  5.58148e-06  2.62801e-05  6.66857e-06  1.10017e-05   7.2569e-05  4.91689e-05  6.02538e-06  -4.6402e-05  5.61792e-05 -2.18191e-05  6.53047e-08  4.35338e-05 -1.03224e-05 -3.90631e-06 -3.34419e-05  2.43271e-05  0.000102085   4.2002e-05  3.51655e-05 -2.49399e-05  4.52592e-05 -5.54516e-05  0.000104293 -2.74516e-05 -1.87735e-05  -2.8011e-05 -3.43243e-05  4.55232e-05  0.000120515  2.09152e-05  7.13532e-06 -7.60723e-05 -3.60424e-05  2.44148e-05  -1.3513e-05  1.42654e-05 -5.91704e-05 -2.84105e-05 -6.83422e-05 -6.53593e-06 -1.46504e-05   4.2435e-05 -2.18058e-05  4.53299e-05  2.54156e-06 -8.85988e-06 -5.23169e-05 -8.36841e-05  3.20485e-05 -6.32643e-05 -3.67923e-05  3.22827e-05 -4.66882e-06 -7.43472e-06 -4.56286e-05  6.18776e-05 -2.10443e-05 -2.28122e-05  8.27448e-05  5.43818e-05 -1.95225e-05  -5.6574e-05  2.08429e-05  -0.00010801 -4.06903e-05 -3.73501e-05  5.96488e-06  3.07731e-05 -3.86922e-05 -4.82396e-05 -5.18599e-06 -5.78826e-05    2.056e-05  0.000130824 -3.09019e-05  4.51976e-05  1.26918e-05  5.44811e-05 -4.39579e-05  0.000171918 -2.55805e-05 -5.36496e-05  9.42506e-07  2.11585e-05 -4.65289e-05  4.92329e-05  3.21334e-05   4.8235e-05 -4.92827e-05  -4.9088e-05  3.61974e-06 -5.12519e-05  1.22045e-06  4.19976e-05 -3.15373e-05 -2.84582e-05  2.27706e-05 -6.78542e-05 -1.38206e-06  3.31393e-05 -3.98927e-05 -4.11871e-05  6.89614e-05  8.91044e-06  2.86976e-05 -5.42317e-05   1.1292e-05  4.34445e-05   3.4616e-05 -4.67825e-06  1.73158e-05 -7.80781e-05 -4.47812e-05  3.45629e-05  4.11659e-05
  0.00360494  0.000350998  8.81028e-05  -9.3289e-05 -4.86655e-05  0.000117746  0.000292286  5.16691e-05 -0.000111978  0.000104913  8.18823e-05  0.000101827  0.000169236  6.18033e-05 -0.000132771 -2.19304e-06  0.000122965 -3.31757e-05  -6.2328e-05  4.76345e-05  2.32005e-05  4.19387e-05  3.57288e-05  6.68616e-05 -6.83252e-05  1.05718e-05 -4.18705e-05 -2.95974e-05 -4.30977e-05 -6.90995e-05  1.47283e-05  -4.2116e-05  5.82801e-05  -3.9686e-05  9.45761e-05 -7.10871e-05 -2.58961e-06  7.67549e-05  2.67773e-05  1.95937e-05 -0.000139695  5.90117e-06  -9.6179e-05 -3.80994e-05 -6.77019e-05  1.14168e-06 -4.60841e-06  1.06519e-05 -8.15064e-05  6.94102e-06  3.26815e-05   8.2929e-06  1.36815e-05  9.02453e-05  6.11455e-05  7.49304e-06 -5.77046e-05  6.98634e-05 -2.71338e-05  8.12116e-08  5.41378e-05 -1.28367e-05 -4.85781e-06 -4.15877e-05  3.02527e-05  0.000126951  5.22329e-05   4.3731e-05 -3.10147e-05  5.62835e-05 -6.89585e-05  0.000129697 -3.41382e-05 -2.33463e-05 -3.48339e-05 -4.26851e-05  5.66118e-05   0.00014987  2.60098e-05  8.87334e-06  -9.4602e-05 -4.48216e-05  3.03617e-05 -1.68045e-05  1.77401e-05 -7.35831e-05 -3.53307e-05  -8.4989e-05 -8.12795e-06  -1.8219e-05  5.27713e-05 -2.71172e-05  5.63714e-05  3.16064e-06  -1.1018e-05 -6.50603e-05 -0.000104068  3.98548e-05 -7.86743e-05 -4.57541e-05  4.01461e-05 -5.80605e-06 -9.24567e-06 -5.67428e-05  7.69498e-05 -2.61703e-05 -2.83688e-05    0.0001029  6.76281e-05 -2.42777e-05 -7.03543e-05  2.59198e-05 -0.000134319 -5.06017e-05 -4.64478e-05  7.41781e-06  3.82688e-05 -4.81168e-05 -5.99898e-05 -6.44919e-06 -7.19817e-05   2.5568e-05   0.00016269  -3.8429e-05  5.62069e-05  1.57833e-05  6.77516e-05 -5.46652e-05  0.000213794 -3.18114e-05 -6.67175e-05  1.17208e-06  2.63123e-05 -5.78624e-05   6.1225e-05  3.99604e-05  5.99841e-05  -6.1287e-05 -6.10449e-05  4.50143e-06 -6.37359e-05  1.51772e-06  5.22274e-05 -3.92191e-05   -3.539e-05  2.83171e-05 -8.43821e-05  -1.7187e-06  4.12114e-05 -4.96097e-05 -5.12195e-05  8.57589e-05  1.10808e-05  3.56877e-05 -6.74415e-05  1.40425e-05  5.40267e-05  4.30478e-05 -5.81778e-06  2.15336e-05 -9.70963e-05  -5.5689e-05  4.29817e-05  5.11931e-05
  0.00599138  0.000583356  0.000146426 -0.000155046 -8.08817e-05  0.000195693  0.000485778  8.58737e-05 -0.000186106  0.000174364  0.000136088  0.000169236  0.000281269  0.000102717 -0.000220664 -3.64481e-06  0.000204367 -5.51378e-05 -0.000103589  7.91682e-05   3.8559e-05  6.97018e-05  5.93809e-05  0.000111124 -0.000113556  1.75702e-05 -6.95884e-05 -4.91906e-05  -7.1628e-05 -0.000114843  2.44783e-05 -6.99965e-05  9.68611e-05 -6.59579e-05  0.000157185 -0.000118146 -4.30392e-06  0.000127566  4.45036e-05  3.25646e-05 -0.000232171  9.80769e-06 -0.000159849 -6.33209e-05  -0.00011252  1.89746e-06 -7.65914e-06  1.77033e-05 -0.000135463  1.15359e-05  5.43163e-05  1.37827e-05  2.27386e-05  0.000149987  0.000101623  1.24534e-05 -9.59046e-05  0.000116112 -4.50961e-05  1.34973e-07  8.99766e-05 -2.13345e-05 -8.07364e-06 -6.91185e-05  5.02798e-05  0.000210991  8.68106e-05  7.26807e-05 -5.15463e-05  9.35427e-05 -0.000114608  0.000215555 -5.67374e-05 -3.88014e-05 -5.78937e-05 -7.09423e-05  9.40884e-05  0.000249082  4.32281e-05  1.47474e-05 -0.000157228 -7.44932e-05  5.04609e-05 -2.79289e-05   2.9484e-05 -0.000122295 -5.87193e-05 -0.000141251 -1.35086e-05 -3.02798e-05  8.77056e-05 -4.50686e-05  9.36888e-05  5.25296e-06 -1.83118e-05  -0.00010813  -0.00017296  6.62384e-05 -0.000130756  -7.6043e-05  6.67225e-05 -9.64962e-06 -1.53662e-05 -9.43062e-05   0.00012789 -4.34949e-05 -4.71487e-05  0.000171019  0.000112397 -4.03494e-05 -0.000116928  4.30785e-05 -0.000223238 -8.40996e-05 -7.71959e-05  1.23283e-05  6.36025e-05 -7.99698e-05 -9.97026e-05 -1.07185e-05 -0.000119633  4.24938e-05  0.000270389 -6.38686e-05  9.34154e-05  2.62317e-05  0.000112603 -9.08532e-05  0.000355323 -5.28702e-05 -0.000110884  1.94799e-06  4.37308e-05  -9.6167e-05  0.000101755   6.6414e-05  9.96931e-05 -0.000101858 -0.000101456  7.48135e-06 -0.000105929  2.52245e-06  8.68015e-05 -6.51819e-05 -5.88179e-05  4.70628e-05 -0.000140242 -2.85647e-06   6.8493e-05  -8.2451e-05 -8.51264e-05  0.000142531  1.84163e-05  5.93128e-05 -0.000112087  2.33386e-05  8.97919e-05  7.15451e-05 -9.66911e-06  3.57886e-05 -0.000161373 -9.25548e-05  7.14353e-05  8.50826e-05
  0.00218799  0.000213036  5.34734e-05 -5.66211e-05 -2.95372e-05  7.14651e-05  0.000177401  3.13602e-05 -6.79641e-05   6.3676e-05  4.96979e-05  6.18033e-05  0.000102717  3.75111e-05 -8.05842e-05 -1.33105e-06  7.46328e-05 -2.01358e-05 -3.78295e-05  2.89114e-05  1.40814e-05  2.54544e-05  2.16853e-05  4.05812e-05 -4.14695e-05  6.41646e-06  -2.5413e-05 -1.79639e-05 -2.61578e-05 -4.19395e-05  8.93924e-06  -2.5562e-05  3.53727e-05 -2.40872e-05  5.74023e-05 -4.31458e-05 -1.57175e-06  4.65858e-05  1.62523e-05  1.18923e-05 -8.47867e-05  3.58167e-06 -5.83752e-05 -2.31241e-05 -4.10912e-05  6.92935e-07 -2.79704e-06  6.46508e-06 -4.94698e-05   4.2128e-06  1.98358e-05  5.03332e-06   8.3039e-06  5.47738e-05  3.71118e-05  4.54785e-06 -3.50234e-05  4.24031e-05 -1.64686e-05  4.92908e-08  3.28586e-05 -7.79116e-06 -2.94841e-06 -2.52414e-05  1.83617e-05  7.70519e-05  3.17024e-05  2.65423e-05 -1.88242e-05  3.41609e-05 -4.18539e-05  7.87185e-05 -2.07199e-05 -1.41699e-05 -2.11422e-05 -2.59074e-05  3.43601e-05  9.09624e-05  1.57865e-05  5.38561e-06  -5.7418e-05 -2.72042e-05  1.84278e-05 -1.01994e-05  1.07673e-05 -4.46607e-05 -2.14437e-05 -5.15835e-05  -4.9332e-06 -1.10579e-05  3.20292e-05 -1.64586e-05  3.42142e-05  1.91833e-06 -6.68728e-06 -3.94879e-05 -6.31633e-05  2.41896e-05 -4.77508e-05 -2.77702e-05  2.43664e-05 -3.52394e-06  -5.6116e-06 -3.44397e-05  4.67041e-05 -1.58839e-05 -1.72182e-05  6.24543e-05  4.10464e-05 -1.47352e-05 -4.27011e-05  1.57319e-05 -8.15242e-05 -3.07123e-05 -2.81912e-05  4.50219e-06   2.3227e-05 -2.92042e-05 -3.64104e-05 -3.91429e-06 -4.36888e-05  1.55183e-05  9.87434e-05 -2.33242e-05  3.41144e-05  9.57954e-06  4.11214e-05 -3.31787e-05  0.000129761 -1.93077e-05 -4.04937e-05  7.11387e-07  1.59701e-05 -3.51192e-05  3.71601e-05  2.42537e-05  3.64069e-05 -3.71977e-05 -3.70508e-05  2.73211e-06 -3.86841e-05  9.21172e-07  3.16991e-05 -2.38038e-05 -2.14797e-05  1.71869e-05 -5.12151e-05 -1.04315e-06   2.5013e-05 -3.01103e-05 -3.10873e-05  5.20508e-05  6.72544e-06  2.16604e-05 -4.09331e-05  8.52301e-06  3.27911e-05  2.61276e-05 -3.53106e-06  1.30697e-05 -5.89319e-05 -3.38001e-05  2.60875e-05  3.10713e-05
 -0.00470041  -0.00045766 -0.000114876  0.000121638   6.3454e-05 -0.000153527 -0.000381107 -6.73704e-05  0.000146006 -0.000136794 -0.000106765 -0.000132771 -0.000220664 -8.05842e-05  0.000173117  2.85946e-06 -0.000160332  4.32572e-05  8.12682e-05 -6.21097e-05 -3.02506e-05 -5.46831e-05  -4.6586e-05 -8.71796e-05  8.90879e-05 -1.37843e-05  5.45941e-05  3.85914e-05  5.61942e-05  9.00976e-05 -1.92039e-05  5.49143e-05 -7.59903e-05  5.17458e-05 -0.000123316  9.26891e-05  3.37655e-06 -0.000100079 -3.49144e-05 -2.55478e-05  0.000182145 -7.69442e-06  0.000125406   4.9677e-05  8.82752e-05 -1.48862e-06  6.00882e-06 -1.38888e-05  0.000106275 -9.05026e-06 -4.26127e-05  -1.0813e-05 -1.78391e-05 -0.000117669 -7.97265e-05 -9.77003e-06  7.52399e-05 -9.10935e-05  3.53792e-05  -1.0589e-07 -7.05892e-05  1.67376e-05    6.334e-06  5.42254e-05  -3.9446e-05 -0.000165529 -6.81054e-05 -5.70201e-05  4.04395e-05  -7.3387e-05  8.99136e-05 -0.000169109  4.45122e-05  3.04408e-05  4.54193e-05  5.56562e-05  -7.3815e-05 -0.000195412 -3.39136e-05 -1.15698e-05   0.00012335  5.84421e-05  -3.9588e-05   2.1911e-05  -2.3131e-05  9.59436e-05   4.6067e-05  0.000110816  1.05979e-05  2.37553e-05 -6.88076e-05  3.53576e-05 -7.35015e-05  -4.1211e-06  1.43661e-05  8.48309e-05  0.000135692  -5.1966e-05  0.000102582   5.9658e-05 -5.23457e-05   7.5704e-06  1.20553e-05  7.39859e-05 -0.000100333   3.4123e-05  3.69895e-05 -0.000134169  -8.8179e-05  3.16553e-05  9.17336e-05 -3.37964e-05  0.000175137  6.59786e-05  6.05624e-05 -9.67194e-06  -4.9898e-05  6.27386e-05  7.82196e-05  8.40898e-06  9.38555e-05 -3.33376e-05 -0.000212128  5.01068e-05  -7.3287e-05 -2.05795e-05   -8.834e-05  7.12769e-05 -0.000278761  4.14782e-05  8.69917e-05 -1.52825e-06 -3.43081e-05  7.54457e-05 -7.98301e-05 -5.21037e-05 -7.82121e-05  7.99109e-05  7.95952e-05 -5.86933e-06   8.3104e-05 -1.97893e-06 -6.80983e-05  5.11371e-05  4.61443e-05 -3.69221e-05  0.000110024  2.24098e-06 -5.37348e-05  6.46852e-05  6.67841e-05 -0.000111819 -1.44481e-05 -4.65326e-05  8.79357e-05 -1.83098e-05 -7.04443e-05 -5.61292e-05   7.5857e-06 -2.80772e-05  0.000126602  7.26119e-05 -5.60431e-05 -6.67498e-05
-7.76389e-05 -7.55939e-06 -1.89746e-06  2.00915e-06   1.0481e-06 -2.53588e-06 -6.29492e-06 -1.11279e-06  2.41165e-06 -2.25949e-06 -1.76349e-06 -2.19304e-06 -3.64481e-06 -1.33105e-06  2.85946e-06  4.72311e-08 -2.64828e-06    7.145e-07  1.34235e-06  -1.0259e-06 -4.99665e-07 -9.03227e-07 -7.69484e-07 -1.43999e-06  1.47151e-06 -2.27682e-07  9.01758e-07  6.37434e-07  9.28187e-07  1.48819e-06 -3.17201e-07  9.07046e-07 -1.25517e-06  8.54711e-07 -2.03687e-06  1.53099e-06   5.5772e-08 -1.65306e-06 -5.76697e-07 -4.21986e-07  3.00858e-06 -1.27092e-07  2.07139e-06   8.2054e-07  1.45808e-06 -2.45882e-08  9.92505e-08 -2.29408e-07  1.75539e-06 -1.49488e-07 -7.03855e-07 -1.78603e-07 -2.94656e-07  -1.9436e-06 -1.31688e-06 -1.61376e-07  1.24277e-06 -1.50464e-06  5.84375e-07 -1.74904e-09 -1.16596e-06  2.76462e-07  1.04622e-07  8.95668e-07 -6.51548e-07 -2.73412e-06 -1.12493e-06 -9.41828e-07  6.67959e-07 -1.21217e-06  1.48515e-06 -2.79326e-06  7.35229e-07  5.02806e-07  7.50212e-07  9.19301e-07 -1.21924e-06 -3.22772e-06 -5.60168e-07 -1.91104e-07  2.03743e-06  9.65317e-07 -6.53895e-07  3.61915e-07 -3.82067e-07  1.58475e-06  7.60911e-07  1.83039e-06   1.7505e-07  3.92379e-07 -1.13653e-06  5.84019e-07 -1.21406e-06 -6.80701e-08  2.37292e-07  1.40119e-06  2.24129e-06 -8.58347e-07  1.69439e-06  9.85399e-07 -8.64619e-07  1.25044e-07  1.99122e-07  1.22206e-06 -1.65725e-06  5.63626e-07  6.10974e-07 -2.21614e-06 -1.45649e-06  5.22866e-07  1.51521e-06 -5.58231e-07  2.89282e-06   1.0898e-06  1.00034e-06 -1.59756e-07  -8.2419e-07  1.03628e-06  1.29199e-06  1.38895e-07  1.55026e-06 -5.50654e-07 -3.50382e-06  8.27638e-07 -1.21052e-06 -3.39921e-07 -1.45915e-06  1.17732e-06 -4.60444e-06  6.85116e-07  1.43688e-06 -2.52429e-08 -5.66683e-07  1.24617e-06 -1.31859e-06 -8.60622e-07 -1.29187e-06  1.31993e-06  1.31471e-06 -9.69466e-08  1.37267e-06  -3.2687e-08 -1.12481e-06  8.44656e-07  7.62189e-07 -6.09861e-07  1.81732e-06  3.70154e-08 -8.87563e-07  1.06844e-06  1.10311e-06 -1.84698e-06 -2.38646e-07 -7.68601e-07  1.45248e-06 -3.02432e-07 -1.16356e-06 -9.27113e-07  1.25297e-07 -4.63765e-07  2.09115e-06  1.19937e-06 -9.25691e-07 -1.10254e-06
  0.00435327   0.00042386  0.000106392 -0.000112654 -5.87677e-05  0.000142188  0.000352961  6.23949e-05 -0.000135223  0.000126691  9.88799e-05  0.000122965  0.000204367  7.46327e-05 -0.000160332 -2.64828e-06  0.000148491 -4.00625e-05 -7.52663e-05  5.75227e-05  2.80165e-05  5.06445e-05  4.31455e-05  8.07411e-05 -8.25085e-05  1.27663e-05 -5.05622e-05 -3.57413e-05 -5.20441e-05 -8.34436e-05  1.77857e-05 -5.08587e-05  7.03782e-05 -4.79242e-05  0.000114209 -8.58437e-05 -3.12718e-06   9.2688e-05  3.23358e-05   2.3661e-05 -0.000168693  7.12616e-06 -0.000116144 -4.60082e-05 -8.17558e-05  1.37868e-06 -5.56504e-06   1.2863e-05  -9.8426e-05  8.38187e-06  3.94656e-05  1.00144e-05  1.65216e-05  0.000108979  7.38384e-05  9.04848e-06 -6.96832e-05  8.43659e-05 -3.27663e-05  9.80699e-08   6.5376e-05 -1.55014e-05 -5.86621e-06 -5.02207e-05  3.65328e-05  0.000153304  6.30756e-05   5.2809e-05 -3.74529e-05  6.79671e-05 -8.32732e-05   0.00015662 -4.12248e-05 -2.81927e-05 -4.20649e-05 -5.15458e-05  6.83635e-05   0.00018098   3.1409e-05  1.07153e-05  -0.00011424  -5.4126e-05  3.66643e-05 -2.02928e-05  2.14227e-05 -8.88578e-05 -4.26648e-05 -0.000102631 -9.81518e-06 -2.20009e-05  6.37259e-05 -3.27463e-05  6.80732e-05  3.81674e-06 -1.33051e-05 -7.85658e-05 -0.000125671  4.81281e-05 -9.50059e-05  -5.5252e-05  4.84798e-05  -7.0113e-06 -1.11649e-05 -6.85218e-05  9.29234e-05 -3.16029e-05 -3.42577e-05   0.00012426  8.16666e-05 -2.93174e-05 -8.49588e-05  3.13004e-05 -0.000162202 -6.11058e-05 -5.60897e-05  8.95763e-06  4.62129e-05 -5.81051e-05 -7.24428e-05 -7.78795e-06  -8.6924e-05  3.08755e-05  0.000196462 -4.64062e-05  6.78746e-05  1.90596e-05  8.18158e-05 -6.60129e-05  0.000258174 -3.84149e-05 -8.05671e-05  1.41539e-06  3.17743e-05 -6.98738e-05  7.39344e-05  4.82556e-05  7.24359e-05 -7.40092e-05 -7.37169e-05  5.43586e-06 -7.69665e-05  1.83278e-06   6.3069e-05 -4.73604e-05 -4.27364e-05  3.41953e-05 -0.000101899 -2.07548e-06  4.97663e-05  -5.9908e-05 -6.18519e-05  0.000103561  1.33811e-05   4.3096e-05 -8.14413e-05  1.69575e-05  6.52418e-05  5.19839e-05 -7.02547e-06  2.60036e-05 -0.000117252 -6.72492e-05  5.19041e-05  6.18201e-05
  -0.0011745 -0.000114357 -2.87043e-05  3.03939e-05  1.58554e-05 -3.83621e-05 -9.52281e-05  -1.6834e-05  3.64828e-05  -3.4181e-05 -2.66776e-05 -3.31757e-05 -5.51378e-05 -2.01358e-05  4.32572e-05    7.145e-07 -4.00625e-05  1.08088e-05  2.03067e-05 -1.55195e-05 -7.55881e-06 -1.36638e-05 -1.16406e-05 -2.17838e-05  2.22606e-05 -3.44432e-06  1.36416e-05  9.64294e-06  1.40414e-05  2.25129e-05 -4.79854e-06  1.37216e-05 -1.89879e-05  1.29299e-05 -3.08133e-05  2.31605e-05  8.43706e-07 -2.50071e-05 -8.72414e-06 -6.38371e-06  4.55131e-05 -1.92262e-06  3.13355e-05  1.24129e-05  2.20576e-05 -3.71964e-07  1.50144e-06 -3.47042e-06  2.65551e-05 -2.26141e-06 -1.06478e-05 -2.70186e-06 -4.45749e-06 -2.94023e-05 -1.99215e-05 -2.44126e-06  1.88004e-05 -2.27618e-05  8.84029e-06 -2.64591e-08 -1.76383e-05  4.18226e-06  1.58269e-06  1.35495e-05 -9.85647e-06 -4.13611e-05 -1.70177e-05 -1.42478e-05  1.01047e-05 -1.83374e-05   2.2467e-05 -4.22557e-05  1.11224e-05  7.60633e-06   1.1349e-05   1.3907e-05 -1.84444e-05 -4.88282e-05 -8.47409e-06 -2.89097e-06  3.08217e-05  1.46031e-05 -9.89197e-06  5.47497e-06 -5.77981e-06  2.39737e-05  1.15109e-05  2.76898e-05  2.64812e-06  5.93581e-06 -1.71931e-05  8.83489e-06  -1.8366e-05 -1.02975e-06   3.5897e-06  2.11969e-05  3.39058e-05 -1.29849e-05  2.56324e-05  1.49069e-05 -1.30798e-05  1.89164e-06  3.01228e-06   1.8487e-05 -2.50706e-05  8.52639e-06  9.24266e-06 -3.35252e-05 -2.20335e-05  7.90979e-06  2.29217e-05 -8.44478e-06  4.37618e-05  1.64862e-05  1.51329e-05 -2.41675e-06 -1.24681e-05  1.56767e-05  1.95449e-05  2.10117e-06  2.34519e-05 -8.33016e-06  -5.3005e-05  1.25203e-05 -1.83124e-05 -5.14225e-06 -2.20737e-05  1.78101e-05 -6.96548e-05  1.03643e-05  2.17368e-05 -3.81869e-07 -8.57265e-06  1.88518e-05 -1.99474e-05 -1.30193e-05 -1.95431e-05  1.99675e-05  1.98887e-05 -1.46659e-06  2.07654e-05 -4.94481e-07 -1.70159e-05  1.27778e-05  1.15302e-05 -9.22583e-06   2.7492e-05  5.59959e-07 -1.34268e-05  1.61631e-05  1.66875e-05 -2.79406e-05 -3.61019e-06 -1.16272e-05  2.19727e-05 -4.57511e-06 -1.76021e-05 -1.40251e-05  1.89546e-06 -7.01573e-06  3.16344e-05  1.81437e-05 -1.40036e-05 -1.66789e-05
