 1.16856e+09 -1.56997e+09  5.19829e+08 -2.86801e+08  2.15762e+08 -2.98917e+08 -1.37901e+09 -8.17419e+08  1.97761e+08 -1.55256e+08 -2.23229e+08  -3.2103e+08 -9.66002e+08  3.16757e+08  1.08897e+09 -4.64954e+07 -4.04261e+08  3.54145e+07 -2.65403e+07 -5.84205e+07 -2.82519e+07 -9.76797e+07 -1.76944e+08 -9.98186e+07  1.05583e+06 -4.90451e+07 -5.11509e+07      -359496  3.12793e+06  3.71408e+08 -2.78731e+08 -2.15308e+08 -2.46667e+08  1.75451e+08  1.45976e+07  1.36482e+08  1.47105e+08 -1.45526e+08     -76381.3 -1.40779e+08  4.54121e+08  4.48797e+07  4.00179e+08  5.03646e+07  4.19276e+08 -2.66823e+08  5.98831e+07  8.68167e+07  3.70095e+08 -2.96867e+07 -4.36194e+08  6.82515e+07 -2.65548e+08 -3.52661e+08 -4.44843e+08 -1.11529e+07  3.88557e+08 -2.78019e+06 -5.22336e+07  2.11492e+08 -2.93496e+07  1.79181e+08 -1.87048e+08 -1.05579e+08  1.29837e+08  -2.3031e+08 -1.88137e+08  6.94732e+07  9.39388e+07 -5.90909e+07  2.75289e+08 -3.33455e+08  1.05273e+07 -6.65293e+07  1.58256e+08  3.04397e+08 -3.07726e+08 -5.93683e+08 -1.37625e+08  5.60434e+07 -5.74342e+06  1.33996e+08  -2.4823e+08  2.07884e+08 -4.35309e+07  1.79862e+08  1.22481e+08  1.48361e+08 -1.50716e+08  2.04479e+08  1.51448e+07  5.74946e+07 -1.15458e+08 -6.03988e+07  4.76045e+07  1.96639e+08  3.15436e+08 -2.78615e+07 -3.66568e+07  1.77461e+08  1.18129e+07   5.8156e+07 -2.85541e+07  1.35202e+08 -9.76336e+07  2.33369e+08  9.16532e+07 -1.24484e+08 -4.17379e+08   1.5703e+08  1.12278e+08  7.70686e+07   2.4545e+08  3.78019e+08  2.46551e+08  -1.4825e+07 -4.74707e+06   2.8239e+08  1.47184e+08 -1.12326e+08  2.59181e+08 -5.56457e+07 -3.43021e+08   2.5509e+08  1.15464e+08  -9.0551e+07 -8.47756e+07  1.77066e+08 -4.04014e+08 -9.06028e+07  3.86437e+07 -9.37877e+07 -2.12814e+08  3.00636e+08  1.44528e+08  1.28134e+08  -4.2164e+07  1.22257e+08  2.05084e+08 -1.47664e+08  2.71859e+08  4.56962e+07  -1.5544e+08  7.61626e+07 -5.31779e+07 -6.23915e+07  2.75077e+08 -1.97242e+08  9.08766e+07 -4.26761e+07 -2.31442e+07 -2.96113e+08 -4.79455e+07 -1.14957e+08  2.50739e+08 -1.78679e+08 -2.12687e+08 -1.31218e+08 -1.67205e+08  9.62719e+07  1.77568e+08  7.44678e+07  -6.2312e+07 -6.62429e+06
-1.56997e+09  1.10245e+10 -1.94518e+09  2.08673e+09  1.39027e+09  1.05571e+09  4.05659e+09   1.8248e+09  3.89668e+08  4.53111e+08 -1.95594e+09  1.12949e+09  1.62224e+09 -1.07361e+09 -3.55267e+09  5.07205e+08 -7.24601e+07  -3.7104e+08 -2.50975e+08 -8.21871e+08  3.90887e+08 -1.61436e+09  4.70081e+08 -1.01185e+09  1.37944e+08  1.08472e+08   1.8119e+07   3.9184e+07 -7.21113e+08 -2.19745e+08  2.06618e+08  3.73674e+08  2.09717e+08 -7.76185e+08 -1.12175e+09  1.94984e+07  4.72864e+07  4.04398e+08 -4.51702e+06  4.60464e+08 -7.20761e+08 -2.34929e+07 -1.07842e+09  1.20139e+09 -7.33064e+08 -2.44554e+08  4.78339e+08  1.34327e+08  1.65846e+07 -7.74801e+07  1.15803e+09  1.13191e+09  3.54326e+08  6.96425e+08  6.15297e+08 -7.59046e+08 -2.05825e+08 -1.17438e+09 -2.09548e+08 -3.40487e+08  6.63137e+08 -1.01066e+09   1.4308e+08  6.12398e+08 -3.81822e+08 -8.73055e+08 -7.01745e+07 -1.22362e+09  9.71726e+07 -1.11449e+09 -4.27902e+08  2.97523e+07 -6.69294e+08  1.90987e+08 -5.54356e+08 -1.34033e+08  3.62585e+08  2.82377e+08  3.46585e+08 -4.55727e+08  4.41567e+08 -6.34198e+08 -5.86305e+07 -9.05847e+08  6.15818e+08 -3.32706e+08  1.46261e+08  4.78018e+08 -6.12751e+07 -9.24047e+08 -2.15619e+07 -3.06106e+08  6.21612e+08 -1.22354e+09 -1.59332e+08  2.51988e+08 -9.47874e+08 -7.07323e+08  6.65357e+08 -2.79523e+08  4.54822e+07  2.19536e+08  -2.4092e+08 -6.45791e+08  3.36746e+08  2.73584e+08  3.45093e+08 -5.72737e+07  1.15726e+09  -7.7003e+08  3.85798e+08  2.91377e+08 -3.58787e+08 -4.17003e+08 -6.93109e+08 -5.38104e+08  3.50954e+08 -5.63752e+08  -7.1961e+07 -1.88284e+08 -4.61405e+08   8.5039e+08 -6.94922e+07 -4.24199e+08  1.49262e+08  1.84859e+08  -1.6427e+07 -3.52652e+08  7.15217e+07  8.29302e+07  4.40775e+08  8.43679e+07 -5.25395e+08 -4.07719e+08  -3.0902e+08 -9.55829e+08 -4.76023e+08  2.58076e+08  6.30235e+08  6.74265e+08  1.01576e+08  1.17523e+09 -8.35395e+07 -9.65682e+06  5.14701e+08  3.30195e+07 -9.49969e+07 -1.24846e+07 -8.04667e+08 -6.24578e+07  2.73469e+08  6.47064e+08  4.16953e+08 -9.95555e+07 -4.35905e+08   2.2644e+08 -3.72859e+08 -4.67777e+08  3.73605e+08 -5.83176e+08  7.68375e+07 -3.13605e+07  1.37559e+08  3.68575e+08
 5.19829e+08 -1.94518e+09  8.32265e+09 -1.12354e+08   4.0897e+08 -9.14418e+08 -1.41852e+09 -6.91899e+08  8.79025e+08  6.11783e+08  1.11805e+09 -5.68298e+08 -1.69769e+09  -7.6771e+08   2.5511e+09 -4.28334e+08  2.80202e+07  8.39258e+08 -3.66746e+08 -2.82253e+08  4.64416e+08 -1.30889e+08 -5.42505e+07 -1.28179e+08  3.40758e+08  4.02727e+08  1.27896e+08 -2.25135e+08 -1.92051e+08  1.00729e+09  9.58702e+07  1.76117e+08 -2.94321e+08  7.40122e+08 -2.36087e+08 -2.28393e+08  2.97596e+08  4.56931e+08 -7.24139e+08  2.90085e+08 -1.80424e+08  3.92741e+08  1.47141e+08 -1.92489e+08  7.78812e+08  5.52736e+08 -3.09047e+08  -1.2986e+08 -1.77586e+08 -2.30896e+08 -3.70427e+08 -3.20014e+08  -3.2427e+08 -3.36491e+08 -1.15064e+09  4.59609e+08 -1.47866e+08 -3.54065e+08  4.07596e+08 -4.62949e+08 -2.50042e+08 -2.85138e+08  1.69477e+08 -1.02003e+09   2.0055e+08 -1.46321e+08  1.04603e+07 -2.21527e+08  5.73666e+08 -4.21391e+08  6.76211e+08  -2.3826e+08  3.86641e+08  -7.0218e+08 -4.36272e+07 -2.52862e+08 -1.16993e+09 -1.48412e+08 -2.97473e+08  2.68507e+07 -6.11928e+07  6.80523e+07  6.42399e+06 -9.06174e+07  2.72638e+08  3.79559e+08 -4.91289e+07  4.69444e+08  -1.4473e+09  2.29517e+08  4.70018e+08 -8.23998e+07 -1.19975e+08  5.98265e+08  3.54747e+08 -2.96063e+08 -2.42026e+07  7.60054e+08  6.13888e+08 -2.66974e+08  -7.1299e+08 -1.68111e+08  1.73025e+08  5.03081e+08  2.80136e+08  5.88716e+08 -2.19914e+08 -4.76785e+08 -2.66606e+07    -3.06e+08  -3.2351e+08 -2.00542e+08  7.62815e+08 -3.46804e+08 -1.89003e+06 -6.46125e+07  4.86465e+08 -2.21714e+08 -4.84189e+07 -6.84235e+08  6.50876e+07 -1.37119e+08  4.46289e+08  5.87805e+08 -7.34653e+06  7.97166e+08 -7.37392e+08  3.44194e+08 -3.94614e+08    7.065e+07 -9.31294e+08 -5.03815e+08  5.13633e+07  3.80941e+06  5.84651e+08  8.06794e+07  2.65189e+08  6.74391e+08 -3.59129e+08 -5.65003e+08 -6.57251e+08  6.61076e+07  4.59467e+08 -4.73039e+08  3.24953e+07 -4.28537e+08  3.27873e+08  9.35581e+07  7.97627e+08  3.80294e+07 -7.76341e+07 -2.04485e+07 -5.04837e+08  2.56019e+08  6.35367e+08 -8.52711e+08  8.50502e+07 -2.00132e+08  -2.5989e+08  2.16691e+08  3.32005e+08 -4.88157e+07  1.86475e+08 -3.94338e+08
-2.86801e+08  2.08673e+09 -1.12354e+08    1.059e+10  1.52395e+09  8.44373e+08  8.38173e+07 -6.91146e+08 -1.31576e+09  1.27307e+09  -1.7025e+07 -3.63392e+07  1.08485e+07 -4.05312e+07 -2.65847e+08  1.32195e+09  5.62157e+08    -3.24e+08  4.28226e+08 -4.60698e+07 -4.41446e+08 -1.86798e+08  2.86254e+08  2.33535e+08 -5.84685e+08  3.57631e+08 -5.39586e+08 -1.22204e+09 -1.70109e+08 -7.03779e+08  2.54983e+06 -4.12118e+08 -1.05801e+09   7.5415e+07  -2.3265e+08 -6.89316e+08 -8.84954e+07  7.68726e+08 -6.83374e+08   7.5642e+08  -4.0324e+08  5.03118e+08  1.91811e+08 -4.85502e+08 -2.51031e+08 -6.91308e+08  2.44611e+08  1.67416e+08  2.03751e+08 -2.89228e+08   2.1532e+08  9.39014e+08 -3.35038e+08  -1.7184e+08 -2.73268e+08  5.34879e+08  7.27965e+07 -3.95282e+08  -5.6843e+08 -4.92786e+08  6.64967e+07 -1.64048e+08 -3.30471e+07 -1.86074e+08   -1.026e+09 -1.07278e+08  1.40678e+09  -9.8584e+08 -2.45889e+08 -3.40281e+08 -1.45932e+08   4.6809e+08 -5.99312e+08  3.30999e+08 -6.31708e+08 -9.66396e+08 -1.56093e+08  7.52183e+08 -7.35686e+08 -1.27168e+08 -5.63455e+07 -4.21411e+08  7.98149e+07  2.30322e+08  7.44877e+07  4.11491e+08  5.68093e+08 -6.87262e+08  3.99094e+07  -1.2888e+09  4.26984e+08  2.81915e+08  3.72166e+08 -5.96844e+07  9.61011e+08  6.00833e+08  1.43003e+07  7.39446e+08  1.99554e+08 -3.44014e+08  6.51793e+08   8.5955e+08  2.67841e+08 -1.79574e+08 -4.11562e+08  1.23277e+09  5.51235e+08 -6.93297e+08  1.15836e+09 -7.44936e+08  3.13564e+08  -1.5548e+08 -5.23258e+08   1.5515e+07 -1.79363e+08  1.11666e+09  6.97007e+08 -3.42606e+08  2.05548e+08 -1.70536e+08 -1.49023e+08  2.91874e+08  1.01876e+09 -2.03431e+08  3.27642e+08 -1.22088e+09   1.3288e+08 -4.70136e+08  2.33357e+08 -6.45902e+08  4.42648e+08 -2.67613e+08 -6.19172e+08  -3.4061e+08 -1.90885e+08 -6.58469e+08 -1.22863e+07 -2.66411e+08  4.13271e+08  1.50079e+08 -2.76517e+08  2.98056e+08  2.44455e+07  1.58949e+06  4.01904e+08 -8.25669e+08 -6.44303e+08 -1.66712e+07 -4.75763e+08 -1.20414e+08 -2.93928e+08  2.93875e+08 -7.89161e+07   8.3406e+07  2.43265e+08  -1.3047e+08  1.06238e+07 -1.42645e+08   3.1058e+08 -3.86324e+08 -2.90704e+08 -8.48456e+08   1.3077e+08 -5.61254e+08
 2.15762e+08  1.39027e+09   4.0897e+08  1.52395e+09  8.15625e+09 -1.25884e+09  -4.6176e+08 -4.99721e+08  8.56525e+08  6.99365e+08 -8.75029e+08 -6.36949e+07  9.61436e+07  4.94749e+08 -1.50556e+08   9.4887e+08 -2.46534e+08 -9.08308e+07 -1.25753e+08  4.04852e+08 -3.36093e+08 -5.26281e+08  5.13489e+08 -1.03702e+09  2.89379e+07  7.68495e+07 -1.10716e+09 -4.39909e+08 -5.02109e+08 -1.98243e+08 -5.15093e+08 -1.11333e+08   -4.129e+08 -2.15228e+08 -7.22317e+08  3.55695e+08  1.68224e+08  3.51337e+08 -1.15467e+08  5.02257e+08 -2.38779e+08  7.42015e+08  2.73123e+08  2.18365e+08 -3.51249e+08 -1.04457e+09  6.09157e+08 -3.86782e+08  5.53474e+08   1.7688e+08  3.13414e+08  8.33537e+08   2.1954e+08 -1.40641e+08 -5.68289e+08 -1.39515e+08   2.7689e+08 -4.93779e+08 -7.38696e+08 -3.88098e+08 -1.21374e+08 -1.03278e+09 -6.46241e+08    2.341e+08 -4.55003e+08 -3.09005e+08 -2.89236e+08 -9.25963e+08  5.70577e+08 -6.68754e+08  1.97957e+08  4.86361e+08  4.20771e+07  1.78292e+08 -6.14026e+08  2.30548e+08 -3.82809e+08 -3.91845e+07 -6.80533e+08 -1.98976e+08  5.96748e+08  2.02608e+08  1.21527e+08  -7.3139e+08  9.72669e+08 -1.50959e+08  4.17952e+08  4.80121e+08 -5.24554e+08 -1.64571e+08  4.93812e+07  2.21959e+08  5.07426e+08 -3.92874e+08  3.99162e+08 -1.89424e+08 -1.79573e+08  -1.5472e+08 -1.17617e+08  5.86767e+07  3.35584e+08  6.20636e+08 -6.71161e+08 -2.02284e+08 -1.98312e+08  5.93626e+08  5.96228e+08 -4.21906e+08  3.30229e+08   2.9813e+08  5.57146e+08  2.27928e+08 -6.14289e+08   4.4841e+08  2.17655e+08  -9.5336e+07  7.93721e+08 -2.49872e+08 -2.69418e+08 -4.08002e+08  -3.7045e+08  7.12288e+08  2.16707e+08  2.26101e+07  1.74438e+08 -3.98262e+08  2.70793e+08   2.3721e+08 -2.22657e+08 -4.11089e+07   8.6646e+08 -3.17114e+08 -4.63315e+08 -5.18002e+08  4.22232e+08  -6.2545e+08   2.6968e+08 -1.85318e+08   5.3981e+08  1.85975e+08  2.21198e+08  2.68348e+08 -8.36478e+08  5.67989e+08 -7.95116e+07 -4.11464e+08  1.51345e+08 -6.81769e+08 -5.79809e+07 -2.52548e+08 -3.98138e+08  5.42172e+07  5.03216e+08  1.92841e+08  5.16084e+08 -1.54955e+08  1.74611e+07 -4.77441e+08 -2.56736e+08  -4.4284e+08  2.48679e+08  2.15036e+08  5.04636e+08 -2.03381e+08
-2.98917e+08  1.05571e+09 -9.14418e+08  8.44373e+08 -1.25884e+09  9.17404e+09 -8.28802e+08  1.03421e+09 -1.29994e+08 -8.08793e+08 -1.23878e+09  2.88674e+08  2.52991e+08 -9.01941e+07 -2.22348e+08  1.93064e+07 -2.59945e+08 -6.56421e+08 -1.94886e+08  1.22948e+09 -1.00019e+08 -1.17469e+09 -9.09228e+08  4.73505e+08  1.38514e+08  8.19453e+08 -4.02774e+07  3.03108e+08  4.60269e+08 -5.40233e+08  3.17566e+08 -3.06975e+07  2.04122e+08  2.37265e+07 -1.04149e+09 -1.64446e+07 -3.93411e+08  3.59501e+08 -6.92441e+08 -1.59783e+08  6.34002e+08  7.07326e+08   9.5515e+07  2.43939e+08  5.87778e+08  5.54295e+08  4.81586e+07  5.42607e+07  2.20679e+08 -3.82109e+08  3.31152e+08   8.0603e+07  6.79943e+07 -6.32604e+08 -6.03379e+08 -4.32448e+08  6.48304e+08  7.26537e+08   7.2514e+07  8.36091e+08   3.8116e+08 -3.10121e+08  3.21452e+08  1.36873e+08  4.71461e+07 -1.68372e+08 -1.23902e+08 -6.11892e+08  3.60527e+08 -1.86038e+08  2.94142e+08  4.91422e+08  5.83139e+08 -3.03704e+08 -5.81722e+08      -170399  5.02796e+08 -1.52624e+08 -1.63804e+08   3.9052e+08  5.96874e+07 -7.01934e+08  3.63619e+08  8.63978e+06 -1.02811e+08  2.58496e+08  2.02968e+07 -8.61013e+07 -4.66118e+08 -5.40699e+08  2.50802e+08 -3.55443e+08 -6.12091e+07  -5.9873e+08 -3.46879e+08  1.05071e+08  3.42037e+08  3.87932e+08 -7.41118e+08 -2.62049e+08  7.82798e+08   2.1632e+07    9.089e+07 -6.93064e+08 -4.57983e+08  1.42728e+08 -5.94868e+08  5.51401e+08  1.48249e+08  2.32906e+08 -5.14637e+08  2.87374e+08 -4.06995e+08  7.83292e+07 -2.41901e+08 -7.32289e+07 -4.10128e+08 -1.14966e+08  3.75175e+08  2.31478e+07  1.24423e+08 -4.01448e+08 -3.51409e+08  -8.0927e+08 -1.82204e+08 -1.06241e+09  4.48631e+08 -7.79183e+08  1.39841e+08 -1.10225e+08  3.58484e+08  4.75378e+08   2.1647e+08 -2.69031e+08  4.26177e+08  4.01578e+08  4.50029e+08  1.78586e+08 -2.89185e+08  2.69367e+08  6.74767e+08  4.47811e+08 -5.20937e+08 -3.79283e+08 -2.50634e+08  1.88775e+08  4.57802e+08  1.21136e+08 -3.30851e+08 -6.86181e+07  -9.4387e+07  5.46092e+08 -6.06082e+08  1.42349e+08 -6.13215e+08 -5.12186e+08 -8.33481e+08 -1.32828e+08 -2.89905e+07  -1.7544e+08 -2.33141e+08  -7.2188e+07 -3.68251e+07  -3.9648e+08
-1.37901e+09  4.05659e+09 -1.41852e+09  8.38173e+07  -4.6176e+08 -8.28802e+08  1.18962e+10  1.69329e+09  7.45683e+06 -2.45425e+08  6.07805e+08 -5.41314e+08  2.64146e+09 -1.24746e+09 -2.53347e+09  3.81818e+08  5.84751e+08 -3.77293e+08  2.12846e+08 -7.41165e+08 -4.89844e+08  5.92357e+08 -8.57835e+08 -1.23038e+09  5.95907e+08 -5.06479e+08  6.37791e+08  1.56957e+09 -3.44231e+06  -8.5169e+07   -3.817e+08 -2.97028e+07  7.64249e+08  5.70597e+07 -1.11014e+09 -7.62191e+08  4.12269e+08  1.25738e+09  7.59843e+07 -4.21695e+08  2.15962e+08 -1.56297e+08 -1.38012e+08  2.09848e+08  -4.6245e+08 -7.52908e+08 -4.44892e+07 -3.78642e+08  6.97799e+08 -4.88456e+08   8.4847e+08 -5.23444e+08 -2.95484e+07   6.8195e+08  8.10313e+08  -1.4943e+08 -1.29485e+09 -4.42845e+08 -3.67889e+08 -5.69163e+08       466925 -3.63486e+08  4.15974e+07  2.20871e+07    2.039e+08 -5.40616e+08    4.141e+08  -1.9304e+08 -1.64516e+08 -1.35219e+08 -2.17446e+08 -9.42534e+08  5.60272e+08  6.98584e+08 -3.74765e+08 -4.79417e+08  9.54761e+07  6.84102e+08  1.44365e+07 -6.29476e+08  2.27735e+08   7.7433e+08  9.24625e+08 -1.02949e+09  3.41073e+08  2.68132e+08 -7.29739e+07  5.72037e+08 -4.60898e+08 -2.89477e+08 -8.35585e+08 -8.65395e+07  2.45716e+08 -2.57736e+08  -1.6332e+08  1.65866e+08 -8.47391e+08 -3.97577e+08  8.88561e+08  8.30187e+08 -3.54096e+08  8.60786e+08  4.02848e+08 -5.26179e+08        37417 -1.01692e+09  1.55815e+06  4.54634e+08  9.05632e+08 -1.15846e+08  8.64642e+08 -4.40309e+08 -3.19439e+08 -4.64613e+08 -1.87325e+08 -1.79911e+08 -1.16108e+08 -2.61287e+08 -1.28372e+08  1.69685e+08 -2.17253e+08  7.77505e+07   1.7619e+08  1.76383e+08 -3.32772e+08  7.32297e+08 -8.68947e+08  3.44551e+07 -3.36645e+08   1.4142e+08  8.04123e+08  1.88094e+08 -6.93318e+08 -5.34727e+08 -9.57295e+08 -3.91851e+08  -1.1442e+09 -8.01772e+07  2.33114e+08 -1.43336e+08 -1.68747e+08  3.80612e+08  7.12391e+08  3.24954e+08  8.27846e+08  2.54221e+08  8.04759e+07  3.05901e+07 -7.51037e+08  9.34238e+08  5.91861e+08 -2.06381e+08  2.15677e+08  1.13239e+08 -1.75705e+08  5.16583e+07 -5.68957e+06  7.23493e+08  4.07588e+07  1.03231e+08 -1.24241e+08  1.12201e+08  2.79293e+08 -2.62594e+07
-8.17419e+08   1.8248e+09 -6.91899e+08 -6.91146e+08 -4.99721e+08  1.03421e+09  1.69329e+09  1.15574e+10 -1.65432e+09  2.03788e+08  6.15843e+08 -9.72468e+08  1.25392e+09 -6.23663e+08 -1.21738e+09  3.89195e+08   2.3132e+08  1.21576e+09   3.4158e+07  7.84225e+08   1.3903e+08  1.20285e+09 -1.84511e+09  7.03314e+08  3.04721e+08  3.33251e+07  4.11077e+08  9.24715e+08  5.96111e+08 -1.54135e+09   7.0602e+08   1.1656e+09  7.51732e+08  -6.3096e+08  1.12127e+08 -6.86935e+08 -1.01054e+09  9.80098e+08 -3.70539e+08 -2.88419e+07 -5.35994e+08  1.00725e+07  1.84053e+08   2.0741e+08  9.14594e+08  8.22732e+08   -4.433e+07  4.23988e+08 -3.82862e+08  2.64525e+08  4.36826e+08 -3.73257e+08 -2.76315e+08  1.03192e+06  6.81933e+08  2.08909e+07  2.57646e+08 -1.22767e+08  5.32061e+08  2.02947e+08 -2.38497e+08  6.84207e+08  2.68137e+08  1.18096e+08 -2.66883e+08  7.10437e+08  3.97685e+07 -2.88407e+08   7.0447e+08  7.68109e+08  3.21851e+08 -7.74117e+08 -4.28619e+08  3.75767e+08 -2.61328e+08 -8.33135e+08 -3.10485e+08  4.33861e+08 -5.26634e+08 -1.19245e+08 -2.79838e+08  5.90535e+08  6.65768e+08    2.643e+08 -2.80774e+08   1.0094e+09  1.10721e+08  1.16811e+08  -2.8081e+08  8.13655e+07 -6.42178e+08 -3.38443e+08 -9.15955e+07 -1.55001e+08  -9.4359e+08 -7.92322e+08  1.43714e+08 -1.24324e+08 -8.20357e+07  2.54806e+08  3.21368e+08  8.68069e+08  8.55471e+08  7.67666e+07  8.68984e+08 -7.99524e+08 -8.54233e+08  -5.3613e+08 -1.09243e+09 -2.30629e+08  2.60739e+07 -3.45939e+08  4.86064e+08 -7.36569e+08 -7.19281e+08 -1.80799e+08  7.58661e+08  1.48301e+08 -4.16152e+07  2.18877e+08  1.08954e+08  7.13528e+08 -7.52893e+08 -2.29823e+08 -5.08585e+08   2.0622e+08  8.93857e+08  4.93021e+08  4.19978e+08  8.06601e+08 -6.46001e+08  2.36955e+08  8.97067e+08 -7.05017e+07 -4.08821e+08  -1.3012e+08  4.81241e+08 -3.13769e+08 -7.41036e+08  7.05644e+08 -1.26706e+09 -3.75641e+08  -2.4319e+07  3.66046e+07  -4.3986e+08 -9.54705e+07   8.4413e+07  5.73939e+08  2.17848e+08 -1.81371e+08 -2.63981e+08 -2.87435e+07 -1.37677e+08 -4.82702e+07 -2.21521e+08   5.4387e+08  8.97474e+08   8.9814e+08  5.35202e+08  1.65891e+08 -5.71189e+08  1.13539e+08  1.98732e+08 -2.24933e+08
 1.97761e+08  3.89668e+08  8.79025e+08 -1.31576e+09  8.56525e+08 -1.29994e+08  7.45683e+06 -1.65432e+09  9.85813e+09  3.14157e+08 -1.25963e+08 -1.03045e+09  4.49706e+08  2.05207e+07 -7.53157e+08 -1.06159e+08  9.11558e+08 -9.04999e+08 -1.60824e+08 -1.85664e+07  8.65502e+08 -9.98315e+08 -3.38352e+08 -6.14844e+08 -1.45787e+08 -1.49745e+08 -1.85757e+08 -2.57317e+07 -8.15867e+08  5.82546e+08 -2.25433e+08  2.99111e+08 -1.43093e+08 -6.88046e+08   1.0701e+07  8.64211e+08  2.78717e+08   -5.123e+08 -2.01389e+08 -2.21716e+08  2.56232e+08 -3.99299e+08 -6.68902e+08 -1.98903e+08 -2.22396e+08 -1.11651e+09  6.70563e+08 -1.63844e+08   1.5866e+07 -8.14446e+06  -3.7569e+08  5.09776e+07 -6.77859e+08  1.46975e+08 -3.03116e+08 -1.07685e+09 -6.72375e+08 -1.57408e+08 -2.83627e+08 -1.58107e+06 -3.28214e+08 -4.07943e+08  4.85694e+08  2.32619e+08  3.85708e+08 -1.22402e+09  2.60143e+08  2.12359e+08  9.80816e+08 -1.58309e+08   -1.277e+08 -6.53521e+08 -2.87218e+08  1.55662e+08   7.4332e+08  6.20425e+08  -9.1961e+07   3.6058e+07  1.05606e+08   2.4878e+08 -3.14238e+08  4.29756e+08 -8.14787e+08 -1.04012e+09 -3.24271e+08 -1.27713e+08   2.7433e+08  -2.2001e+08  6.12938e+08  -1.8425e+08  3.77209e+08 -1.21261e+08  7.47344e+08  7.77374e+07  2.35932e+08  1.15136e+08 -2.20203e+08  3.46263e+08 -1.17043e+09  4.77035e+08 -1.97121e+08 -2.93822e+08 -6.58549e+08  3.49027e+08 -1.92942e+08 -2.46355e+08  2.99635e+08  6.14713e+08 -2.49178e+07  2.19309e+07   5.7777e+08 -4.05569e+08   4.6013e+07  9.70755e+07 -3.59678e+08 -3.68526e+08 -1.44595e+08 -3.46703e+08 -2.54385e+07 -6.91484e+08   6.0331e+07  4.65103e+08  7.08435e+08 -3.59524e+08  5.43303e+08  2.41293e+08  1.18077e+08 -6.55305e+07  1.20187e+08  -3.2916e+08 -4.67744e+07  -9.1515e+08 -1.07723e+09  4.77738e+07 -2.46464e+08  -5.6276e+08 -8.86926e+06 -7.39853e+08  6.64066e+08  2.55173e+08  6.72072e+08  3.94268e+08 -9.00803e+07 -3.30446e+08 -9.11736e+08  6.90788e+08 -3.79677e+08 -5.93896e+08  7.41287e+08  5.06653e+08  4.57742e+08  2.23842e+07  3.16336e+08  1.53518e+08  2.30233e+08 -3.90856e+08 -2.04085e+08 -4.63862e+08 -3.30279e+08 -5.26534e+08  4.97179e+08    3.658e+08  7.19223e+08  1.06925e+09
-1.55256e+08  4.53111e+08  6.11783e+08  1.27307e+09  6.99365e+08 -8.08793e+08 -2.45425e+08  2.03788e+08  3.14157e+08  1.01736e+10  1.51697e+08 -6.74667e+08 -5.88277e+08  3.41911e+08 -7.67465e+07 -5.51353e+08 -8.95433e+08  1.85789e+09 -6.78744e+08 -1.56471e+08 -3.96954e+08   8.6849e+08  4.15761e+08 -1.23622e+07  4.96179e+08 -3.92769e+06 -6.31148e+08 -5.91293e+08 -1.62767e+09 -5.50301e+08   3.6063e+08 -2.24529e+08 -6.46575e+08 -2.17072e+08  4.07425e+08  9.44342e+08 -4.51901e+08  2.80967e+08  -7.5368e+08  5.57115e+06 -6.79449e+08  1.45616e+08  6.19796e+08  -7.2914e+08  1.99322e+08  5.72082e+08 -1.75864e+08  4.69484e+08 -4.55857e+08  9.55298e+08 -2.51525e+08 -1.48951e+08  8.16596e+07  8.52736e+08 -3.51467e+08  4.55082e+07  3.40104e+08 -7.54861e+08  2.63089e+07 -7.32257e+08 -2.29188e+08 -3.25476e+08  3.05474e+08 -7.10686e+08 -4.56399e+08  1.02511e+08  6.18135e+06 -8.51671e+07  8.36713e+08 -2.57222e+08   4.0141e+08 -3.38416e+08  4.03206e+08 -2.20631e+08  7.60705e+08 -1.83231e+08 -7.00113e+08 -2.10024e+08 -6.50357e+08  5.04527e+08 -2.12885e+08  3.93005e+08 -3.35691e+08  2.64017e+08   5.8904e+08  3.98636e+08 -1.53104e+08  3.94901e+08 -1.97056e+08  -3.1649e+07 -8.20751e+07  3.21106e+08 -2.46772e+08  1.60329e+09  1.91002e+08 -9.20777e+08 -3.89213e+08 -2.57514e+08  4.85122e+08 -8.54211e+08  6.41295e+07  2.76578e+08  1.28073e+08  7.13973e+08  3.18801e+08 -4.39411e+08  2.12803e+07  -2.8321e+08   5.6787e+07 -2.73579e+08  4.88727e+08 -4.08956e+08  4.97572e+08  1.30955e+08  4.58249e+08 -4.50253e+08  1.36136e+08  2.10935e+08  3.29926e+08 -4.29642e+08 -7.58363e+08  6.40363e+08 -4.03529e+08 -2.41367e+08  3.67288e+08  1.48118e+08 -4.03691e+08  2.39294e+08  3.65438e+08 -2.79139e+08 -6.08149e+08 -4.30634e+08 -2.86297e+08 -4.14799e+07  -5.1859e+08  4.09636e+08 -9.69825e+07  5.40009e+07     9.72e+07  2.87356e+08  -8.8418e+08  6.56339e+08 -1.20051e+09  8.67296e+08 -1.05941e+09  2.22582e+08   4.1261e+08 -1.49153e+07 -3.93203e+08  2.66394e+08  7.87129e+08   6.2934e+08  1.43035e+09 -4.22109e+07  2.01288e+08  5.09527e+07 -2.11099e+07 -5.04922e+08 -3.73344e+08 -2.90517e+06 -6.07059e+08 -1.36162e+08  4.53209e+08  2.49669e+08
-2.23229e+08 -1.95594e+09  1.11805e+09  -1.7025e+07 -8.75029e+08 -1.23878e+09  6.07805e+08  6.15843e+08 -1.25963e+08  1.51697e+08  1.21433e+10 -5.41496e+08 -4.05564e+08 -1.47209e+09  1.55563e+09  7.54157e+08  6.13152e+08  1.19817e+09  8.49498e+08  -1.5137e+09 -6.07354e+08  1.04199e+09 -8.18215e+06 -1.37818e+08  7.93176e+08  2.42987e+08  1.15009e+09 -8.59061e+07  1.10428e+08 -2.47848e+08  1.05867e+09  2.08559e+08  1.42267e+08  1.14404e+08  5.97864e+08 -1.20981e+09 -1.39317e+09  1.48051e+09 -2.67963e+08 -4.54662e+08 -9.66598e+08  2.13917e+08 -2.48202e+08  -1.8871e+08  5.96452e+08 -4.50647e+07 -4.15671e+08       444449 -1.05088e+09  9.08929e+07 -1.07705e+09 -6.88514e+08   1.5689e+08 -4.85044e+08  4.86622e+08  3.67858e+08 -2.14781e+08   3.1077e+08 -1.33862e+08  7.02508e+08 -5.02766e+08  6.96918e+07  6.95723e+08  9.65807e+08 -1.06452e+09  6.35873e+08  4.81919e+08  3.47725e+08  6.25715e+08   -4.377e+08   8.2349e+08   4.1693e+08 -4.46161e+08   -2.264e+08  1.40735e+08 -1.34322e+09 -3.75231e+08 -3.65931e+08  5.43365e+08  6.75172e+08 -1.92552e+08 -4.61645e+08  5.51358e+08 -9.45851e+07 -4.26198e+07  1.86365e+08  1.92236e+08 -8.36239e+08 -2.76639e+08       686288 -6.40616e+08  1.30074e+08 -3.87486e+08  3.12205e+08  4.16723e+08 -5.08148e+08  2.03942e+07  1.12393e+09 -2.97899e+08  3.91463e+08  3.43807e+08 -5.42896e+08  4.26788e+08  7.16934e+08 -5.69617e+08 -4.10641e+08   7.4798e+07  -4.2055e+08 -3.02735e+08 -2.43133e+08  1.17252e+08 -4.71998e+08 -2.40704e+08 -5.50671e+08  9.68157e+07  4.42708e+08 -7.17672e+08 -5.25138e+08 -2.39306e+08 -2.04099e+08 -2.98283e+07 -4.52117e+07 -1.41118e+08 -7.33729e+08   -5.737e+08  1.07302e+08  5.99442e+08 -4.13609e+08  1.72796e+07 -1.70879e+08 -1.45702e+08  2.50729e+08  1.84035e+08  8.36624e+08 -6.65237e+08  1.02828e+09 -1.09737e+08 -8.97446e+08  -1.3795e+09  -1.7075e+08 -9.71835e+08 -6.29869e+08  2.76014e+07  5.28751e+08 -3.32666e+08 -3.92798e+07  2.72049e+08  7.79452e+08  7.61909e+08 -2.21452e+08  -7.6461e+08  1.54482e+08 -5.96138e+08  7.02439e+08 -6.83594e+08  6.18182e+08  2.50114e+08   9.1863e+07 -5.22422e+08  4.52546e+08  -4.2378e+08 -4.12621e+08 -3.35721e+08 -1.00661e+09
 -3.2103e+08  1.12949e+09 -5.68298e+08 -3.63392e+07 -6.36949e+07  2.88674e+08 -5.41314e+08 -9.72468e+08 -1.03045e+09 -6.74667e+08 -5.41496e+08  1.04091e+10 -1.07724e+09  2.31846e+07 -2.09009e+08  4.07699e+07 -2.84824e+08 -8.75042e+08 -3.93686e+08 -2.53456e+08 -1.80702e+08  3.29813e+08  -4.9316e+08 -2.79038e+08 -2.94768e+08  1.04725e+09  1.49076e+08 -8.04804e+08 -1.52572e+08 -4.17671e+08  2.56665e+08 -5.21433e+08  1.92855e+08 -6.01234e+08 -5.58962e+08   1.2748e+08  8.18956e+06 -3.57282e+07  9.49332e+08 -2.61169e+08  8.07665e+08 -1.01026e+09  7.79414e+08  3.29827e+08 -1.26768e+09  1.15752e+09  4.38813e+08 -3.58104e+08 -7.90454e+08  2.39054e+08  2.32856e+08  1.59701e+07  3.31698e+08  2.89897e+08 -9.22817e+07 -3.36575e+08  5.98836e+07  5.67562e+08  -7.0635e+08  1.77903e+08  9.98581e+08  3.91425e+08  4.48622e+08  4.99073e+08  2.38366e+08  6.52849e+08  3.90299e+07  7.31259e+08 -2.75762e+08 -3.25609e+08 -2.43947e+08   3.4334e+08 -6.90469e+08  3.49405e+08  9.22001e+08 -2.11095e+07  1.13834e+09 -3.42585e+08  1.21251e+09 -6.70872e+07 -3.77988e+07  1.08545e+08  -5.6075e+07  2.82977e+08 -6.21107e+08 -1.40998e+08 -2.59014e+08 -2.76426e+08  1.06095e+09 -9.51861e+07  2.54124e+08 -3.19358e+08 -3.88991e+08 -2.19186e+08  3.30244e+08 -1.64274e+08 -8.27442e+08 -3.99436e+08 -2.34546e+08 -4.09562e+08  7.86255e+08  -1.1434e+09 -1.51621e+09 -5.37279e+08  6.13085e+08  5.56733e+08  4.30712e+08 -2.16791e+08   4.2134e+08 -6.73312e+07 -1.97404e+08  1.40473e+08  3.36681e+08  2.01189e+08  2.30701e+08 -1.07556e+08 -4.17359e+08  8.40939e+08  4.07871e+08 -2.73742e+08  6.46058e+07  -6.6993e+08 -1.99907e+08 -3.21733e+08  1.02843e+08  -4.2065e+08 -1.36827e+08  4.38455e+08 -7.03564e+08 -8.74983e+08  4.05223e+08  6.62909e+08  6.06446e+08  3.87504e+08  4.77268e+08 -1.01117e+08 -4.54244e+08  4.36882e+08  6.73777e+08  1.31335e+09 -6.13183e+07  1.78244e+08 -1.96551e+08  1.66876e+08  3.91398e+08  1.29686e+09 -2.11925e+08 -2.26674e+08 -4.99662e+08 -7.41196e+08 -5.51775e+07 -7.67212e+07  4.53288e+08 -8.13009e+08  2.62273e+08  1.40999e+08 -2.04826e+08  8.96858e+07 -5.34856e+08 -1.26639e+08  1.42313e+08 -5.19897e+08 -7.64649e+08 -2.78064e+08
-9.66002e+08  1.62224e+09 -1.69769e+09  1.08485e+07  9.61436e+07  2.52991e+08  2.64146e+09  1.25392e+09  4.49706e+08 -5.88277e+08 -4.05564e+08 -1.07724e+09  1.29857e+10 -2.79028e+08 -2.06574e+09 -2.99244e+08  7.96481e+08 -3.41464e+08    1.265e+09  5.76901e+08 -1.03911e+08  2.40209e+08 -6.44784e+08  4.65127e+08 -2.54893e+08 -1.02414e+08  1.83833e+09 -4.93661e+08 -3.07221e+08  1.91346e+07  4.12792e+08  1.23756e+09   9.6987e+07 -7.43909e+08   3.9543e+08 -5.47081e+08   5.6562e+08  -7.3705e+08  5.83995e+08 -3.99949e+08 -9.08827e+08  7.29025e+08 -4.19268e+08   1.2754e+09 -6.79087e+08 -5.04982e+08  1.08389e+09 -3.25461e+08 -6.07547e+08 -5.60737e+06  3.07973e+08 -3.72846e+08  3.42465e+08 -2.26814e+08  5.27093e+08 -4.44558e+07 -1.27992e+09 -4.42198e+08   1.5726e+08 -1.22371e+08 -1.27546e+09 -7.50845e+08 -8.50224e+08 -6.23729e+08  5.77453e+07 -8.20103e+08  8.46443e+08 -1.94675e+08 -9.45144e+07   6.1749e+08 -1.75521e+08 -5.24898e+08  4.50505e+07  2.83199e+08  -5.9698e+08  1.06874e+08  1.08087e+09  7.96689e+08 -4.15483e+08   6.4138e+08  5.80215e+08  1.01817e+08  7.30433e+08 -3.05919e+08  1.58029e+08  1.61156e+08  3.70949e+08  1.38312e+08  1.83082e+08  -5.5387e+08 -1.36118e+08 -3.66122e+08 -4.30396e+07 -6.71754e+08  2.75973e+08  5.36369e+08  8.51735e+08 -2.96722e+08 -5.27468e+08  3.28851e+08  4.62936e+08  4.74509e+08 -9.89755e+07  1.02581e+09  -2.1814e+08 -2.79573e+08  4.53841e+08  4.91913e+07  3.49787e+08  6.10849e+07  2.08952e+08   3.7798e+08 -1.62808e+08  5.69084e+07 -3.10171e+07 -3.55975e+08  5.13558e+08 -4.76054e+08 -1.19456e+09  7.85348e+08  1.83731e+08  3.15687e+08 -4.04756e+06 -9.87286e+07 -8.63576e+08  -3.7756e+08  7.70916e+08 -3.94637e+08  3.95272e+08  1.02391e+09  4.32658e+08  1.18984e+08 -4.60466e+08  1.18193e+08 -1.33153e+09 -1.94293e+08 -4.48794e+07 -3.04956e+08  -4.1634e+08 -3.29294e+08  8.26625e+08 -3.37359e+08  4.15827e+08  7.32644e+08   3.2557e+08 -7.30698e+08 -1.41798e+08 -1.08394e+08  5.55839e+08  8.17297e+08  7.27322e+08  -1.1798e+08   5.3196e+08 -8.44772e+08 -1.72478e+08 -6.29131e+08 -4.71207e+08 -1.27021e+08  5.79972e+08 -4.09001e+08  4.05956e+08 -3.88381e+08  2.33166e+08  2.68114e+08
 3.16757e+08 -1.07361e+09  -7.6771e+08 -4.05312e+07  4.94749e+08 -9.01941e+07 -1.24746e+09 -6.23663e+08  2.05207e+07  3.41911e+08 -1.47209e+09  2.31846e+07 -2.79028e+08  1.03571e+10  5.10129e+08 -4.84383e+08  2.16834e+07 -2.80561e+08 -2.94162e+08  1.02191e+09 -6.77638e+07 -1.41734e+08  1.06086e+08   2.5062e+08  4.94176e+08  2.47622e+08 -1.21732e+09  4.17073e+08  1.33177e+09  5.20054e+08 -7.57919e+08  3.36423e+08 -1.18341e+09 -3.30993e+08 -2.90302e+08  2.87628e+08 -9.67303e+06 -1.16917e+09 -8.02955e+07  8.65926e+08  1.09151e+09 -1.09606e+08  3.04534e+08 -7.69754e+08 -4.35814e+08  2.44618e+08  -8.9801e+08  4.44976e+08 -6.86922e+08  2.12086e+08 -3.95502e+08 -4.98076e+08   3.4076e+08  7.90877e+08 -6.12947e+07  1.19149e+09 -2.89028e+08  2.13105e+08  7.80319e+08  -9.8599e+07 -5.81019e+07  3.20678e+08   1.2292e+08 -6.75423e+08  2.86906e+08 -4.41336e+08  1.13639e+08  1.61294e+08  -8.2494e+08  2.00936e+08 -6.81936e+08  5.29205e+08   2.4464e+08 -3.71367e+08   7.4643e+07  1.31335e+08 -4.10144e+08   1.9005e+08  4.95535e+08 -3.81185e+07  3.68751e+08  5.93364e+07 -5.44555e+08  5.80764e+08  2.32084e+08 -3.37281e+08  9.04656e+08  2.86204e+08 -2.99707e+08  3.11319e+08 -4.51223e+08  8.86702e+08  5.05669e+08 -4.30372e+08   5.0142e+08  5.54719e+08  7.72297e+08 -4.36802e+08   4.7353e+08 -5.10622e+08  2.91433e+08 -1.51148e+08 -2.19175e+08  1.88747e+07  2.23001e+08  1.51361e+08  3.48117e+08 -3.23467e+07 -5.14788e+08 -1.95649e+08  6.17777e+08 -3.79585e+08 -7.87164e+07  8.26733e+08 -3.56472e+08 -1.75725e+08  6.83393e+08  3.29225e+08 -9.21961e+07  -8.2009e+08 -5.50982e+08 -1.53335e+07 -4.21145e+07  8.92857e+08   5.2786e+08 -7.40167e+08 -2.46302e+08  9.22288e+08  2.63758e+08 -3.06816e+08  8.49748e+08  9.97273e+06 -3.60389e+08 -1.83227e+08 -5.52514e+08 -7.78636e+08 -4.24822e+08  8.99258e+07  1.21245e+09  -7.4399e+08  5.19332e+08  4.06754e+08  8.69895e+07   4.5142e+08  3.66143e+08  1.26797e+08 -7.52872e+08  -6.5075e+08 -7.25459e+08  9.45118e+07 -3.66912e+08 -2.21082e+08 -4.46209e+08 -1.46752e+08  2.21368e+08 -3.42056e+07 -2.72419e+07  1.07771e+08 -6.00893e+08  1.17269e+08  4.88296e+08 -4.77206e+07 -3.98086e+08 -2.51561e+07
 1.08897e+09 -3.55267e+09   2.5511e+09 -2.65847e+08 -1.50556e+08 -2.22348e+08 -2.53347e+09 -1.21738e+09 -7.53157e+08 -7.67465e+07  1.55563e+09 -2.09009e+08 -2.06574e+09  5.10129e+08  1.31153e+10 -6.40029e+08  5.27004e+08   1.7372e+07   5.0437e+07  1.12085e+09  6.77086e+07  1.57232e+08 -6.96371e+08  2.24512e+08 -2.36204e+07  5.31002e+08  1.73768e+08   3.6336e+08 -3.94858e+08  8.81321e+08 -7.37971e+08 -1.54675e+09 -4.98559e+08  1.07063e+09  1.61441e+08  1.05392e+09 -1.07688e+09  1.92987e+08 -6.87621e+08 -8.37312e+08 -6.96384e+08  6.62061e+08  3.15646e+08 -1.13683e+08  1.07074e+09 -1.04836e+09 -6.67873e+08  6.67954e+08 -1.07423e+08  4.10969e+08 -1.27428e+09  -4.3786e+08 -6.20265e+08 -1.02213e+09 -4.83849e+08  5.47194e+08 -2.48041e+08 -2.34994e+08 -8.93395e+08 -3.91262e+08 -6.32074e+08  4.13187e+08  2.41443e+07 -6.16532e+08  1.27198e+08  7.64534e+08 -4.96317e+08  8.98216e+08   1.7362e+08 -2.72125e+08 -2.24361e+07  1.92645e+08 -4.82494e+08 -6.46787e+08  1.76064e+08  1.94069e+08 -3.65041e+08  3.40688e+06 -3.44274e+08  1.13555e+09  4.86482e+07 -1.01154e+09 -3.64751e+08  1.59283e+09 -1.81514e+08  1.11013e+09 -1.63522e+08 -2.02886e+08 -1.44273e+09 -4.00578e+08  9.72078e+08 -2.44643e+07 -8.40473e+08  1.46143e+07  8.56411e+08  3.21204e+08   4.7943e+08  6.83524e+08  1.20834e+08  3.99296e+08  1.62774e+08 -3.85298e+08  4.96618e+08  1.14217e+09  2.17342e+08 -8.07295e+08 -1.17175e+08  5.04061e+08 -9.35857e+08 -6.49081e+08  1.80942e+08 -7.09933e+08  3.83405e+08  6.35301e+08  4.13789e+08 -2.25199e+08 -7.79179e+07  -9.5665e+07  2.71708e+08  5.56681e+07  2.61787e+08  2.86434e+08 -1.67156e+07 -1.04547e+08  1.24021e+09   -3.004e+08  6.65577e+08 -3.01878e+08  4.52124e+08 -1.55051e+08 -3.33383e+08 -2.58421e+08  4.42554e+08  8.81241e+08 -3.50217e+08  4.47386e+08  5.42879e+08 -7.31568e+07  1.02948e+08 -3.78581e+08 -2.53083e+08   7.9023e+08 -1.54495e+08   1.0496e+08  3.42576e+08  7.72822e+08  8.61638e+08 -5.06868e+08  3.49534e+08 -4.73546e+07 -6.33363e+08 -4.20955e+08 -7.59148e+08 -5.09201e+08  5.02405e+08 -6.13383e+08  5.97115e+07 -4.87216e+08 -4.07482e+08  8.37822e+08  3.03825e+08  5.44334e+07  7.87955e+06 -6.75316e+08
-4.64954e+07  5.07205e+08 -4.28334e+08  1.32195e+09   9.4887e+08  1.93064e+07  3.81818e+08  3.89195e+08 -1.06159e+08 -5.51353e+08  7.54157e+08  4.07699e+07 -2.99244e+08 -4.84383e+08 -6.40029e+08  1.07901e+10  1.24411e+08 -1.63478e+08 -1.25113e+08  2.42634e+08  3.30088e+08   4.2717e+08  6.65374e+08 -4.05919e+08 -4.40399e+08  8.90191e+07 -4.76548e+08 -3.49126e+08 -9.15528e+07 -3.54872e+08  2.52352e+08 -2.16878e+08 -3.85685e+08  -2.8613e+08 -2.96197e+08 -7.59019e+08  6.16468e+08 -1.08266e+07 -6.99577e+08 -5.56774e+08  2.71706e+08 -8.00837e+08  1.05848e+09 -4.47797e+08  9.47634e+07 -5.16138e+08  1.38137e+09  -2.7112e+08 -5.49421e+07 -1.25163e+09 -7.01126e+07  8.38072e+07  1.72662e+08  2.29155e+08 -3.71551e+08 -1.73944e+08  1.99239e+08  2.67787e+08 -1.10586e+09 -4.63429e+07 -2.18641e+08  1.72125e+08  5.18727e+08  4.17409e+08  3.02703e+08  5.62616e+08  2.30059e+08  1.48899e+06  6.54798e+08  3.11397e+08  6.73775e+08 -8.74064e+08 -2.37077e+08  3.69514e+08 -3.92139e+08  1.45775e+08 -3.67853e+08 -6.61631e+08 -6.82282e+07  -9.7407e+07 -7.43762e+08 -3.63406e+08  -3.5512e+07  9.28541e+07 -8.01352e+08  9.42253e+08 -4.54726e+08 -4.45065e+08  2.73622e+08 -6.06809e+08   2.0647e+08   8.6134e+08 -3.12724e+08  -3.0311e+07  5.71329e+08  8.88135e+08 -4.08971e+08  -7.2067e+07 -6.64576e+08  6.38573e+08 -8.00199e+07 -1.48638e+08  3.76039e+08 -2.74582e+08 -3.82692e+08  6.00481e+08  6.03358e+08 -7.00856e+08 -5.46591e+08 -3.23415e+08  2.58667e+08       175342  9.35674e+07 -7.09105e+08  2.17882e+08  8.66765e+08   2.9019e+07 -4.98119e+08   1.2014e+08 -4.09971e+07 -1.38646e+08 -3.37367e+08  3.01245e+08 -6.27304e+07  2.49511e+08 -3.28794e+08  -3.7447e+08  2.62437e+07  8.75311e+08 -2.12754e+08 -2.41307e+08 -1.15458e+08  4.34012e+06  2.02266e+08 -1.21493e+08  6.50669e+07  1.29959e+08  6.74931e+08 -8.58671e+07  2.68627e+08  7.83672e+07 -1.71977e+07  1.45975e+08 -3.20667e+08 -4.77222e+08 -3.18249e+07  -1.2752e+08  6.19399e+08 -4.42914e+08 -2.82846e+08 -1.12063e+09  6.16552e+08  4.60466e+08  1.43708e+08  1.93141e+08  2.58891e+08  6.37079e+07 -3.52724e+08 -2.94104e+07  2.24918e+08  4.92476e+07 -2.04946e+07  4.09381e+08 -1.41286e+08
-4.04261e+08 -7.24601e+07  2.80202e+07  5.62157e+08 -2.46534e+08 -2.59945e+08  5.84751e+08   2.3132e+08  9.11558e+08 -8.95433e+08  6.13152e+08 -2.84824e+08  7.96481e+08  2.16834e+07  5.27004e+08  1.24411e+08  1.05134e+10 -9.93898e+08  8.84317e+08  9.73594e+08  9.46027e+08  1.81404e+08 -1.09591e+08  4.14443e+08  2.14361e+08  7.27564e+08  1.03711e+09  1.38632e+08  7.70961e+08  1.00083e+08  2.70475e+08  2.84812e+08  1.01968e+09 -3.21501e+08  9.64599e+07 -1.01796e+08  -1.3671e+07  -5.4087e+08 -1.07698e+09  6.73517e+08  6.29752e+07  7.21845e+06  3.19951e+08 -8.42635e+08  2.24161e+08  1.93852e+07  3.18709e+08  7.52512e+08  -1.7058e+08 -3.81594e+08  1.02149e+09 -4.05213e+08  1.81935e+08 -3.83461e+07 -8.30018e+08  -4.1096e+08 -1.25742e+09 -2.10653e+06  1.57684e+09  2.73784e+08 -7.56604e+07   2.7678e+08  6.99326e+08 -9.79842e+07  1.50939e+08  1.78905e+08  5.96271e+08  2.53422e+08 -4.74995e+08 -7.35892e+07  1.04296e+08  7.35482e+08 -4.50003e+07  3.98894e+08 -6.08543e+07 -1.00994e+09 -1.05125e+09  5.01047e+08  5.84587e+08 -1.60573e+08  4.82914e+07  -5.1782e+08 -8.48111e+08  5.24607e+08 -5.47821e+07  6.94537e+08  1.08924e+08 -6.81005e+08   -4.682e+08 -4.58004e+08 -1.02506e+08 -9.05231e+08  2.59184e+08  8.85908e+08  6.15932e+08 -1.08102e+08  5.26993e+08  7.88492e+08  1.11854e+08  3.60592e+08 -6.65674e+08  3.20253e+07  4.29815e+08  4.46237e+08  -5.7578e+08 -6.24477e+08  7.06456e+08 -2.74925e+08 -8.30372e+08       349608  2.60481e+08  -7.8742e+08 -2.41422e+07 -1.34256e+08 -5.55216e+08  5.71535e+08  5.23486e+08 -4.31574e+08 -9.80369e+08  4.02529e+08  1.19519e+08 -1.51382e+08   1.6447e+08  2.44532e+08  5.55664e+08 -2.32558e+08  2.28809e+08  1.88628e+08  9.23588e+07  3.15798e+08 -3.28022e+08 -5.63361e+07   2.9574e+08  2.00065e+08 -1.46858e+08 -1.82312e+08  4.47258e+08 -1.12048e+07 -5.08075e+08  2.19152e+08 -1.45539e+08  6.36423e+08 -2.86284e+08 -3.79228e+08  9.12296e+08 -4.86548e+08 -4.23694e+08  4.55668e+08  9.93982e+08  5.44299e+07 -6.77911e+07 -6.82171e+08 -9.86353e+07 -6.32698e+07 -1.76857e+08  5.80025e+08  5.75874e+08   6.4564e+08  7.39271e+07 -1.47112e+08  6.27815e+08 -1.07115e+08 -1.88415e+08  1.89966e+08
 3.54145e+07  -3.7104e+08  8.39258e+08    -3.24e+08 -9.08308e+07 -6.56421e+08 -3.77293e+08  1.21576e+09 -9.04999e+08  1.85789e+09  1.19817e+09 -8.75042e+08 -3.41464e+08 -2.80561e+08   1.7372e+07 -1.63478e+08 -9.93898e+08  1.07084e+10  6.02122e+08   1.9545e+08 -5.75588e+07 -9.39984e+06   6.7073e+07  7.80552e+08  6.07797e+08 -6.35923e+08   2.8109e+08 -6.80926e+07  1.57667e+08 -1.07561e+08  3.59095e+08 -6.53961e+08 -1.69192e+07  1.81798e+08   9.4351e+08 -4.45888e+08  2.29835e+08  8.90817e+08  -1.0588e+09 -9.40019e+07  -7.6728e+07 -1.62512e+08  2.49807e+08  2.15431e+08  2.47363e+08  1.15994e+09  2.82801e+08 -9.42093e+08  1.61722e+08 -3.68306e+08  -9.1378e+08  -5.7944e+08  -9.4719e+08   8.8448e+08  2.50141e+08   4.3117e+08  7.41652e+08  4.90799e+08 -2.18276e+08 -2.61859e+07 -3.09483e+08 -1.13949e+08  1.92054e+08 -7.87748e+08  -8.3551e+08 -2.37857e+08 -9.55006e+08 -8.62719e+08 -2.44679e+08  1.99923e+08  6.58961e+08  3.26786e+07 -1.62197e+08   4.0394e+08  3.39397e+08 -8.03095e+08 -4.80618e+08 -8.17315e+08 -2.48356e+07  1.23026e+09 -1.01527e+08  3.97502e+08  2.75946e+08  4.82087e+08  2.88501e+07  1.44337e+08 -1.71561e+08  1.83234e+08 -4.88227e+08   3.1478e+08 -1.13258e+08  6.31904e+08  8.65431e+08  5.09752e+07 -6.81655e+08 -5.64678e+08 -1.00679e+08 -2.07275e+08  1.61307e+08 -6.04393e+08   1.7895e+08 -3.93031e+08 -7.23839e+07  5.41009e+08  6.07296e+08  1.41446e+08  3.05346e+08 -4.65113e+08  1.03613e+09 -3.04103e+08 -2.06107e+08 -1.13457e+08  2.74135e+08 -4.23485e+07  5.02341e+08 -3.01516e+08  3.41885e+08  -2.4095e+08 -2.99014e+08  -1.1034e+09  4.28006e+08  6.66989e+08   1.2944e+08  2.70819e+08 -4.17006e+07 -3.37438e+08  5.27316e+07  4.19395e+08  4.41589e+08  7.29963e+08 -8.38991e+07  -2.3723e+08  6.44365e+08  4.08684e+08  1.11277e+08  2.87211e+08 -8.32528e+08  -6.4256e+08 -4.66923e+08  2.96132e+08 -6.85838e+08 -5.11402e+08 -1.09704e+08  9.29749e+08 -1.18378e+09  -7.8791e+08  3.08709e+08   7.9713e+08  4.89054e+08  1.94074e+08 -9.77966e+08 -2.41871e+07  5.94084e+08  3.43854e+08  6.28465e+07  2.62328e+08  1.80102e+08  1.71048e+08  -1.3584e+08  1.17526e+09  -7.8619e+08 -2.50761e+08   7.0732e+08 -4.71156e+08
