  1.4972e+11 -2.01152e+11  6.66027e+10 -3.67467e+10  2.76437e+10 -3.82983e+10 -1.76686e+11 -1.04732e+11  2.53381e+10 -1.98923e+10 -2.86004e+10 -4.11317e+10 -1.23769e+11  4.05842e+10  1.39524e+11 -5.95764e+09 -5.17955e+10  4.53724e+09  -3.4006e+09 -7.48498e+09 -3.61989e+09  -1.2515e+10 -2.26704e+10 -1.27893e+10    1.349e+08 -6.28435e+09 -6.55319e+09  -4.5976e+07  4.00885e+08  4.75864e+10 -3.57121e+10 -2.75864e+10 -3.16041e+10  2.24798e+10  1.87093e+09  1.74868e+10  1.88475e+10 -1.86453e+10 -9.77036e+06 -1.80376e+10  5.81838e+10  5.75055e+09  5.12727e+10  6.45253e+09  5.37193e+10 -3.41865e+10  7.67233e+09  1.11232e+10   4.7418e+10 -3.80345e+09 -5.58874e+10  8.74501e+09  -3.4023e+10 -4.51842e+10  -5.6995e+10 -1.42877e+09  4.97834e+10 -3.55824e+08 -6.69245e+09  2.70972e+10 -3.76035e+09  2.29577e+10 -2.39653e+10 -1.35271e+10  1.66355e+10  -2.9508e+10 -2.41052e+10  8.90106e+09  1.20358e+10 -7.57086e+09  3.52715e+10 -4.27233e+10   1.3488e+09 -8.52383e+09   2.0277e+10  3.90007e+10 -3.94272e+10  -7.6065e+10 -1.76328e+10  7.18039e+09 -7.35835e+08  1.71685e+10 -3.18044e+10   2.6635e+10 -5.57735e+09  2.30445e+10  1.56925e+10  1.90084e+10 -1.93098e+10  2.61989e+10  1.94052e+09  7.36652e+09 -1.47926e+10 -7.73806e+09    6.099e+09  2.51941e+10  4.04148e+10 -3.56951e+09  -4.6963e+09  2.27371e+10  1.51336e+09  7.45111e+09 -3.65876e+09  1.73227e+10 -1.25092e+10  2.98998e+10  1.17428e+10 -1.59493e+10 -5.34761e+10  2.01193e+10  1.43854e+10  9.87467e+09   3.1448e+10  4.84329e+10  3.15889e+10 -1.89935e+09 -6.08284e+08  3.61811e+10  1.88579e+10 -1.43913e+10  3.32075e+10 -7.12955e+09 -4.39489e+10   3.2683e+10  1.47942e+10  -1.1602e+10  -1.0862e+10  2.26864e+10 -5.17642e+10 -1.16085e+10  4.95115e+09 -1.20164e+10 -2.72664e+10  3.85185e+10  1.85176e+10  1.64173e+10 -5.40203e+09  1.56642e+10   2.6276e+10 -1.89198e+10  3.48314e+10  5.85476e+09 -1.99153e+10  9.75792e+09 -6.81307e+09 -7.99368e+09  3.52437e+10 -2.52713e+10  1.16435e+10 -5.46757e+09 -2.96553e+09  -3.7939e+10 -6.14315e+09 -1.47288e+10  3.21258e+10 -2.28931e+10 -2.72501e+10  -1.6812e+10 -2.14232e+10  1.23353e+10  2.27506e+10  9.54113e+09 -7.98361e+09 -8.48947e+08
-2.01152e+11   1.4125e+12 -2.49225e+11   2.6736e+11  1.78126e+11  1.35265e+11   5.1975e+11  2.33804e+11  4.99264e+10  5.80546e+10 -2.50601e+11  1.44715e+11  2.07852e+11 -1.37555e+11 -4.55188e+11  6.49862e+10 -9.28186e+09 -4.75394e+10 -3.21551e+10 -1.05301e+11  5.00808e+10 -2.06837e+11  6.02274e+10 -1.29643e+11  1.76751e+10  1.38985e+10   2.3215e+09  5.02021e+09 -9.23925e+10  -2.8156e+10  2.64733e+10  4.78778e+10  2.68706e+10 -9.94494e+10 -1.43725e+11  2.49745e+09  6.05947e+09  5.18142e+10 -5.78844e+08  5.89964e+10 -9.23465e+10 -3.00973e+09 -1.38172e+11  1.53927e+11 -9.39233e+10 -3.13329e+10  6.12869e+10  1.72108e+10  2.12464e+09  -9.9276e+09  1.48373e+11  1.45024e+11  4.53985e+10  8.92299e+10  7.88345e+10 -9.72522e+10 -2.63714e+10 -1.50466e+11 -2.68478e+10 -4.36246e+10  8.49638e+10 -1.29491e+11  1.83325e+10  7.84625e+10 -4.89198e+10 -1.11859e+11 -8.98976e+09 -1.56775e+11  1.24496e+10 -1.42793e+11 -5.48249e+10  3.81239e+09 -8.57523e+10  2.44703e+10 -7.10264e+10 -1.71739e+10  4.64564e+10  3.61799e+10  4.44055e+10 -5.83901e+10  5.65754e+10 -8.12564e+10 -7.51175e+09 -1.16062e+11  7.89012e+10 -4.26283e+10  1.87396e+10  6.12448e+10 -7.84992e+09 -1.18393e+11   -2.763e+09 -3.92202e+10   7.9643e+10 -1.56765e+11  -2.0415e+10  3.22866e+10 -1.21446e+11 -9.06252e+10  8.52482e+10 -3.58147e+10  5.82755e+09  2.81281e+10 -3.08676e+10 -8.27417e+10  4.31454e+10  3.50524e+10  4.42146e+10 -7.33764e+09  1.48273e+11 -9.86594e+10  4.94298e+10  3.73328e+10 -4.59703e+10  -5.3428e+10 -8.88042e+10 -6.89434e+10  4.49656e+10 -7.22301e+10 -9.22019e+09 -2.41238e+10 -5.91171e+10  1.08955e+11 -8.90368e+09 -5.43503e+10  1.91232e+10  2.36855e+10 -2.10419e+09 -4.51833e+10   9.1638e+09  1.06266e+10  5.64744e+10  1.08095e+10 -6.73156e+10 -5.22379e+10 -3.95928e+10 -1.22464e+11 -6.09905e+10   3.3066e+10  8.07481e+10  8.63902e+10  1.30146e+10  1.50575e+11 -1.07043e+10 -1.23647e+09  6.59453e+10  4.23012e+09 -1.21721e+10 -1.59912e+09 -1.03097e+11 -8.00259e+09  3.50388e+10  8.29057e+10  5.34218e+10 -1.27547e+10 -5.58498e+10  2.90121e+10 -4.77725e+10 -5.99331e+10  4.78679e+10 -7.47192e+10  9.84409e+09 -4.01827e+09  1.76241e+10  4.72238e+10
 6.66027e+10 -2.49225e+11  1.06633e+12 -1.43962e+10  5.23991e+10  -1.1716e+11 -1.81747e+11 -8.86494e+10  1.12624e+11   7.8383e+10  1.43249e+11 -7.28123e+10 -2.17516e+11  -9.8362e+10   3.2686e+11 -5.48792e+10  3.58978e+09  1.07529e+11   -4.699e+10 -3.61629e+10  5.95043e+10 -1.67703e+10 -6.94945e+09 -1.64238e+10  4.36582e+10  5.15996e+10  1.63881e+10 -2.88463e+10 -2.46057e+10  1.29059e+11  1.22828e+10  2.25621e+10 -3.77096e+10  9.48285e+10 -3.02476e+10 -2.92622e+10  3.81286e+10  5.85435e+10 -9.27798e+10  3.71671e+10  -2.3117e+10  5.03186e+10   1.8853e+10 -2.46614e+10  9.97843e+10   7.0819e+10 -3.95967e+10 -1.66374e+10 -2.27528e+10  -2.9583e+10 -4.74618e+10 -4.10007e+10 -4.15481e+10 -4.31131e+10 -1.47423e+11  5.88877e+10 -1.89447e+10  -4.5364e+10  5.22222e+10 -5.93146e+10 -3.20361e+10 -3.65327e+10  2.17138e+10 -1.30691e+11  2.56948e+10 -1.87469e+10  1.34021e+09 -2.83828e+10     7.35e+10 -5.39906e+10  8.66382e+10 -3.05262e+10  4.95372e+10 -8.99659e+10 -5.58952e+09  -3.2398e+10 -1.49895e+11 -1.90152e+10 -3.81132e+10   3.4403e+09 -7.84023e+09  8.71952e+09  8.22484e+08 -1.16096e+10  3.49311e+10  4.86298e+10 -6.29485e+09   6.0146e+10 -1.85433e+11  2.94064e+10  6.02204e+10  -1.0557e+10 -1.53717e+10  7.66531e+10  4.54517e+10 -3.79324e+10 -3.09997e+09  9.73808e+10  7.86544e+10 -3.42056e+10 -9.13514e+10 -2.15394e+10  2.21687e+10  6.44573e+10  3.58927e+10  7.54291e+10 -2.81768e+10 -6.10879e+10  -3.4155e+09 -3.92064e+10 -4.14496e+10  -2.5694e+10  9.77349e+10 -4.44338e+10 -2.41643e+08 -8.27841e+09  6.23273e+10 -2.84066e+10 -6.20354e+09 -8.76665e+10  8.33922e+09 -1.75678e+10  5.71805e+10  7.53113e+10 -9.40963e+08  1.02137e+11 -9.44784e+10  4.40999e+10   -5.056e+10  9.05145e+09 -1.19321e+11 -6.45504e+10  6.58116e+09  4.87652e+08  7.49079e+10  1.03374e+10  3.39774e+10  8.64057e+10 -4.60125e+10 -7.23907e+10 -8.42091e+10   8.4696e+09  5.88693e+10 -6.06078e+10  4.16369e+09 -5.49064e+10  4.20081e+10  1.19872e+10  1.02196e+11  4.87292e+09  -9.9468e+09 -2.62018e+09 -6.46815e+10  3.28023e+10   8.1406e+10 -1.09252e+11  1.08971e+10 -2.56417e+10 -3.32986e+10  2.77632e+10  4.25382e+10 -6.25436e+09  2.38917e+10 -5.05243e+10
-3.67467e+10   2.6736e+11 -1.43962e+10  1.35683e+12  1.95253e+11  1.08187e+11  1.07392e+10 -8.85504e+10  -1.6858e+11  1.63113e+11 -2.18208e+09 -4.65442e+09  1.39118e+09 -5.19267e+09 -3.40625e+10  1.69375e+11  7.20247e+10 -4.15113e+10  5.48667e+10 -5.90299e+09 -5.65606e+10 -2.39325e+10  3.66762e+10  2.99224e+10 -7.49115e+10  4.58216e+10  -6.9133e+10 -1.56575e+11 -2.17935e+10 -9.01714e+10  3.27566e+08 -5.28015e+10 -1.35556e+11  9.66077e+09 -2.98077e+10 -8.83175e+10 -1.13392e+10  9.84912e+10 -8.75572e+10  9.69154e+10  -5.1665e+10  6.44611e+10  2.45762e+10 -6.22052e+10 -3.21644e+10 -8.85717e+10   3.1341e+10    2.145e+10  2.61041e+10 -3.70565e+10  2.75874e+10   1.2031e+11 -4.29258e+10 -2.20172e+10 -3.50127e+10  6.85318e+10  9.32704e+09 -5.06452e+10 -7.28293e+10 -6.31375e+10  8.51996e+09 -2.10196e+10 -4.23473e+09 -2.38405e+10 -1.31454e+11 -1.37444e+10  1.80242e+11  -1.2631e+11 -3.15039e+10 -4.35979e+10 -1.86965e+10  5.99735e+10 -7.67866e+10  4.24091e+10 -8.09368e+10 -1.23819e+11  -1.9999e+10  9.63729e+10 -9.42583e+10 -1.62928e+10 -7.21871e+09 -5.39928e+10  1.02272e+10  2.95094e+10  9.54311e+09   5.2721e+10  7.27865e+10 -8.80545e+10  5.11202e+09 -1.65127e+11  5.47071e+10  3.61191e+10  4.76832e+10 -7.64653e+09  1.23129e+11  7.69809e+10  1.83174e+09  9.47411e+10  2.55676e+10 -4.40764e+10  8.35112e+10  1.10129e+11  3.43164e+10 -2.30079e+10 -5.27307e+10  1.57947e+11  7.06257e+10 -8.88288e+10  1.48413e+11 -9.54447e+10  4.01742e+10 -1.99211e+10 -6.70417e+10  1.98754e+09 -2.29811e+10  1.43072e+11  8.93028e+10 -4.38957e+10  2.63364e+10 -2.18505e+10 -1.90928e+10  3.73949e+10  1.30528e+11 -2.60641e+10  4.19787e+10 -1.56425e+11  1.70258e+10 -6.02355e+10  2.98992e+10 -8.27557e+10  5.67132e+10 -3.42877e+10 -7.93312e+10 -4.36405e+10 -2.44569e+10 -8.43662e+10 -1.57444e+09 -3.41329e+10  5.29496e+10  1.92292e+10 -3.54284e+10  3.81872e+10  3.13139e+09  2.04107e+08  5.14935e+10 -1.05788e+11 -8.25507e+10 -2.13585e+09 -6.09569e+10 -1.54276e+10 -3.76584e+10  3.76527e+10 -1.01109e+10  1.06861e+10   3.1169e+10 -1.67158e+10  1.36205e+09  -1.8276e+10  3.97925e+10  -4.9498e+10 -3.72464e+10 -1.08708e+11  1.67547e+10 -7.19103e+10
 2.76437e+10  1.78126e+11  5.23991e+10  1.95253e+11  1.04501e+12 -1.61287e+11 -5.91612e+10 -6.40254e+10  1.09742e+11  8.96044e+10 -1.12112e+11 -8.16099e+09  1.23193e+10  6.33891e+10 -1.92906e+10  1.21573e+11 -3.15859e+10  -1.1637e+10 -1.61119e+10  5.18715e+10 -4.30618e+10 -6.74287e+10  6.57902e+10 -1.32867e+11  3.70766e+09  9.84794e+09 -1.41852e+11 -5.63635e+10 -6.43305e+10 -2.53985e+10 -6.59959e+10 -1.42654e+10 -5.29012e+10 -2.75759e+10 -9.25457e+10   4.5573e+10  2.15537e+10  4.50154e+10  -1.4794e+10  6.43505e+10 -3.05935e+10  9.50708e+10  3.49931e+10  2.79778e+10 -4.50041e+10 -1.33834e+11  7.80482e+10 -4.95556e+10   7.0913e+10  2.26631e+10  4.01562e+10  1.06796e+11   2.8128e+10 -1.80188e+10  -7.2811e+10 -1.78749e+10  3.54755e+10 -6.32651e+10 -9.46438e+10  -4.9725e+10 -1.55507e+10 -1.32323e+11 -8.27987e+10  2.99935e+10 -5.82965e+10 -3.95908e+10 -3.70574e+10 -1.18636e+11  7.31034e+10 -8.56828e+10  2.53624e+10  6.23143e+10  5.39091e+09  2.28437e+10  -7.8671e+10   2.9539e+10 -4.90466e+10 -5.02002e+09 -8.71926e+10 -2.54926e+10  7.64576e+10  2.59594e+10    1.557e+10 -9.37088e+10  1.24621e+11 -1.93425e+10  5.35489e+10   6.1515e+10 -6.72067e+10 -2.10843e+10  6.32703e+09  2.84375e+10  6.50127e+10 -5.03361e+10  5.11412e+10 -2.42697e+10 -2.30078e+10 -1.98241e+10 -1.50697e+10  7.51861e+09  4.29964e+10  7.95172e+10 -8.59914e+10 -2.59174e+10 -2.54079e+10  7.60585e+10  7.63905e+10  -5.4057e+10  4.23102e+10  3.81975e+10  7.13828e+10  2.92035e+10 -7.87049e+10  5.74515e+10  2.78872e+10 -1.22148e+10  1.01695e+11 -3.20136e+10 -3.45183e+10 -5.22744e+10 -4.74639e+10  9.12603e+10  2.77651e+10   2.8961e+09  2.23494e+10 -5.10271e+10   3.4695e+10  3.03913e+10 -2.85279e+10 -5.26772e+09  1.11013e+11 -4.06298e+10 -5.93618e+10 -6.63689e+10   5.4099e+10 -8.01355e+10  3.45519e+10 -2.37437e+10  6.91627e+10  2.38282e+10  2.83405e+10  3.43816e+10 -1.07173e+11  7.27728e+10 -1.01871e+10 -5.27184e+10  1.93912e+10 -8.73505e+10 -7.42826e+09 -3.23567e+10 -5.10106e+10  6.94707e+09  6.44743e+10  2.47073e+10   6.6122e+10 -1.98532e+10  2.23808e+09 -6.11705e+10 -3.28941e+10 -5.67387e+10  3.18625e+10  2.75514e+10  6.46561e+10 -2.60569e+10
-3.82983e+10  1.35265e+11  -1.1716e+11  1.08187e+11 -1.61287e+11  1.17541e+12  -1.0619e+11  1.32507e+11 -1.66582e+10 -1.03625e+11 -1.58721e+11  3.69856e+10  3.24147e+10  -1.1556e+10 -2.84894e+10  2.47305e+09 -3.33066e+10 -8.41011e+10 -2.49695e+10  1.57526e+11 -1.28153e+10 -1.50507e+11 -1.16494e+11  6.06688e+10  1.77443e+10   1.0499e+11 -5.15932e+09  3.88377e+10  5.89709e+10 -6.92179e+10  4.06898e+10 -3.93172e+09  2.61529e+10  3.03887e+09 -1.33441e+11 -2.10677e+09 -5.04042e+10  4.60602e+10 -8.87168e+10 -2.04706e+10  8.12308e+10  9.06248e+10  1.22373e+10   3.1254e+10  7.53087e+10  7.10189e+10  6.17045e+09  6.95216e+09  2.82738e+10 -4.89591e+10  4.24291e+10  1.03269e+10  8.71182e+09 -8.10513e+10 -7.73067e+10 -5.54079e+10  8.30635e+10  9.30869e+10  9.28927e+09  1.07124e+11  4.88365e+10 -3.97346e+10  4.11853e+10   1.7537e+10  6.03987e+09 -2.15724e+10 -1.58744e+10 -7.83992e+10   4.6191e+10 -2.38354e+10  3.76863e+10  6.29629e+10   7.4714e+10 -3.89127e+10 -7.45325e+10 -2.11676e+07  6.44206e+10 -1.95546e+10 -2.09873e+10  5.00347e+10  7.64766e+09  -8.9936e+10  4.65881e+10  1.10794e+09 -1.31721e+10  3.31195e+10   2.6004e+09 -1.10322e+10 -5.97201e+10 -6.92773e+10  3.21329e+10 -4.55405e+10 -7.84347e+09 -7.67127e+10 -4.44431e+10  1.34626e+10   4.3824e+10  4.97032e+10 -9.49551e+10 -3.35752e+10  1.00295e+11  2.77249e+09  1.16458e+10  -8.8797e+10 -5.86785e+10  1.82872e+10 -7.62159e+10   7.0647e+10  1.89944e+10  2.98402e+10 -6.59369e+10  3.68189e+10 -5.21456e+10  1.00358e+10 -3.09931e+10 -9.38318e+09 -5.25466e+10 -1.47291e+10  4.80682e+10  2.96551e+09  1.59417e+10 -5.14346e+10 -4.50238e+10 -1.03687e+11 -2.33449e+10 -1.36119e+11    5.748e+10 -9.98317e+10  1.79163e+10 -1.41228e+10  4.59305e+10  6.09066e+10   2.7735e+10 -3.44691e+10  5.46033e+10  5.14512e+10  5.76602e+10  2.28808e+10 -3.70523e+10  3.45134e+10   8.6453e+10  5.73747e+10  -6.6744e+10 -4.85944e+10 -3.21128e+10  2.41861e+10  5.86547e+10  1.55206e+10 -4.23903e+10 -8.79239e+09 -1.20934e+10  6.99677e+10 -7.76531e+10  1.82378e+10 -7.85677e+10  -6.5623e+10  -1.0679e+11 -1.70191e+10 -3.71427e+09 -2.24784e+10 -2.98714e+10 -9.24946e+09 -4.71812e+09 -5.07986e+10
-1.76686e+11   5.1975e+11 -1.81747e+11  1.07392e+10 -5.91612e+10  -1.0619e+11  1.52419e+12  2.16952e+11   9.5751e+08 -3.14446e+10  7.78759e+10  -6.9355e+10  3.38436e+11 -1.59831e+11 -3.24602e+11  4.89219e+10  7.49213e+10 -4.83413e+10  2.72717e+10 -9.49633e+10 -6.27601e+10  7.58949e+10 -1.09911e+11 -1.57642e+11  7.63509e+10 -6.48914e+10  8.17166e+10  2.01099e+11  -4.4112e+08  -1.0912e+10 -4.89048e+10 -3.80317e+09  9.79213e+10  7.30924e+09 -1.42236e+11 -9.76572e+10   5.2824e+10  1.61102e+11  9.73492e+09 -5.40286e+10  2.76687e+10 -2.00259e+10 -1.76847e+10   2.6886e+10 -5.92508e+10 -9.64651e+10 -5.69926e+09 -4.85138e+10  8.94039e+10 -6.25817e+10  1.08711e+11 -6.70661e+10  -3.7848e+09  8.73728e+10  1.03821e+11 -1.91458e+10 -1.65902e+11 -5.67402e+10 -4.71362e+10 -7.29232e+10  5.92601e+07 -4.65727e+10  5.32945e+09  2.83043e+09  2.61251e+10 -6.92663e+10  5.30571e+10 -2.47335e+10 -2.10789e+10 -1.73249e+10 -2.78601e+10 -1.20761e+11  7.17843e+10  8.95054e+10 -4.80159e+10 -6.14259e+10  1.22326e+10  8.76503e+10   1.8497e+09 -8.06515e+10  2.91787e+10  9.92097e+10  1.18467e+11 -1.31903e+11  4.37001e+10  3.43549e+10 -9.34918e+09  7.32914e+10 -5.90516e+10 -3.70889e+10 -1.07058e+11 -1.10885e+10  3.14816e+10 -3.30236e+10 -2.09247e+10  2.12517e+10 -1.08573e+11 -5.09385e+10  1.13846e+11  1.06367e+11 -4.53677e+10  1.10287e+11  5.16139e+10 -6.74162e+10   5.3215e+06 -1.30292e+11  1.99533e+08    5.825e+10  1.16034e+11 -1.48427e+10  1.10781e+11 -5.64144e+10  -4.0928e+10 -5.95275e+10 -2.40014e+10 -2.30513e+10 -1.48762e+10 -3.34776e+10 -1.64479e+10  2.17408e+10 -2.78346e+10  9.96268e+09  2.25748e+10  2.25993e+10 -4.26354e+10  9.38246e+10 -1.11332e+11  4.41536e+09 -4.31317e+10  1.81199e+10  1.03028e+11  2.40985e+10 -8.88308e+10 -6.85109e+10 -1.22653e+11 -5.02062e+10 -1.46599e+11 -1.02718e+10  2.98673e+10 -1.83636e+10 -2.16209e+10  4.87648e+10  9.12748e+10  4.16345e+10  1.06066e+11  3.25713e+10  1.03109e+10  3.91907e+09 -9.62263e+10  1.19698e+11  7.58309e+10 -2.64425e+10  2.76343e+10  1.45089e+10 -2.25122e+10  6.61868e+09 -7.29105e+08  9.26966e+10  5.22272e+09  1.32259e+10 -1.59188e+10  1.43754e+10  3.57841e+10 -3.36473e+09
-1.04732e+11  2.33804e+11 -8.86494e+10 -8.85504e+10 -6.40254e+10  1.32507e+11  2.16952e+11  1.48077e+12 -2.11958e+11   2.6111e+10  7.89045e+10 -1.24598e+11   1.6066e+11 -7.99058e+10 -1.55978e+11   4.9865e+10  2.96355e+10  1.55767e+11  4.37854e+09  1.00479e+11  1.78143e+10  1.54112e+11 -2.36402e+11  9.01115e+10  3.90402e+10  4.26964e+09  5.26668e+10  1.18479e+11  7.63769e+10 -1.97483e+11  9.04575e+10  1.49342e+11  9.63156e+10 -8.08422e+10  1.43642e+10 -8.80138e+10 -1.29473e+11  1.25574e+11 -4.74743e+10 -3.69369e+09  -6.8674e+10  1.29111e+09  2.35794e+10  2.65742e+10   1.1718e+11  1.05411e+11 -5.67836e+09  5.43228e+10 -4.90549e+10   3.3892e+10   5.5969e+10 -4.78229e+10 -3.54001e+10   1.3149e+08  8.73722e+10  2.67484e+09  3.30103e+10 -1.57294e+10  6.81681e+10  2.60024e+10 -3.05576e+10  8.76626e+10  3.43555e+10  1.51308e+10 -3.41943e+10  9.10234e+10  5.09754e+09 -3.69519e+10  9.02603e+10  9.84124e+10  4.12368e+10 -9.91836e+10 -5.49157e+10  4.81449e+10 -3.34826e+10 -1.06745e+11 -3.97799e+10  5.55887e+10 -6.74739e+10 -1.52782e+10 -3.58536e+10  7.56614e+10  8.53008e+10  3.38638e+10 -3.59736e+10  1.29329e+11  1.41857e+10  1.49666e+10 -3.59785e+10  1.04238e+10 -8.22787e+10 -4.33632e+10 -1.17361e+10 -1.98594e+10 -1.20897e+11 -1.01515e+11  1.84132e+10 -1.59293e+10 -1.05104e+10  3.26462e+10  4.11746e+10   1.1122e+11  1.09606e+11   9.8357e+09  1.11337e+11 -1.02437e+11 -1.09448e+11 -6.86907e+10 -1.39966e+11 -2.95497e+10  3.34057e+09 -4.43226e+10  6.22758e+10 -9.43721e+10 -9.21576e+10 -2.31651e+10  9.72026e+10  1.90011e+10 -5.33246e+09  2.80437e+10  1.39586e+10  9.14205e+10 -9.64628e+10  -2.9445e+10 -6.51623e+10  2.64224e+10  1.14525e+11  6.31673e+10  5.38081e+10  1.03345e+11 -8.27681e+10  3.03586e+10  1.14935e+11 -9.03398e+09 -5.23805e+10 -1.66715e+10   6.1659e+10 -4.02012e+10 -9.49447e+10  9.04092e+10  -1.6234e+11 -4.81287e+10 -3.11477e+09  4.68957e+09 -5.63565e+10 -1.22322e+10  1.08155e+10  7.35358e+10  2.79109e+10 -2.32379e+10 -3.38224e+10 -3.68216e+09 -1.76397e+10 -6.18531e+09 -2.83825e+10  6.96822e+10  1.14987e+11  1.15072e+11  6.85737e+10  2.12543e+10 -7.31828e+10  1.45468e+10  2.54626e+10 -2.88199e+10
 2.53381e+10  4.99264e+10  1.12624e+11  -1.6858e+11  1.09742e+11 -1.66582e+10   9.5751e+08 -2.11958e+11  1.26305e+12  4.02513e+10 -1.61368e+10 -1.32027e+11  5.76159e+10  2.62951e+09  -9.6498e+10 -1.36022e+10  1.16792e+11 -1.15953e+11 -2.06051e+10 -2.37878e+09  1.10892e+11 -1.27909e+11 -4.33508e+10 -7.87783e+10 -1.86775e+10 -1.91862e+10 -2.37997e+10 -3.29813e+09 -1.04532e+11  7.46385e+10 -2.88841e+10  3.83218e+10 -1.83323e+10 -8.81546e+10  1.37268e+09  1.10726e+11  3.57093e+10 -6.56378e+10 -2.58028e+10 -2.84082e+10  3.28282e+10 -5.11609e+10 -8.57022e+10 -2.54834e+10 -2.84942e+10 -1.43052e+11   8.5916e+10 -2.09916e+10  2.03233e+09 -1.04326e+09 -4.81345e+10  6.53115e+09 -8.68507e+10  1.88305e+10 -3.88358e+10 -1.37969e+11 -8.61477e+10 -2.01684e+10 -3.63396e+10 -2.02683e+08 -4.20527e+10 -5.22676e+10  6.22297e+10  2.98053e+10  4.94178e+10 -1.56827e+11  3.33303e+10  2.72074e+10  1.25666e+11 -2.02836e+10 -1.63618e+10  -8.3732e+10  -3.6799e+10  1.99442e+10  9.52356e+10  7.94912e+10  -1.1782e+10  4.61916e+09  1.35294e+10  3.18735e+10 -4.02615e+10  5.50618e+10 -1.04395e+11 -1.33264e+11 -4.15465e+10 -1.63629e+10  3.51476e+10  -2.8188e+10  7.85318e+10 -2.36059e+10  4.83284e+10 -1.55357e+10  9.57513e+10  9.96087e+09  3.02281e+10  1.47518e+10 -2.82128e+10  4.43636e+10  -1.4996e+11  6.11196e+10 -2.52567e+10 -3.76448e+10 -8.43751e+10   4.4719e+10 -2.47204e+10 -3.15647e+10  3.83907e+10  7.87586e+10 -3.19336e+09  2.80968e+09   7.4026e+10 -5.19637e+10  5.89586e+09  1.24378e+10  -4.6084e+10 -4.72168e+10 -1.85263e+10 -4.44202e+10 -3.25936e+09 -8.85946e+10  7.73043e+09  5.95911e+10  9.07666e+10  -4.6063e+10  6.96101e+10  3.09164e+10  1.51277e+10   -8.396e+09  1.53995e+10 -4.21738e+10 -5.99169e+09 -1.17252e+11  -1.3802e+11  6.12068e+09 -3.15783e+10 -7.21028e+10 -1.13658e+09 -9.47928e+10   8.5083e+10  3.26946e+10  8.61079e+10  5.05152e+10  -1.1541e+10 -4.23379e+10 -1.16814e+11  8.85064e+10 -4.86447e+10  -7.6093e+10  9.49771e+10  6.49139e+10  5.86476e+10  2.86819e+09  4.05305e+10  1.96692e+10  2.94983e+10 -5.00772e+10 -2.61483e+10  -5.9431e+10 -4.23171e+10 -6.74619e+10  6.36997e+10  4.68669e+10  9.21495e+10  1.36996e+11
-1.98923e+10  5.80546e+10   7.8383e+10  1.63113e+11  8.96044e+10 -1.03625e+11 -3.14446e+10   2.6111e+10  4.02513e+10  1.30347e+12  1.94365e+10 -8.64411e+10 -7.53738e+10  4.38075e+10  -9.8323e+09 -7.06414e+10 -1.14725e+11   2.3804e+11 -8.69632e+10 -2.00486e+10 -5.08585e+10  1.11275e+11  5.32666e+10 -1.58413e+09  6.35724e+10 -5.03429e+08 -8.08644e+10 -7.57589e+10 -2.08545e+11 -7.05054e+10  4.62045e+10  -2.8768e+10 -8.28419e+10 -2.78129e+10  5.22014e+10  1.20994e+11 -5.78991e+10  3.59985e+10 -9.65644e+10  7.14619e+08  -8.7054e+10  1.86565e+10  7.94087e+10 -9.34206e+10  2.55367e+10  7.32977e+10  -2.2532e+10  6.01518e+10 -5.84072e+10  1.22395e+11 -3.22267e+10 -1.90837e+10  1.04615e+10  1.09256e+11 -4.50306e+10  5.83125e+09  4.35758e+10 -9.67155e+10  3.37122e+09 -9.38195e+10 -2.93643e+10 -4.17007e+10  3.91385e+10 -9.10565e+10 -5.84753e+10  1.31334e+10  7.92653e+08 -1.09119e+10  1.07202e+11 -3.29562e+10  5.14301e+10 -4.33583e+10  5.16597e+10 -2.82674e+10  9.74648e+10 -2.34759e+10 -8.97008e+10 -2.69086e+10 -8.33268e+10   6.4641e+10 -2.72756e+10  5.03539e+10 -4.30098e+10   3.3827e+10  7.54694e+10  5.10747e+10 -1.96151e+10  5.05958e+10 -2.52475e+10 -4.05526e+09 -1.05162e+10  4.11413e+10 -3.16171e+10  2.05419e+11  2.44722e+10 -1.17973e+11 -4.98674e+10 -3.29933e+10   6.2155e+10 -1.09445e+11    8.217e+09  3.54366e+10  1.64096e+10  9.14768e+10  4.08461e+10 -5.62986e+10  2.72628e+09 -3.62856e+10  7.27639e+09 -3.50519e+10  6.26168e+10 -5.23975e+10  6.37507e+10  1.67786e+10  5.87125e+10 -5.76882e+10  1.74434e+10  2.70256e+10   4.2271e+10 -5.50473e+10 -9.71643e+10  8.20455e+10 -5.17016e+10 -3.09247e+10  4.70591e+10  1.89767e+10 -5.17224e+10  3.06591e+10  4.68215e+10 -3.57641e+10 -7.79175e+10 -5.51745e+10  -3.6682e+10 -5.31454e+09 -6.64444e+10  5.24833e+10 -1.24259e+10  6.91793e+09  1.24534e+10   3.6817e+10 -1.13284e+11  8.40922e+10 -1.53813e+11  1.11121e+11 -1.35736e+11  2.85189e+10  5.28648e+10 -1.91061e+09 -5.03789e+10  3.41319e+10   1.0085e+11  8.06326e+10  1.83262e+11 -5.40738e+09  2.57899e+10  6.52812e+09 -2.70391e+09 -6.46927e+10 -4.78337e+10  -3.7135e+08 -7.77781e+10 -1.74459e+10  5.80667e+10  3.19886e+10
-2.86004e+10 -2.50601e+11  1.43249e+11 -2.18208e+09 -1.12112e+11 -1.58721e+11  7.78759e+10  7.89045e+10 -1.61368e+10  1.94365e+10  1.55584e+12 -6.93791e+10 -5.19627e+10 -1.88611e+11  1.99315e+11  9.66254e+10  7.85626e+10  1.53515e+11  1.08841e+11 -1.93944e+11 -7.78158e+10  1.33503e+11 -1.04893e+09 -1.76587e+10  1.01626e+11  3.11326e+10  1.47354e+11 -1.10057e+10  1.41485e+10 -3.17544e+10   1.3564e+11  2.67208e+10  1.82282e+10  1.46586e+10  7.66003e+10 -1.55008e+11 -1.78498e+11  1.89689e+11 -3.43326e+10 -5.82537e+10 -1.23844e+11   2.7409e+10 -3.18012e+10 -2.41804e+10  7.64199e+10 -5.77394e+09  -5.3256e+10  5.49276e+07 -1.34643e+11  1.16466e+10 -1.37996e+11 -8.82156e+10  2.00995e+10 -6.21462e+10  6.23493e+10  4.71306e+10 -2.75198e+10  3.98163e+10 -1.71523e+10  9.00062e+10 -6.44171e+10  8.92905e+09   8.9139e+10  1.23743e+11  -1.3639e+11  8.14692e+10  6.17453e+10  4.45512e+10  8.01684e+10   -5.608e+10   1.0551e+11  5.34187e+10  -5.7164e+10 -2.90083e+10  1.80313e+10 -1.72098e+11 -4.80776e+10 -4.68856e+10  6.96178e+10  8.65058e+10 -2.46709e+10 -5.91473e+10  7.06417e+10 -1.21184e+10 -5.45958e+09   2.3878e+10  2.46298e+10 -1.07141e+11 -3.54443e+10  8.72762e+07 -8.20769e+10  1.66654e+10 -4.96452e+10  4.00005e+10  5.33923e+10 -6.51069e+10  2.61245e+09  1.44002e+11 -3.81685e+10  5.01564e+10  4.40502e+10 -6.95584e+10  5.46826e+10  9.18566e+10 -7.29816e+10 -5.26142e+10  9.58301e+09 -5.38822e+10 -3.87867e+10 -3.11508e+10  1.50228e+10 -6.04744e+10 -3.08391e+10 -7.05548e+10  1.24041e+10  5.67216e+10 -9.19505e+10 -6.72819e+10 -3.06605e+10 -2.61507e+10 -3.82234e+09 -5.79285e+09 -1.80815e+10  -9.4008e+10  -7.3504e+10   1.3748e+10  7.68031e+10 -5.29933e+10  2.21418e+09 -2.18938e+10 -1.86686e+10  3.21239e+10  2.35793e+10  1.07193e+11 -8.52333e+10  1.31747e+11 -1.40591e+10 -1.14984e+11 -1.76748e+11 -2.18776e+10 -1.24515e+11 -8.07014e+10  3.53585e+09  6.77451e+10 -4.26227e+10 -5.03376e+09  3.48565e+10   9.9866e+10   9.7619e+10 -2.83723e+10 -9.79649e+10  1.97922e+10 -7.63786e+10  8.99986e+10 -8.75858e+10  7.92043e+10  3.20471e+10  1.17695e+10 -6.69356e+10  5.79817e+10  -5.4295e+10 -5.28671e+10 -4.30135e+10 -1.28971e+11
-4.11317e+10  1.44715e+11 -7.28123e+10 -4.65442e+09 -8.16099e+09  3.69856e+10  -6.9355e+10 -1.24598e+11 -1.32027e+11 -8.64411e+10 -6.93791e+10  1.33364e+12 -1.38022e+11  2.97077e+09 -2.67806e+10  5.22429e+09 -3.64918e+10 -1.12113e+11 -5.04424e+10  -3.2474e+10 -2.31512e+10  4.22548e+10 -6.31858e+10 -3.57515e+10 -3.77677e+10  1.34178e+11  1.90995e+10 -1.03116e+11 -1.95461e+10 -5.35121e+10  3.28846e+10 -6.68102e+10  2.47077e+10 -7.70323e+10 -7.16164e+10  1.63322e+10  1.04898e+09  -4.5781e+09  1.21631e+11 -3.34596e+10  1.03481e+11 -1.29438e+11  9.98622e+10  4.22604e+10 -1.62421e+11  1.48306e+11  5.62242e+10 -4.58811e+10 -1.01275e+11  3.06285e+10  2.98358e+10  2.04751e+09  4.24985e+10  3.71435e+10 -1.18238e+10 -4.31238e+10  7.67268e+09  7.27183e+10 -9.05012e+10  2.27936e+10  1.27941e+11  5.01505e+10  5.74787e+10   6.3943e+10  3.05399e+10   8.3645e+10  4.99955e+09  9.36913e+10 -3.53323e+10 -4.17189e+10 -3.12565e+10  4.39891e+10 -8.84651e+10  4.47673e+10  1.18129e+11 -2.70504e+09   1.4585e+11 -4.38939e+10  1.55351e+11  -8.5957e+09 -4.84337e+09  1.39068e+10 -7.18615e+09  3.62568e+10 -7.95777e+10 -1.80645e+10 -3.31859e+10 -3.54171e+10  1.35933e+11 -1.21944e+10  3.25599e+10 -4.09179e+10 -4.98402e+10 -2.80829e+10  4.23123e+10 -2.10456e+10 -1.06013e+11 -5.11775e+10 -3.00521e+10 -5.24753e+10  1.00738e+11 -1.46495e+11 -1.94262e+11 -6.88388e+10   7.8551e+10  7.13309e+10  5.51849e+10 -2.77757e+10  5.39833e+10   -8.627e+09 -2.52924e+10  1.79979e+10  4.31352e+10  2.57766e+10  2.95575e+10 -1.37803e+10 -5.34741e+10  1.07744e+11  5.22575e+10 -3.50727e+10  8.27674e+09 -8.58344e+10 -2.56127e+10 -4.12213e+10  1.31766e+10 -5.38949e+10 -1.75305e+10  5.61759e+10 -9.01433e+10 -1.12106e+11  5.19183e+10  8.49339e+10  7.77006e+10  4.96477e+10  6.11497e+10 -1.29559e+10  -5.8199e+10  5.59754e+10  8.63263e+10  1.68271e+11 -7.85668e+09  2.28369e+10 -2.51842e+10  2.13812e+10  5.01472e+10  1.66159e+11 -2.71528e+10 -2.90421e+10 -6.40171e+10  -9.4965e+10 -7.07005e+09 -9.82861e+09   5.8076e+10 -1.04165e+11  3.36024e+10  1.80658e+10 -2.62426e+10  1.14905e+10 -6.85272e+10 -1.62248e+10  1.82337e+10 -6.66107e+10 -9.79696e+10 -3.56271e+10
-1.23769e+11  2.07852e+11 -2.17516e+11  1.39118e+09  1.23193e+10  3.24147e+10  3.38436e+11   1.6066e+11  5.76159e+10 -7.53738e+10 -5.19627e+10 -1.38022e+11  1.66377e+12 -3.57525e+10 -2.64673e+11 -3.83401e+10  1.02049e+11 -4.37509e+10  1.62077e+11  7.39151e+10 -1.33125e+10  3.07739e+10 -8.26144e+10  5.95935e+10 -3.26584e+10  -1.3122e+10  2.35535e+11 -6.32517e+10 -3.93621e+10  2.44911e+09  5.28889e+10  1.58562e+11  1.24272e+10 -9.53122e+10  5.06641e+10 -7.00943e+10  7.24695e+10  -9.4433e+10  7.48252e+10 -5.12415e+10 -1.16445e+11  9.34063e+10 -5.37187e+10  1.63411e+11 -8.70107e+10 -6.46995e+10  1.38874e+11  -4.1698e+10 -7.78409e+10 -7.19041e+08  3.94613e+10 -4.77703e+10  4.38801e+10 -2.90614e+10  6.75331e+10 -5.69661e+09 -1.63989e+11 -5.66576e+10  2.01484e+10  -1.5679e+10 -1.63418e+11  -9.6203e+10 -1.08934e+11 -7.99152e+10  7.39892e+09 -1.05076e+11  1.08451e+11  -2.4944e+10  -1.2109e+10   7.9115e+10 -2.24888e+10 -6.72519e+10  5.77134e+09  3.62852e+10 -7.64868e+10  1.36932e+10  1.38485e+11  1.02076e+11 -5.32334e+10  8.21777e+10  7.43398e+10  1.30448e+10  9.35867e+10 -3.91972e+10  2.02472e+10  2.06486e+10  4.75271e+10  1.77216e+10  2.34564e+10 -7.09639e+10 -1.74387e+10  -4.6908e+10 -5.51467e+09 -8.60693e+10    3.536e+10  6.87222e+10  1.09127e+11 -3.80169e+10 -6.75813e+10  4.21337e+10   5.9313e+10  6.07966e+10 -1.26808e+10  1.31431e+11 -2.79499e+10 -3.58216e+10  5.81476e+10  6.30253e+09  4.48167e+10   7.8276e+09  2.67726e+10  4.84277e+10 -2.08591e+10  7.29171e+09 -3.97411e+09 -4.56087e+10  6.57999e+10 -6.09937e+10 -1.53051e+11  1.00622e+11    2.354e+10  4.04468e+10 -5.18569e+08 -1.26497e+10 -1.10645e+11 -4.83741e+10  9.87733e+10 -5.05624e+10  5.06444e+10  1.31187e+11  5.54346e+10  1.52441e+10 -5.89962e+10  1.51436e+10 -1.70602e+11  -2.4894e+10 -5.75006e+09 -3.90722e+10 -5.33438e+10 -4.21894e+10   1.0591e+11  -4.3223e+10  5.32779e+10  9.38704e+10  4.17121e+10 -9.36202e+10  -1.8168e+10 -1.38875e+10  7.12147e+10  1.04715e+11  9.31875e+10 -1.51165e+10   6.8157e+10 -1.08236e+11 -2.20992e+10 -8.06074e+10 -6.03739e+10 -1.62738e+10  7.43086e+10 -5.24034e+10  5.20125e+10  -4.9761e+10   2.9874e+10  3.43526e+10
 4.05842e+10 -1.37555e+11  -9.8362e+10 -5.19267e+09  6.33891e+10  -1.1556e+10 -1.59831e+11 -7.99058e+10  2.62951e+09  4.38075e+10 -1.88611e+11  2.97077e+09 -3.57525e+10  1.32698e+12  6.53615e+10 -6.20626e+10  2.77888e+09 -3.59465e+10 -3.76903e+10  1.30932e+11  -8.6822e+09   -1.816e+10  1.35922e+10   3.2111e+10  6.33148e+10  3.17276e+10 -1.55969e+11  5.34364e+10  1.70632e+11  6.66319e+10  -9.7108e+10  4.31034e+10 -1.51624e+11 -4.24088e+10 -3.71952e+10  3.68539e+10 -1.23947e+09   -1.498e+11 -1.02886e+10  1.10946e+11  1.39848e+11 -1.40412e+10  3.90179e+10 -9.86246e+10 -5.58394e+10  3.13417e+10 -1.15056e+11  5.70125e+10 -8.80125e+10  2.71744e+10 -5.06725e+10 -6.38158e+10  4.36607e+10  1.01331e+11 -7.85345e+09  1.52659e+11 -3.70322e+10   2.7305e+10  9.99783e+10 -1.26325e+10 -7.44308e+09  4.10873e+10  1.57487e+10 -8.65377e+10  3.67591e+10 -5.65467e+10  1.45587e+10  2.06657e+10 -1.05695e+11  2.57455e+10 -8.73721e+10  6.78032e+10  3.13452e+10 -4.75807e+10  9.56264e+09  1.68271e+10 -5.25491e+10  2.43501e+10  6.34909e+10 -4.88405e+09  4.72447e+10  7.60212e+09  -6.9771e+10  7.44107e+10  2.97355e+10 -4.32131e+10  1.15908e+11  3.66694e+10 -3.83994e+10  3.98886e+10  -5.7812e+10  1.13607e+11  6.47887e+10 -5.51415e+10  6.42427e+10  7.10714e+10  9.89499e+10 -5.59641e+10  6.06696e+10  -6.5423e+10  3.73396e+10  -1.9365e+10 -2.80829e+10  2.41844e+09  2.85717e+10  1.93922e+10  4.46018e+10 -4.14435e+09 -6.59561e+10 -2.50666e+10  7.91514e+10 -4.86345e+10 -1.00857e+10  1.05923e+11 -4.56719e+10 -2.25146e+10  8.75595e+10  4.21818e+10 -1.18116e+10 -1.05073e+11  -7.0594e+10 -1.96334e+09 -5.39558e+09  1.14397e+11  6.76312e+10 -9.48336e+10 -3.15577e+10  1.18167e+11  3.37939e+10 -3.93103e+10  1.08873e+11  1.27688e+09 -4.61744e+10 -2.34752e+10 -7.07903e+10 -9.97618e+10 -5.44301e+10  1.15213e+10  1.55344e+11  -9.5324e+10  6.65384e+10  5.21148e+10  1.11459e+10  5.78374e+10  4.69111e+10  1.62463e+10 -9.64606e+10 -8.33773e+10 -9.29487e+10  1.21087e+10   -4.701e+10 -2.83263e+10 -5.71691e+10 -1.88017e+10  2.83622e+10 -4.38201e+09  -3.4888e+09  1.38085e+10 -7.69883e+10  1.50254e+10  6.25612e+10 -6.11322e+09 -5.10044e+10 -3.22289e+09
 1.39524e+11 -4.55188e+11   3.2686e+11 -3.40625e+10 -1.92906e+10 -2.84894e+10 -3.24602e+11 -1.55978e+11  -9.6498e+10  -9.8323e+09  1.99315e+11 -2.67806e+10 -2.64673e+11  6.53615e+10  1.68037e+12 -8.20042e+10  6.75201e+10  2.22759e+09  6.45994e+09  1.43608e+11  8.67404e+09  2.01443e+10 -8.92213e+10  2.87667e+10 -3.02633e+09  6.80321e+10  2.22628e+10  4.65559e+10 -5.05895e+10   1.1292e+11 -9.45516e+10 -1.98178e+11 -6.38793e+10  1.37174e+11  2.06847e+10  1.35033e+11 -1.37974e+11  2.47265e+10 -8.81007e+10  -1.0728e+11  -8.9222e+10  8.48248e+10  4.04442e+10 -1.45659e+10  1.37189e+11 -1.34318e+11 -8.55704e+10  8.55796e+10  -1.3764e+10  5.26552e+10 -1.63267e+11 -5.61002e+10 -7.94728e+10 -1.30958e+11 -6.19934e+10  7.01092e+10 -3.17783e+10 -3.01064e+10 -1.14465e+11   -5.013e+10  -8.0984e+10  5.29399e+10  3.09279e+09 -7.89922e+10   1.6297e+10  9.79554e+10 -6.35917e+10  1.15084e+11  2.22437e+10  -3.4865e+10 -2.87407e+09  2.46832e+10 -6.18199e+10 -8.28686e+10  2.25588e+10  2.48664e+10 -4.67705e+10  4.35484e+08 -4.41096e+10  1.45492e+11  6.23247e+09 -1.29603e+11 -4.67329e+10  2.04081e+11 -2.32555e+10  1.42233e+11 -2.09511e+10 -2.59939e+10 -1.84847e+11 -5.13217e+10  1.24547e+11 -3.13381e+09 -1.07685e+11  1.87376e+09  1.09727e+11  4.11536e+10  6.14274e+10   8.7576e+10  1.54818e+10  5.11597e+10  2.08555e+10 -4.93656e+10  6.36297e+10   1.4634e+11  2.78474e+10 -1.03434e+11 -1.50127e+10  6.45819e+10 -1.19907e+11 -8.31638e+10  2.31835e+10 -9.09596e+10  4.91244e+10  8.13968e+10  5.30151e+10 -2.88536e+10 -9.98301e+09 -1.22568e+10   3.4812e+10   7.1325e+09  3.35408e+10  3.66984e+10  -2.1416e+09  -1.3394e+10    1.589e+11  -3.8489e+10   8.5276e+10 -3.86774e+10  5.79285e+10 -1.98662e+10 -4.27139e+10   -3.311e+10   5.6702e+10  1.12907e+11 -4.48715e+10  5.73209e+10  6.95573e+10 -9.37335e+09   1.3191e+10 -4.85063e+10 -3.24266e+10  1.01246e+11 -1.97944e+10  1.34481e+10  4.38924e+10  9.90168e+10  1.10396e+11 -6.49414e+10  4.47846e+10 -6.06734e+09 -8.11504e+10 -5.39342e+10 -9.72646e+10 -6.52403e+10   6.4371e+10 -7.85892e+10  7.65079e+09 -6.24236e+10 -5.22066e+10  1.07344e+11  3.89275e+10  6.97493e+09   1.0097e+09 -8.65235e+10
-5.95764e+09  6.49862e+10 -5.48792e+10  1.69375e+11  1.21573e+11  2.47305e+09  4.89219e+10   4.9865e+10 -1.36022e+10 -7.06414e+10  9.66254e+10  5.22429e+09 -3.83401e+10 -6.20626e+10 -8.20042e+10  1.38245e+12  1.59422e+10 -2.09445e+10 -1.60293e+10  3.10885e+10  4.22922e+10  5.47319e+10  8.52506e+10 -5.20087e+10  -5.6425e+10  1.14056e+10 -6.10582e+10 -4.47324e+10 -1.17299e+10 -4.54675e+10  3.23343e+10 -2.77859e+10 -4.94147e+10  -3.6659e+10 -3.79518e+10 -9.72504e+10   7.8985e+10 -1.38633e+09 -8.96337e+10 -7.13346e+10  3.48097e+10 -1.02607e+11  1.35617e+11 -5.73739e+10  1.21408e+10 -6.61296e+10  1.76988e+11  -3.4737e+10 -7.03904e+09 -1.60363e+11 -8.98172e+09  1.07381e+10   2.2121e+10  2.93611e+10 -4.76028e+10 -2.22869e+10  2.55273e+10  3.43109e+10 -1.41688e+11 -5.93673e+09 -2.80123e+10  2.20532e+10  6.64623e+10  5.34806e+10  3.87825e+10  7.20855e+10  2.94765e+10   1.9191e+08  8.38937e+10  3.98976e+10  8.63262e+10 -1.11989e+11 -3.03744e+10  4.73438e+10 -5.02409e+10   1.8677e+10 -4.71296e+10 -8.47718e+10 -8.74212e+09 -1.24806e+10 -9.52945e+10 -4.65617e+10 -4.54995e+09  1.18973e+10 -1.02672e+11  1.20726e+11 -5.82616e+10 -5.70237e+10  3.50576e+10 -7.77468e+10  2.64545e+10  1.10359e+11 -4.00665e+10 -3.88283e+09  7.31989e+10  1.13791e+11 -5.23984e+10 -9.23322e+09 -8.51488e+10   8.1815e+10  -1.0252e+10 -1.90442e+10  4.81785e+10 -3.51809e+10 -4.90318e+10  7.69371e+10  7.73051e+10 -8.97966e+10 -7.00304e+10 -4.14374e+10  3.31419e+10  2.22544e+07  1.19887e+10 -9.08541e+10  2.79143e+10  1.11053e+11  3.71846e+09 -6.38208e+10  1.53931e+10 -5.25303e+09 -1.77643e+10  -4.3224e+10  3.85967e+10 -8.03759e+09  3.19679e+10  -4.2127e+10 -4.79781e+10   3.3635e+09  1.12148e+11 -2.72588e+10 -3.09165e+10 -1.47933e+10  5.55548e+08   2.5915e+10 -1.55658e+10  8.33702e+09  1.66508e+10  8.64744e+10 -1.10015e+10  3.44185e+10    1.004e+10 -2.20351e+09  1.87023e+10 -4.10849e+10 -6.11441e+10 -4.07706e+09 -1.63392e+10  7.93604e+10 -5.67479e+10 -3.62396e+10 -1.43579e+11  7.89956e+10  5.89962e+10  1.84125e+10  2.47464e+10  3.31706e+10  8.16309e+09 -4.51924e+10 -3.76966e+09  2.88177e+10  6.30815e+09  -2.6268e+09  5.24507e+10 -1.81031e+10
-5.17955e+10 -9.28186e+09  3.58978e+09  7.20247e+10 -3.15859e+10 -3.33066e+10  7.49213e+10  2.96355e+10  1.16792e+11 -1.14725e+11  7.85626e+10 -3.64918e+10  1.02049e+11  2.77888e+09  6.75201e+10  1.59422e+10  1.34701e+12 -1.27342e+11  1.13304e+11  1.24738e+11  1.21209e+11  2.32431e+10 -1.40428e+10  5.30996e+10  2.74661e+10  9.32182e+10  1.32878e+11  1.77618e+10  9.87789e+10  1.28238e+10  3.46537e+10  3.64907e+10  1.30647e+11 -4.11911e+10  1.23598e+10 -1.30425e+10 -1.75221e+09 -6.92982e+10 -1.37986e+11   8.6294e+10  8.06731e+09  9.23857e+08  4.09925e+10 -1.07963e+11  2.87209e+10  2.48304e+09  4.08344e+10  9.64145e+10  -2.1856e+10  -4.8891e+10  1.30877e+11 -5.19181e+10  2.33099e+10 -4.91343e+09 -1.06345e+11 -5.26551e+10 -1.61106e+11 -2.69896e+08  2.02031e+11  3.50781e+10 -9.69404e+09  3.54613e+10  8.96019e+10 -1.25537e+10  1.93392e+10  2.29211e+10   7.6397e+10  3.24688e+10 -6.08582e+10 -9.42731e+09  1.33626e+10  9.42321e+10 -5.76414e+09  5.11081e+10 -7.79663e+09 -1.29397e+11  -1.3469e+11  6.41952e+10  7.49003e+10 -2.05732e+10  6.18863e+09 -6.63462e+10 -1.08663e+11  6.72156e+10  -7.0184e+09  8.89866e+10  1.39563e+10 -8.72532e+10 -5.99877e+10 -5.86825e+10 -1.31349e+10 -1.15982e+11  3.32063e+10  1.13507e+11  7.89164e+10 -1.38492e+10  6.75195e+10  1.01024e+11  1.43309e+10   4.6201e+10 -8.52881e+10  4.10293e+09  5.50697e+10  5.71735e+10 -7.37703e+10   -8.001e+10  9.05148e+10 -3.52255e+10 -1.06391e+11  4.40947e+07  3.33748e+10 -1.00888e+11 -3.09409e+09 -1.72015e+10 -7.11371e+10  7.32286e+10  6.70714e+10 -5.52954e+10 -1.25609e+11  5.15727e+10  1.53129e+10 -1.93963e+10  2.10734e+10  3.13309e+10  7.11943e+10 -2.97963e+10  2.93151e+10  2.41661e+10  1.18334e+10   4.0461e+10 -4.20285e+10 -7.21764e+09  3.78906e+10  2.56328e+10 -1.88165e+10  -2.3359e+10  5.73039e+10 -1.43509e+09 -6.50958e+10  2.80776e+10 -1.86468e+10  8.15406e+10 -3.66794e+10 -4.85876e+10  1.16887e+11 -6.23381e+10 -5.42855e+10  5.83817e+10  1.27353e+11  6.97316e+09 -8.68512e+09 -8.74025e+10 -1.26371e+10 -8.10638e+09  -2.2659e+10   7.4315e+10  7.37843e+10  8.27222e+10  9.47277e+09 -1.88487e+10  8.04387e+10 -1.37248e+10 -2.41412e+10  2.43393e+10
 4.53724e+09 -4.75394e+10  1.07529e+11 -4.15113e+10  -1.1637e+10 -8.41011e+10 -4.83413e+10  1.55767e+11 -1.15953e+11   2.3804e+11  1.53515e+11 -1.12113e+11 -4.37509e+10 -3.59465e+10  2.22759e+09 -2.09445e+10 -1.27342e+11  1.37199e+12  7.71453e+10  2.50402e+10 -7.37472e+09  -1.2051e+09  8.59455e+09  1.00008e+11  7.78735e+10 -8.14766e+10  3.60134e+10 -8.72376e+09  2.02013e+10 -1.37806e+10  4.60071e+10 -8.37868e+10 -2.16822e+09  2.32939e+10  1.20887e+11  -5.7129e+10  2.94467e+10  1.14134e+11 -1.35659e+11 -1.20439e+10 -9.83059e+09 -2.08211e+10  3.20074e+10   2.7601e+10  3.16926e+10  1.48616e+11  3.62327e+10 -1.20704e+11    2.072e+10 -4.71903e+10 -1.17077e+11 -7.42384e+10 -1.21358e+11  1.13322e+11  3.20494e+10  5.52433e+10  9.50243e+10  6.28835e+10 -2.79675e+10 -3.35445e+09 -3.96521e+10 -1.45996e+10  2.46065e+10  -1.0093e+11 -1.07048e+11 -3.04758e+10 -1.22358e+11 -1.10535e+11 -3.13494e+10  2.56151e+10  8.44281e+10  4.18771e+09 -2.07815e+10  5.17545e+10  4.34853e+10 -1.02895e+11 -6.15785e+10 -1.04716e+11 -3.18351e+09  1.57625e+11 -1.30074e+10  5.09295e+10  3.53559e+10  6.17661e+10  3.69584e+09  1.84931e+10 -2.19819e+10  2.34764e+10 -6.25536e+10  4.03303e+10 -1.45106e+10  8.09607e+10  1.10883e+11   6.5317e+09 -8.73352e+10 -7.23492e+10 -1.28994e+10 -2.65566e+10  2.06665e+10 -7.74377e+10  2.29281e+10 -5.03563e+10 -9.27379e+09   6.9315e+10  7.78098e+10   1.8121e+10  3.91216e+10 -5.95924e+10  1.32753e+11 -3.89631e+10 -2.64075e+10 -1.45357e+10  3.51235e+10 -5.42601e+09  6.43614e+10 -3.86309e+10  4.38028e+10 -3.08712e+10  -3.8312e+10 -1.41372e+11  5.48385e+10  8.54584e+10  1.65845e+10  3.46976e+10 -5.34297e+09 -4.32337e+10  6.75597e+09  5.37352e+10  5.65779e+10  9.35253e+10 -1.07485e+10 -3.03956e+10  8.25567e+10  5.23619e+10  1.42569e+10   3.6799e+10 -1.06667e+11 -8.23279e+10 -5.98234e+10  3.79412e+10 -8.78712e+10 -6.55234e+10 -1.40565e+10  1.19123e+11  -1.5167e+11 -1.00949e+11  3.95519e+10  1.02131e+11   6.2658e+10   2.4866e+10 -1.25302e+11  -3.1002e+09  7.61172e+10  4.40564e+10  8.05311e+09  3.36099e+10   2.3075e+10  2.19155e+10 -1.74041e+10  1.50579e+11  -1.0073e+11 -3.21285e+10  9.06244e+10 -6.03668e+10
