 3.06626e+14 -4.11959e+14  1.36402e+14 -7.52572e+13  5.66144e+13 -7.84349e+13 -3.61853e+14  -2.1449e+14  5.18925e+13 -4.07393e+13 -5.85736e+13 -8.42376e+13 -2.53479e+14  8.31165e+13  2.85746e+14 -1.22013e+13 -1.06077e+14  9.29226e+12 -6.96444e+12 -1.53292e+13 -7.41353e+12 -2.56306e+13  -4.6429e+13 -2.61924e+13  2.76276e+11 -1.28704e+13 -1.34209e+13 -9.41588e+10  8.21012e+11  9.74569e+13 -7.31385e+13  -5.6497e+13 -6.47252e+13  4.60386e+13  3.83167e+12  3.58129e+13  3.85996e+13 -3.81857e+13 -2.00097e+10  -3.6941e+13   1.1916e+14  1.17771e+13  1.05007e+14  1.32148e+13  1.10017e+14  -7.0014e+13  1.57129e+13  2.27803e+13  9.71122e+13 -7.78947e+12 -1.14457e+14  1.79098e+13 -6.96791e+13 -9.25372e+13 -1.16726e+14 -2.92611e+12  1.01957e+14 -7.28728e+11 -1.37061e+13   5.5495e+13 -7.70119e+12  4.70174e+13  -4.9081e+13 -2.77035e+13  3.40696e+13 -6.04324e+13 -4.93675e+13  1.82294e+13  2.46494e+13 -1.55051e+13  7.22361e+13 -8.74973e+13  2.76234e+12 -1.74568e+13  4.15272e+13  7.98734e+13  -8.0747e+13 -1.55781e+14 -3.61121e+13  1.47054e+13 -1.50699e+12   3.5161e+13 -6.51354e+13  5.45485e+13 -1.14224e+13   4.7195e+13  3.21383e+13  3.89292e+13 -3.95464e+13  5.36552e+13  3.97419e+12  1.50866e+13 -3.02953e+13 -1.58475e+13  1.24908e+13  5.15974e+13  8.27694e+13 -7.31035e+12 -9.61802e+12  4.65656e+13  3.09937e+12  1.52599e+13 -7.49314e+12  3.54769e+13 -2.56188e+13  6.12347e+13  2.40493e+13 -3.26642e+13 -1.09519e+14  4.12043e+13  2.94613e+13  2.02233e+13  6.44055e+13  9.91906e+13  6.46941e+13 -3.88988e+12 -1.24577e+12  7.40988e+13   3.8621e+13 -2.94733e+13   6.8009e+13 -1.46013e+13 -9.00074e+13  6.69349e+13  3.02985e+13 -2.37609e+13 -2.22453e+13  4.64618e+13 -1.06013e+14 -2.37742e+13    1.014e+13 -2.46096e+13 -5.58416e+13  7.88859e+13   3.7924e+13  3.36226e+13 -1.10634e+13  3.20802e+13  5.38133e+13 -3.87477e+13  7.13346e+13  1.19905e+13 -4.07866e+13  1.99842e+13 -1.39532e+13 -1.63711e+13  7.21791e+13 -5.17555e+13  2.38459e+13 -1.11976e+13 -6.07341e+12  -7.7699e+13 -1.25812e+13 -3.01645e+13  6.57935e+13 -4.68851e+13 -5.58082e+13 -3.44309e+13 -4.38748e+13  2.52628e+13  4.65933e+13  1.95402e+13 -1.63504e+13 -1.73864e+12
-4.11959e+14   2.8928e+15 -5.10413e+14  5.47554e+14  3.64802e+14  2.77022e+14  1.06445e+15  4.78831e+14  1.02249e+14  1.18896e+14 -5.13232e+14  2.96376e+14  4.25681e+14 -2.81712e+14 -9.32225e+14  1.33092e+14 -1.90093e+13 -9.73607e+13 -6.58536e+13 -2.15657e+14  1.02566e+14 -4.23603e+14  1.23346e+14 -2.65508e+14  3.61986e+13  2.84642e+13  4.75444e+12  1.02814e+13  -1.8922e+14 -5.76634e+13  5.42172e+13  9.80536e+13   5.5031e+13 -2.03672e+14 -2.94349e+14  5.11477e+12  1.24098e+13  1.06115e+14 -1.18547e+12  1.20825e+14 -1.89126e+14 -6.16392e+12 -2.82976e+14  3.15243e+14 -1.92355e+14 -6.41698e+13  1.25516e+14  3.52477e+13  4.35127e+12 -2.03317e+13  3.03867e+14  2.97009e+14  9.29761e+13  1.82743e+14  1.61453e+14 -1.99173e+14 -5.40087e+13 -3.08155e+14 -5.49842e+13 -8.93433e+13  1.74006e+14 -2.65197e+14  3.75451e+13  1.60691e+14 -1.00188e+14 -2.29088e+14  -1.8411e+13 -3.21076e+14  2.54967e+13 -2.92441e+14 -1.12281e+14  7.80778e+12 -1.75621e+14  5.01152e+13 -1.45462e+14 -3.51721e+13  9.51428e+13  7.40965e+13  9.09424e+13 -1.19583e+14  1.15866e+14 -1.66413e+14 -1.53841e+13 -2.37695e+14   1.6159e+14 -8.73027e+13  3.83786e+13  1.25429e+14 -1.60766e+13 -2.42468e+14 -5.65862e+12 -8.03229e+13  1.63109e+14 -3.21055e+14 -4.18099e+13  6.61231e+13  -2.4872e+14   -1.856e+14  1.74588e+14 -7.33484e+13  1.19348e+13  5.76064e+13 -6.32168e+13 -1.69455e+14  8.83619e+13  7.17873e+13  9.05514e+13 -1.50275e+13  3.03663e+14 -2.02054e+14  1.01232e+14  7.64576e+13 -9.41472e+13 -1.09421e+14 -1.81871e+14 -1.41196e+14  9.20896e+13 -1.47927e+14 -1.88829e+13 -4.94054e+13 -1.21072e+14  2.23139e+14 -1.82347e+13 -1.11309e+14  3.91642e+13   4.8508e+13 -4.30938e+12 -9.25354e+13  1.87675e+13  2.17632e+13   1.1566e+14  2.21378e+13 -1.37862e+14 -1.06983e+14 -8.10861e+13 -2.50807e+14 -1.24909e+14  6.77192e+13  1.65372e+14  1.76927e+14  2.66539e+13  3.08378e+14 -2.19223e+13 -2.53228e+12  1.35056e+14  8.66328e+12 -2.49284e+13 -3.27501e+12 -2.11142e+14 -1.63893e+13  7.17595e+13  1.69791e+14  1.09408e+14 -2.61217e+13  -1.1438e+14  5.94167e+13  -9.7838e+13 -1.22743e+14  9.80334e+13 -1.53025e+14  2.01607e+13 -8.22942e+12  3.60942e+13  9.67144e+13
 1.36402e+14 -5.10413e+14  2.18385e+15 -2.94835e+13  1.07313e+14 -2.39945e+14 -3.72218e+14 -1.81554e+14  2.30653e+14  1.60528e+14  2.93373e+14  -1.4912e+14 -4.45474e+14 -2.01445e+14   6.6941e+14 -1.12393e+14  7.35187e+12  2.20219e+14 -9.62355e+13 -7.40617e+13  1.21865e+14 -3.43456e+13 -1.42325e+13 -3.36358e+13   8.9412e+13  1.05676e+14  3.35629e+13 -5.90772e+13 -5.03925e+13  2.64312e+14  2.51552e+13  4.62072e+13 -7.72293e+13  1.94209e+14  -6.1947e+13 -5.99289e+13  7.80873e+13  1.19897e+14 -1.90013e+14  7.61183e+13 -4.73435e+13  1.03053e+14   3.8611e+13 -5.05066e+13  2.04358e+14  1.45037e+14 -8.10939e+13 -3.40734e+13 -4.65978e+13  -6.0586e+13 -9.72017e+13 -8.39695e+13 -8.50905e+13 -8.82957e+13 -3.01923e+14  1.20602e+14 -3.87988e+13 -9.29055e+13  1.06951e+14 -1.21476e+14 -6.56098e+13 -7.48189e+13  4.44699e+13 -2.67655e+14  5.26229e+13 -3.83937e+13  2.74475e+12  -5.8128e+13  1.50528e+14 -1.10573e+14  1.77435e+14 -6.25177e+13  1.01452e+14  -1.8425e+14 -1.14473e+13 -6.63512e+13 -3.06986e+14 -3.89432e+13 -7.80558e+13  7.04574e+12 -1.60568e+13  1.78576e+13  1.68445e+12 -2.37765e+13  7.15388e+13  9.95938e+13 -1.28919e+13  1.23179e+14 -3.79766e+14  6.02243e+13  1.23331e+14 -2.16207e+13 -3.14813e+13  1.56985e+14  9.30852e+13 -7.76856e+13 -6.34874e+12  1.99436e+14  1.61084e+14  -7.0053e+13 -1.87088e+14 -4.41127e+13  4.54016e+13  1.32008e+14  7.35083e+13  1.54479e+14  -5.7706e+13 -1.25108e+14 -6.99494e+12 -8.02947e+13 -8.48887e+13 -5.26212e+13  2.00161e+14 -9.10005e+13 -4.94885e+11 -1.69542e+13  1.27646e+14 -5.81767e+13 -1.27049e+13 -1.79541e+14  1.70787e+13 -3.59788e+13  1.17106e+14  1.54237e+14 -1.92709e+12  2.09176e+14 -1.93492e+14  9.03167e+13 -1.03547e+14  1.85374e+13  -2.4437e+14 -1.32199e+14  1.34782e+13   9.9871e+11  1.53411e+14   2.1171e+13  6.95856e+13  1.76959e+14 -9.42337e+13 -1.48256e+14  -1.7246e+14  1.73457e+13  1.20564e+14 -1.24125e+14  8.52724e+12 -1.12448e+14  8.60326e+13  2.45497e+13  2.09297e+14  9.97974e+12  -2.0371e+13 -5.36612e+12 -1.32468e+14  6.71791e+13   1.6672e+14 -2.23748e+14  2.23172e+13 -5.25142e+13 -6.81955e+13  5.68589e+13  8.71182e+13 -1.28089e+13  4.89302e+13 -1.03474e+14
-7.52572e+13  5.47554e+14 -2.94835e+13  2.77879e+15  3.99877e+14  2.21566e+14  2.19939e+13 -1.81351e+14 -3.45252e+14  3.34056e+14  -4.4689e+12 -9.53226e+12  2.84914e+12 -1.06346e+13 -6.97599e+13   3.4688e+14  1.47507e+14 -8.50152e+13  1.12367e+14 -1.20893e+13 -1.15836e+14 -4.90137e+13  7.51128e+13   6.1281e+13 -1.53419e+14  9.38426e+13 -1.41584e+14 -3.20666e+14  -4.4633e+13 -1.84671e+14  6.70856e+11 -1.08138e+14 -2.77619e+14  1.97853e+13 -6.10462e+13 -1.80874e+14 -2.32226e+13   2.0171e+14 -1.79317e+14  1.98483e+14  -1.0581e+14  1.32016e+14   5.0332e+13 -1.27396e+14 -6.58727e+13 -1.81395e+14  6.41864e+13  4.39296e+13  5.34612e+13 -7.58918e+13   5.6499e+13  2.46394e+14 -8.79119e+13 -4.50913e+13 -7.17059e+13  1.40353e+14  1.91018e+13 -1.03721e+14 -1.49154e+14 -1.29306e+14  1.74489e+13 -4.30481e+13 -8.67273e+12 -4.88254e+13 -2.69218e+14 -2.81485e+13  3.69136e+14 -2.58682e+14   -6.452e+13 -8.92885e+13 -3.82903e+13  1.22826e+14 -1.57259e+14  8.68539e+13 -1.65759e+14  -2.5358e+14  -4.0958e+13  1.97372e+14 -1.93041e+14 -3.33676e+13 -1.47839e+13 -1.10577e+14  2.09452e+13  6.04352e+13  1.95443e+13  1.07973e+14  1.49067e+14 -1.80336e+14  1.04694e+13 -3.38179e+14   1.1204e+14   7.3972e+13  9.76552e+13 -1.56601e+13  2.52168e+14  1.57657e+14   3.7514e+12   1.9403e+14  5.23625e+13 -9.02685e+13  1.71031e+14  2.25545e+14    7.028e+13 -4.71201e+13 -1.07992e+14  3.23476e+14  1.44641e+14 -1.81921e+14   3.0395e+14 -1.95471e+14  8.22768e+13 -4.07984e+13 -1.37301e+14  4.07047e+12 -4.70654e+13  2.93011e+14  1.82892e+14 -8.98984e+13  5.39369e+13 -4.47498e+13 -3.91021e+13  7.65848e+13  2.67322e+14 -5.33793e+13  8.59723e+13 -3.20358e+14  3.48689e+13 -1.23362e+14  6.12336e+13 -1.69484e+14  1.16149e+14 -7.02213e+13  -1.6247e+14 -8.93758e+13 -5.00877e+13 -1.72782e+14 -3.22446e+12 -6.99042e+13  1.08441e+14  3.93814e+13 -7.25574e+13  7.82075e+13  6.41309e+12  4.18012e+11  1.05459e+14 -2.16653e+14 -1.69064e+14 -4.37421e+12  -1.2484e+14 -3.15957e+13 -7.71245e+13  7.71128e+13 -2.07071e+13  2.18851e+13  6.38341e+13 -3.42339e+13  2.78948e+12 -3.74292e+13  8.14949e+13 -1.01372e+14 -7.62807e+13 -2.22634e+14  3.43137e+13 -1.47272e+14
 5.66144e+13  3.64802e+14  1.07313e+14  3.99877e+14  2.14018e+15 -3.30315e+14 -1.21162e+14 -1.31124e+14  2.24751e+14   1.8351e+14 -2.29605e+14 -1.67137e+13    2.523e+13  1.29821e+14 -3.95071e+13  2.48982e+14  -6.4688e+13 -2.38326e+13 -3.29972e+13  1.06233e+14 -8.81905e+13 -1.38094e+14  1.34738e+14 -2.72112e+14  7.59328e+12  2.01686e+13 -2.90514e+14 -1.15432e+14 -1.31749e+14  -5.2016e+13  -1.3516e+14 -2.92155e+13 -1.08342e+14 -5.64755e+13 -1.89534e+14  9.33334e+13   4.4142e+13  9.21915e+13 -3.02982e+13   1.3179e+14 -6.26555e+13  1.94705e+14  7.16659e+13  5.72986e+13 -9.21684e+13 -2.74093e+14  1.59843e+14  -1.0149e+14   1.4523e+14   4.6414e+13  8.22398e+13  2.18718e+14  5.76062e+13 -3.69025e+13 -1.49117e+14 -3.66077e+13  7.26539e+13 -1.29567e+14 -1.93831e+14 -1.01837e+14 -3.18479e+13 -2.70998e+14 -1.69572e+14  6.14267e+13 -1.19391e+14 -8.10819e+13 -7.58936e+13 -2.42967e+14  1.49716e+14 -1.75478e+14  5.19422e+13   1.2762e+14  1.10406e+13  4.67839e+13 -1.61118e+14  6.04958e+13 -1.00447e+14  -1.0281e+13  -1.7857e+14 -5.22089e+13  1.56585e+14  5.31649e+13  3.18873e+13 -1.91916e+14  2.55224e+14 -3.96135e+13  1.09668e+14  1.25983e+14 -1.37639e+14 -4.31807e+13  1.29578e+13    5.824e+13  1.33146e+14 -1.03088e+14  1.04737e+14 -4.97044e+13 -4.71199e+13 -4.05998e+13 -3.08627e+13  1.53981e+13  8.80566e+13  1.62851e+14  -1.7611e+14 -5.30789e+13 -5.20353e+13  1.55768e+14  1.56448e+14 -1.10709e+14  8.66513e+13  7.82285e+13  1.46192e+14  5.98087e+13 -1.61188e+14  1.17661e+14  5.71129e+13 -2.50159e+13   2.0827e+14 -6.55639e+13 -7.06935e+13 -1.07058e+14  -9.7206e+13  1.86901e+14  5.68628e+13  5.93122e+12  4.57717e+13 -1.04504e+14  7.10553e+13  6.22414e+13 -5.84252e+13 -1.07883e+13  2.27356e+14 -8.32098e+13 -1.21573e+14 -1.35923e+14  1.10795e+14 -1.64118e+14  7.07624e+13 -4.86272e+13  1.41645e+14  4.88001e+13  5.80414e+13  7.04134e+13  -2.1949e+14  1.49039e+14 -2.08632e+13 -1.07967e+14  3.97132e+13 -1.78894e+14 -1.52131e+13 -6.62666e+13  -1.0447e+14  1.42276e+13  1.32043e+14  5.06005e+13  1.35418e+14 -4.06593e+13  4.58358e+12 -1.25277e+14 -6.73672e+13 -1.16201e+14  6.52544e+13  5.64253e+13  1.32416e+14 -5.33645e+13
-7.84349e+13  2.77022e+14 -2.39945e+14  2.21566e+14 -3.30315e+14  2.40723e+15 -2.17478e+14  2.71375e+14  -3.4116e+13 -2.12224e+14  -3.2506e+14  7.57465e+13  6.63853e+13 -2.36668e+13 -5.83464e+13  5.06482e+12 -6.82119e+13 -1.72239e+14 -5.11375e+13  3.22613e+14 -2.62457e+13 -3.08238e+14  -2.3858e+14   1.2425e+14  3.63403e+13   2.1502e+14 -1.05663e+13  7.95396e+13  1.20772e+14 -1.41758e+14  8.33327e+13 -8.05216e+12  5.35612e+13   6.2236e+12 -2.73286e+14 -4.31466e+12 -1.03228e+14  9.43313e+13 -1.81692e+14 -4.19238e+13  1.66361e+14    1.856e+14   2.5062e+13  6.40083e+13  1.54232e+14  1.45447e+14  1.26371e+13   1.4238e+13  5.79047e+13 -1.00268e+14  8.68949e+13  2.11494e+13  1.78418e+13 -1.65993e+14 -1.58324e+14 -1.13475e+14  1.70114e+14  1.90642e+14  1.90244e+13  2.19389e+14  1.00017e+14 -8.13764e+13  8.43475e+13  3.59157e+13  1.23697e+13 -4.41802e+13 -3.25108e+13 -1.60562e+14  9.45992e+13 -4.88148e+13  7.71815e+13  1.28948e+14  1.53014e+14 -7.96932e+13 -1.52643e+14 -4.33512e+10  1.31933e+14 -4.00478e+13 -4.29821e+13  1.02471e+14  1.56624e+13 -1.84189e+14  9.54123e+13  2.26906e+12 -2.69766e+13  6.78288e+13  5.32561e+12  -2.2594e+13 -1.22307e+14  -1.4188e+14  6.58083e+13  -9.3267e+13 -1.60634e+13 -1.57108e+14 -9.10196e+13  2.75715e+13  8.97515e+13  1.01792e+14 -1.94468e+14 -6.87621e+13  2.05404e+14  5.67806e+12  2.38506e+13 -1.81856e+14 -1.20173e+14  3.74521e+13  -1.5609e+14  1.44685e+14  3.89005e+13  6.11126e+13 -1.35039e+14  7.54052e+13 -1.06794e+14  2.05532e+13 -6.34739e+13 -1.92167e+13 -1.07615e+14 -3.01652e+13  9.84436e+13  6.07336e+12  3.26486e+13 -1.05338e+14 -9.22088e+13 -2.12351e+14 -4.78103e+13 -2.78771e+14  1.17719e+14 -2.04455e+14  3.66925e+13 -2.89236e+13  9.40657e+13  1.24737e+14  5.68013e+13 -7.05928e+13  1.11828e+14  1.05372e+14  1.18088e+14  4.68599e+13  -7.5883e+13  7.06834e+13  1.77056e+14  1.17503e+14 -1.36692e+14 -9.95214e+13  -6.5767e+13  4.95332e+13  1.20125e+14  3.17862e+13 -8.68153e+13 -1.80068e+13 -2.47673e+13  1.43294e+14 -1.59034e+14  3.73511e+13 -1.60907e+14 -1.34396e+14 -2.18705e+14 -3.48551e+13 -7.60683e+12 -4.60357e+13 -6.11766e+13 -1.89429e+13 -9.66271e+12 -1.04036e+14
-3.61853e+14  1.06445e+15 -3.72218e+14  2.19939e+13 -1.21162e+14 -2.17478e+14  3.12154e+15  4.44317e+14  1.96098e+12 -6.43985e+13   1.5949e+14 -1.42039e+14  6.93118e+14 -3.27334e+14 -6.64786e+14  1.00192e+14  1.53439e+14 -9.90031e+13  5.58525e+13 -1.94485e+14 -1.28533e+14  1.55433e+14 -2.25097e+14 -3.22852e+14  1.56367e+14 -1.32898e+14  1.67356e+14  4.11851e+14 -9.03415e+11 -2.23478e+13 -1.00157e+14 -7.78888e+12  2.00543e+14  1.49693e+13 -2.91299e+14 -2.00002e+14  1.08184e+14  3.29937e+14  1.99371e+13  -1.1065e+14  5.66654e+13  -4.1013e+13 -3.62184e+13  5.50625e+13 -1.21346e+14 -1.97561e+14 -1.16721e+13 -9.93563e+13  1.83099e+14 -1.28167e+14  2.22641e+14 -1.37351e+14 -7.75128e+12   1.7894e+14  2.12625e+14 -3.92105e+13 -3.39768e+14 -1.16204e+14 -9.65349e+13 -1.49347e+14  1.21365e+11 -9.53808e+13  1.09147e+13  5.79673e+12  5.35041e+13 -1.41857e+14  1.08661e+14 -5.06541e+13 -4.31696e+13 -3.54814e+13 -5.70575e+13 -2.47319e+14  1.47014e+14  1.83307e+14 -9.83365e+13   -1.258e+14  2.50524e+13  1.79508e+14  3.78819e+12 -1.65174e+14  5.97579e+13  2.03182e+14   2.4262e+14 -2.70138e+14  8.94978e+13  7.03588e+13 -1.91471e+13  1.50101e+14 -1.20938e+14 -7.59581e+13 -2.19255e+14 -2.27092e+13  6.44744e+13 -6.76324e+13 -4.28538e+13  4.35235e+13 -2.22357e+14 -1.04322e+14  2.33157e+14  2.17839e+14 -9.29131e+13  2.25869e+14  1.05705e+14 -1.38068e+14  1.08985e+10 -2.66839e+14  4.08644e+11  1.19296e+14  2.37637e+14 -3.03978e+13   2.2688e+14 -1.15537e+14 -8.38205e+13 -1.21912e+14 -4.91549e+13  -4.7209e+13 -3.04664e+13 -6.85621e+13 -3.36854e+13  4.45251e+13 -5.70052e+13  2.04036e+13  4.62332e+13  4.62833e+13 -8.73173e+13  1.92153e+14 -2.28008e+14  9.04265e+12 -8.83337e+13  3.71095e+13  2.11001e+14  4.93536e+13 -1.81925e+14  -1.4031e+14 -2.51193e+14 -1.02822e+14 -3.00234e+14 -2.10367e+13  6.11682e+13 -3.76087e+13 -4.42796e+13  9.98704e+13  1.86931e+14  8.52674e+13  2.17223e+14  6.67061e+13  2.11168e+13  8.02626e+12 -1.97071e+14  2.45142e+14  1.55302e+14 -5.41543e+13  5.65951e+13  2.97142e+13 -4.61049e+13  1.35551e+13 -1.49321e+12  1.89843e+14  1.06961e+13  2.70867e+13 -3.26017e+13  2.94408e+13  7.32859e+13 -6.89097e+12
 -2.1449e+14  4.78831e+14 -1.81554e+14 -1.81351e+14 -1.31124e+14  2.71375e+14  4.44317e+14  3.03262e+15 -4.34089e+14  5.34753e+13  1.61596e+14 -2.55176e+14  3.29033e+14 -1.63647e+14 -3.19442e+14  1.02124e+14  6.06934e+13  3.19011e+14  8.96726e+12  2.05782e+14  3.64836e+13  3.15621e+14 -4.84152e+14  1.84548e+14  7.99544e+13  8.74421e+12  1.07862e+14  2.42646e+14   1.5642e+14 -4.04446e+14  1.85257e+14  3.05852e+14  1.97254e+14 -1.65565e+14  2.94178e+13 -1.80252e+14 -2.65161e+14  2.57176e+14 -9.72274e+13 -7.56468e+12 -1.40644e+14  2.64419e+12  4.82906e+13   5.4424e+13  2.39986e+14  2.15881e+14 -1.16293e+13  1.11253e+14 -1.00464e+14  6.94109e+13  1.14625e+14 -9.79412e+13 -7.24994e+13  2.69292e+11  1.78938e+14  5.47808e+12  6.76052e+13 -3.22137e+13  1.39608e+14   5.3253e+13  -6.2582e+13  1.79533e+14    7.036e+13  3.09879e+13   -7.003e+13  1.86416e+14  1.04398e+13 -7.56774e+13  1.84853e+14  2.01549e+14   8.4453e+13 -2.03128e+14 -1.12467e+14  9.86008e+13 -6.85724e+13 -2.18614e+14 -8.14692e+13  1.13846e+14 -1.38186e+14 -3.12897e+13 -7.34282e+13  1.54955e+14  1.74696e+14   6.9353e+13  -7.3674e+13  2.64866e+14  2.90524e+13  3.06516e+13  -7.3684e+13   2.1348e+13 -1.68507e+14 -8.88079e+13 -2.40356e+13  -4.0672e+13 -2.47597e+14 -2.07902e+14  3.77103e+13 -3.26233e+13 -2.15253e+13  6.68594e+13  8.43255e+13  2.27778e+14  2.24473e+14  2.01435e+13  2.28019e+14 -2.09792e+14 -2.24149e+14 -1.40679e+14  -2.8665e+14 -6.05178e+13  6.84149e+12 -9.07726e+13  1.27541e+14 -1.93274e+14 -1.88739e+14 -4.74422e+13  1.99071e+14  3.89143e+13 -1.09209e+13  5.74334e+13  2.85873e+13  1.87229e+14 -1.97556e+14 -6.03034e+13 -1.33452e+14  5.41131e+13  2.34547e+14  1.29367e+14  1.10199e+14   2.1165e+14 -1.69509e+14  6.21743e+13  2.35388e+14 -1.85016e+13 -1.07275e+14 -3.41433e+13  1.26278e+14 -8.23322e+13 -1.94447e+14  1.85158e+14 -3.32473e+14 -9.85675e+13 -6.37904e+12  9.60423e+12 -1.15418e+14 -2.50516e+13  2.21502e+13  1.50601e+14  5.71615e+13 -4.75913e+13 -6.92682e+13 -7.54106e+12 -3.61261e+13 -1.26675e+13 -5.81274e+13  1.42709e+14  2.35494e+14  2.35668e+14  1.40439e+14  4.35289e+13 -1.49878e+14  2.97918e+13  5.21473e+13 -5.90232e+13
 5.18925e+13  1.02249e+14  2.30653e+14 -3.45252e+14  2.24751e+14  -3.4116e+13  1.96098e+12 -4.34089e+14  2.58673e+15  8.24347e+13 -3.30483e+13 -2.70391e+14  1.17997e+14  5.38523e+12 -1.97628e+14 -2.78573e+13  2.39189e+14 -2.37471e+14 -4.21993e+13 -4.87174e+12  2.27107e+14 -2.61957e+14 -8.87824e+13 -1.61338e+14 -3.82516e+13 -3.92932e+13 -4.87417e+13 -6.75457e+12 -2.14081e+14   1.5286e+14 -5.91546e+13  7.84831e+13 -3.75446e+13 -1.80541e+14  2.81126e+12  2.26767e+14  7.31326e+13 -1.34426e+14 -5.28442e+13 -5.81799e+13  6.72321e+13 -1.04778e+14 -1.75518e+14   -5.219e+13 -5.83561e+13 -2.92971e+14  1.75956e+14 -4.29907e+13   4.1622e+12  -2.1366e+12 -9.85794e+13  1.33758e+13  -1.7787e+14  3.85648e+13 -7.95357e+13 -2.82561e+14 -1.76431e+14 -4.13049e+13 -7.44235e+13 -4.15095e+11 -8.61239e+13 -1.07044e+14  1.27447e+14  6.10412e+13  1.01208e+14 -3.21181e+14  6.82604e+13  5.57208e+13  2.57365e+14 -4.15409e+13 -3.35089e+13 -1.71483e+14 -7.53644e+13  4.08458e+13  1.95043e+14  1.62798e+14 -2.41296e+13  9.46005e+12  2.77082e+13   6.5277e+13 -8.24556e+13  1.12767e+14 -2.13802e+14 -2.72924e+14 -8.50871e+13 -3.35113e+13  7.19822e+13  -5.7729e+13  1.60833e+14 -4.83449e+13  9.89765e+13 -3.18172e+13  1.96099e+14  2.03999e+13  6.19072e+13  3.02118e+13 -5.77799e+13  9.08566e+13 -3.07118e+14  1.25173e+14 -5.17258e+13 -7.70966e+13   -1.728e+14  9.15845e+13 -5.06274e+13 -6.46444e+13  7.86242e+13  1.61298e+14 -6.53999e+12  5.75422e+12  1.51605e+14 -1.06422e+14  1.20747e+13  2.54727e+13   -9.438e+13 -9.66999e+13 -3.79419e+13 -9.09726e+13 -6.67516e+12 -1.81442e+14  1.58319e+13  1.22043e+14   1.8589e+14 -9.43371e+13  1.42562e+14  6.33169e+13  3.09815e+13  -1.7195e+13  3.15382e+13  -8.6372e+13  -1.2271e+13 -2.40133e+14 -2.82664e+14  1.25352e+13 -6.46723e+13 -1.47666e+14 -2.32773e+12 -1.94136e+14   1.7425e+14  6.69585e+13  1.76349e+14  1.03455e+14 -2.36359e+13 -8.67081e+13 -2.39235e+14  1.81261e+14 -9.96244e+13 -1.55839e+14  1.94513e+14  1.32944e+14   1.2011e+14  5.87406e+12  8.30065e+13  4.02826e+13  6.04126e+13 -1.02558e+14 -5.35517e+13 -1.21715e+14 -8.66655e+13 -1.38162e+14  1.30457e+14  9.59835e+13  1.88722e+14  2.80569e+14
-4.07393e+13  1.18896e+14  1.60528e+14  3.34056e+14   1.8351e+14 -2.12224e+14 -6.43985e+13  5.34753e+13  8.24347e+13  2.66951e+15  3.98059e+13 -1.77031e+14 -1.54366e+14  8.97179e+13 -2.01366e+13 -1.44674e+14 -2.34957e+14  4.87506e+14 -1.78101e+14 -4.10594e+13 -1.04158e+14  2.27891e+14   1.0909e+14  -3.2443e+12  1.30196e+14 -1.03102e+12  -1.6561e+14 -1.55154e+14   -4.271e+14 -1.44395e+14  9.46268e+13 -5.89169e+13  -1.6966e+14 -5.69608e+13  1.06908e+14  2.47796e+14 -1.18577e+14  7.37249e+13 -1.97764e+14  1.46354e+12 -1.78287e+14  3.82086e+13  1.62629e+14 -1.91325e+14  5.22992e+13  1.50114e+14 -4.61455e+13  1.23191e+14 -1.19618e+14  2.50665e+14 -6.60003e+13 -3.90834e+13  2.14252e+13  2.23756e+14 -9.22227e+13  1.19424e+13  8.92432e+13 -1.98073e+14  6.90427e+12 -1.92142e+14 -6.01381e+13 -8.54031e+13  8.01556e+13 -1.86484e+14 -1.19757e+14  2.68972e+13  1.62335e+12 -2.23475e+13   2.1955e+14 -6.74944e+13  1.05329e+14 -8.87978e+13  1.05799e+14 -5.78916e+13  1.99608e+14 -4.80787e+13 -1.83707e+14 -5.51089e+13 -1.70653e+14  1.32385e+14 -5.58605e+13  1.03125e+14 -8.80841e+13  6.92778e+13  1.54561e+14  1.04601e+14 -4.01716e+13   1.0362e+14 -5.17069e+13 -8.30516e+12 -2.15372e+13  8.42573e+13 -6.47518e+13  4.20698e+14  5.01191e+13 -2.41609e+14 -1.02129e+14 -6.75703e+13  1.27293e+14 -2.24143e+14  1.68284e+13  7.25742e+13  3.36069e+13  1.87344e+14  8.36528e+13 -1.15299e+14  5.58342e+12 -7.43129e+13  1.49021e+13 -7.17864e+13  1.28239e+14  -1.0731e+14  1.30561e+14  3.43625e+13  1.20243e+14 -1.18145e+14  3.57241e+13  5.53484e+13  8.65709e+13 -1.12737e+14 -1.98993e+14  1.68029e+14 -1.05885e+14 -6.33338e+13   9.6377e+13  3.88644e+13 -1.05928e+14  6.27898e+13  9.58905e+13 -7.32448e+13 -1.59575e+14 -1.12997e+14 -7.51247e+13 -1.08842e+13 -1.36078e+14  1.07486e+14 -2.54483e+13  1.41679e+13  2.55045e+13  7.54013e+13 -2.32006e+14  1.72221e+14  -3.1501e+14  2.27576e+14 -2.77987e+14  5.84066e+13  1.08267e+14 -3.91293e+12 -1.03176e+14  6.99022e+13  2.06541e+14  1.65136e+14   3.7532e+14 -1.10743e+13  5.28177e+13  1.33696e+13 -5.53761e+12 -1.32491e+14 -9.79635e+13 -7.60525e+11  -1.5929e+14 -3.57292e+13  1.18921e+14  6.55127e+13
-5.85736e+13 -5.13232e+14  2.93373e+14  -4.4689e+12 -2.29605e+14  -3.2506e+14   1.5949e+14  1.61596e+14 -3.30483e+13  3.98059e+13  3.18635e+15 -1.42088e+14  -1.0642e+14 -3.86276e+14  4.08197e+14  1.97889e+14  1.60896e+14  3.14398e+14  2.22907e+14 -3.97198e+14 -1.59367e+14  2.73413e+14  -2.1482e+12 -3.61649e+13  2.08131e+14  6.37595e+13   3.0178e+14 -2.25397e+13  2.89761e+13 -6.50331e+13  2.77791e+14  5.47241e+13  3.73314e+13  3.00208e+13  1.56877e+14 -3.17456e+14 -3.65564e+14  3.88483e+14 -7.03132e+13 -1.19304e+14 -2.53633e+14  5.61337e+13 -6.51289e+13 -4.95215e+13  1.56508e+14  -1.1825e+13 -1.09068e+14  1.12491e+11 -2.75749e+14  2.38522e+13 -2.82617e+14 -1.80665e+14  4.11638e+13 -1.27275e+14  1.27691e+14  9.65235e+13 -5.63605e+13  8.15437e+13  -3.5128e+13  1.84333e+14 -1.31926e+14  1.82867e+13  1.82557e+14  2.53425e+14 -2.79327e+14  1.66849e+14  1.26454e+14  9.12409e+13  1.64185e+14 -1.14852e+14  2.16083e+14  1.09401e+14 -1.17072e+14  -5.9409e+13   3.6928e+13 -3.52457e+14 -9.84629e+13 -9.60217e+13  1.42577e+14  1.77164e+14 -5.05261e+13 -1.21134e+14  1.44674e+14 -2.48185e+13 -1.11812e+13  4.89022e+13  5.04418e+13 -2.19426e+14 -7.25899e+13  1.78742e+11 -1.68093e+14  3.41307e+13 -1.01673e+14  8.19211e+13  1.09347e+14 -1.33339e+14   5.3503e+12  2.94917e+14 -7.81692e+13   1.0272e+14  9.02148e+13 -1.42456e+14   1.1199e+14  1.88122e+14 -1.49466e+14 -1.07754e+14   1.9626e+13 -1.10351e+14 -7.94352e+13 -6.37968e+13  3.07666e+13 -1.23852e+14 -6.31585e+13 -1.44496e+14  2.54036e+13  1.16166e+14 -1.88315e+14 -1.37793e+14 -6.27926e+13 -5.35567e+13 -7.82815e+12 -1.18638e+13 -3.70308e+13 -1.92528e+14 -1.50536e+14  2.81559e+13  1.57293e+14  -1.0853e+14  4.53463e+12 -4.48386e+13 -3.82333e+13  6.57897e+13  4.82904e+13  2.19531e+14 -1.74558e+14  2.69818e+14  -2.8793e+13 -2.35488e+14 -3.61979e+14 -4.48053e+13 -2.55007e+14 -1.65277e+14  7.24142e+12  1.38742e+14 -8.72913e+13 -1.03091e+13  7.13861e+13  2.04526e+14  1.99924e+14 -5.81065e+13 -2.00632e+14  4.05344e+13 -1.56423e+14  1.84317e+14 -1.79376e+14   1.6221e+14  6.56324e+13   2.4104e+13 -1.37084e+14  1.18746e+14 -1.11196e+14 -1.08272e+14 -8.80917e+13 -2.64132e+14
-8.42376e+13  2.96376e+14  -1.4912e+14 -9.53226e+12 -1.67137e+13  7.57465e+13 -1.42039e+14 -2.55176e+14 -2.70391e+14 -1.77031e+14 -1.42088e+14   2.7313e+15 -2.82668e+14  6.08414e+12 -5.48467e+13  1.06993e+13 -7.47353e+13 -2.29608e+14 -1.03306e+14 -6.65067e+13 -4.74136e+13  8.65379e+13 -1.29405e+14  -7.3219e+13 -7.73483e+13  2.74797e+14  3.91158e+13 -2.11182e+14 -4.00304e+13 -1.09593e+14  6.73476e+13 -1.36827e+14  5.06014e+13 -1.57762e+14  -1.4667e+14  3.34483e+13  2.14832e+12 -9.37594e+12  2.49101e+14 -6.85252e+13  2.11929e+14 -2.65089e+14  2.04518e+14  8.65493e+13 -3.32637e+14  3.03731e+14  1.15147e+14 -9.39645e+13 -2.07412e+14  6.27272e+13  6.11038e+13   4.1933e+12   8.7037e+13  7.60699e+13 -2.42151e+13 -8.83175e+13  1.57137e+13  1.48927e+14 -1.85346e+14  4.66814e+13  2.62023e+14  1.02708e+14  1.17716e+14  1.30955e+14  6.25457e+13  1.71305e+14  1.02391e+13   1.9188e+14 -7.23607e+13 -8.54403e+13 -6.40133e+13  9.00898e+13 -1.81176e+14  9.16834e+13  2.41928e+14 -5.53991e+12    2.987e+14 -8.98947e+13  3.18159e+14  -1.7604e+13 -9.91921e+12  2.84811e+13 -1.47172e+13   7.4254e+13 -1.62975e+14 -3.69961e+13 -6.79647e+13 -7.25342e+13   2.7839e+14  -2.4974e+13  6.66826e+13 -8.37998e+13 -1.02073e+14 -5.75138e+13  8.66555e+13 -4.31014e+13 -2.17114e+14 -1.04812e+14 -6.15467e+13 -1.07469e+14  2.06312e+14 -3.00022e+14 -3.97849e+14 -1.40982e+14  1.60872e+14  1.46086e+14  1.13019e+14 -5.68847e+13  1.10558e+14 -1.76681e+13 -5.17988e+13  3.68596e+13  8.83409e+13  5.27904e+13  6.05337e+13  -2.8222e+13 -1.09515e+14  2.20659e+14  1.07023e+14 -7.18289e+13  1.69508e+13 -1.75789e+14 -5.24547e+13 -8.44213e+13  2.69857e+13 -1.10377e+14 -3.59025e+13  1.15048e+14 -1.84613e+14 -2.29593e+14  1.06329e+14  1.73945e+14  1.59131e+14  1.01679e+14  1.25235e+14 -2.65338e+13 -1.19192e+14  1.14638e+14  1.76796e+14  3.44619e+14 -1.60905e+13  4.67699e+13 -5.15772e+13  4.37886e+13  1.02701e+14  3.40294e+14 -5.56089e+13 -5.94781e+13 -1.31107e+14 -1.94488e+14 -1.44795e+13  -2.0129e+13   1.1894e+14  -2.1333e+14  6.88177e+13  3.69987e+13 -5.37449e+13  2.35326e+13 -1.40344e+14 -3.32284e+13  3.73426e+13 -1.36419e+14 -2.00642e+14 -7.29643e+13
-2.53479e+14  4.25681e+14 -4.45474e+14  2.84914e+12    2.523e+13  6.63853e+13  6.93118e+14  3.29033e+14  1.17997e+14 -1.54366e+14  -1.0642e+14 -2.82668e+14   3.4074e+15 -7.32211e+13  -5.4205e+14 -7.85205e+13  2.08997e+14 -8.96017e+13  3.31933e+14  1.51378e+14 -2.72641e+13  6.30249e+13 -1.69194e+14  1.22048e+14 -6.68845e+13  -2.6874e+13  4.82376e+14  -1.2954e+14 -8.06136e+13  5.01579e+12  1.08316e+14  3.24736e+14   2.5451e+13 -1.95199e+14   1.0376e+14 -1.43553e+14  1.48418e+14 -1.93399e+14  1.53242e+14 -1.04943e+14 -2.38479e+14  1.91296e+14 -1.10016e+14  3.34666e+14 -1.78198e+14 -1.32505e+14  2.84414e+14 -8.53976e+13 -1.59418e+14  -1.4726e+12  8.08167e+13 -9.78336e+13  8.98664e+13 -5.95178e+13  1.38308e+14 -1.16667e+13  -3.3585e+14 -1.16035e+14  4.12639e+13 -3.21105e+13  -3.3468e+14 -1.97024e+14 -2.23097e+14 -1.63666e+14   1.5153e+13 -2.15196e+14  2.22107e+14 -5.10854e+13 -2.47993e+13  1.62028e+14  -4.6057e+13 -1.37732e+14  1.18197e+13   7.4312e+13 -1.56645e+14  2.80437e+13  2.83617e+14  2.09052e+14 -1.09022e+14    1.683e+14  1.52248e+14  2.67158e+13  1.91666e+14 -8.02759e+13  4.14663e+13  4.22882e+13  9.73355e+13  3.62938e+13  4.80387e+13 -1.45334e+14 -3.57144e+13 -9.60676e+13  -1.1294e+13  -1.7627e+14  7.24173e+13  1.40743e+14  2.23492e+14 -7.78587e+13 -1.38407e+14  8.62898e+13  1.21473e+14  1.24511e+14 -2.59704e+13   2.6917e+14 -5.72415e+13 -7.33626e+13  1.19086e+14  1.29076e+13  9.17847e+13  1.60309e+13  5.48302e+13    9.918e+13 -4.27194e+13  1.49334e+13 -8.13897e+12 -9.34066e+13  1.34758e+14 -1.24915e+14 -3.13448e+14  2.06073e+14  4.82099e+13  8.28351e+13 -1.06203e+12 -2.59065e+13   -2.266e+14 -9.90701e+13  2.02288e+14 -1.03552e+14   1.0372e+14   2.6867e+14   1.1353e+14    3.122e+13 -1.20824e+14  3.10141e+13 -3.49394e+14 -5.09828e+13 -1.17761e+13 -8.00199e+13 -1.09248e+14  -8.6404e+13  2.16903e+14 -8.85206e+13  1.09113e+14  1.92247e+14  8.54264e+13 -1.91734e+14 -3.72081e+13 -2.84415e+13  1.45848e+14  2.14456e+14  1.90848e+14 -3.09586e+13  1.39585e+14 -2.21667e+14 -4.52592e+13 -1.65084e+14 -1.23646e+14 -3.33287e+13  1.52184e+14 -1.07322e+14  1.06522e+14 -1.01911e+14   6.1182e+13  7.03541e+13
 8.31165e+13 -2.81712e+14 -2.01445e+14 -1.06346e+13  1.29821e+14 -2.36668e+13 -3.27334e+14 -1.63647e+14  5.38523e+12  8.97179e+13 -3.86276e+14  6.08414e+12 -7.32211e+13  2.71766e+15   1.3386e+14 -1.27104e+14  5.69115e+12 -7.36184e+13 -7.71898e+13  2.68149e+14 -1.77811e+13 -3.71918e+13  2.78368e+13  6.57633e+13  1.29669e+14  6.49782e+13 -3.19425e+14  1.09438e+14  3.49455e+14  1.36462e+14 -1.98877e+14  8.82758e+13 -3.10527e+14 -8.68531e+13 -7.61757e+13  7.54768e+13 -2.53843e+12 -3.06789e+14  -2.1071e+13  2.27217e+14   2.8641e+14 -2.87563e+13  7.99087e+13 -2.01983e+14 -1.14359e+14  6.41877e+13 -2.35634e+14  1.16762e+14  -1.8025e+14  5.56531e+13 -1.03777e+14 -1.30695e+14  8.94172e+13  2.07526e+14 -1.60839e+13  3.12647e+14 -7.58419e+13  5.59206e+13  2.04756e+14 -2.58714e+13 -1.52434e+13  8.41468e+13  3.22534e+13 -1.77229e+14  7.52827e+13 -1.15808e+14  2.98162e+13  4.23234e+13 -2.16462e+14  5.27268e+13 -1.78938e+14  1.38861e+14  6.41949e+13 -9.74453e+13  1.95843e+13  3.44619e+13 -1.07621e+14  4.98689e+13  1.30029e+14 -1.00025e+13  9.67572e+13  1.55692e+13 -1.42891e+14  1.52393e+14  6.08984e+13 -8.85004e+13   2.3738e+14   7.5099e+13  -7.8642e+13   8.1692e+13 -1.18399e+14  2.32667e+14  1.32687e+14  -1.1293e+14  1.31569e+14  1.45554e+14  2.02649e+14 -1.14614e+14  1.24251e+14 -1.33986e+14  7.64714e+13 -3.96596e+13 -5.75137e+13  4.95296e+12  5.85149e+13  3.97152e+13  9.13444e+13 -8.48763e+12 -1.35078e+14 -5.13365e+13  1.62102e+14 -9.96034e+13 -2.06556e+13  2.16931e+14  -9.3536e+13 -4.61098e+13  1.79322e+14  8.63882e+13 -2.41902e+13 -2.15189e+14 -1.44576e+14 -4.02092e+12 -1.10501e+13  2.34285e+14  1.38509e+14 -1.94219e+14 -6.46301e+13  2.42006e+14    6.921e+13 -8.05075e+13  2.22972e+14  2.61504e+12 -9.45651e+13 -4.80772e+13 -1.44979e+14 -2.04312e+14 -1.11473e+14  2.35956e+13  3.18144e+14 -1.95224e+14  1.36271e+14  1.06731e+14  2.28268e+13  1.18451e+14  9.60739e+13  3.32723e+13 -1.97551e+14 -1.70757e+14 -1.90359e+14  2.47986e+13 -9.62765e+13 -5.80123e+13 -1.17082e+14 -3.85059e+13  5.80857e+13 -8.97436e+12 -7.14506e+12  2.82798e+13 -1.57672e+14   3.0772e+13  1.28125e+14 -1.25199e+13 -1.04457e+14 -6.60048e+12
 2.85746e+14 -9.32225e+14   6.6941e+14 -6.97599e+13 -3.95071e+13 -5.83464e+13 -6.64786e+14 -3.19442e+14 -1.97628e+14 -2.01366e+13  4.08197e+14 -5.48467e+13  -5.4205e+14   1.3386e+14   3.4414e+15 -1.67945e+14  1.38281e+14   4.5621e+12    1.323e+13   2.9411e+14  1.77644e+13  4.12555e+13 -1.82725e+14  5.89141e+13 -6.19793e+12   1.3933e+14  4.55943e+13  9.53465e+13 -1.03607e+14  2.31261e+14 -1.93642e+14 -4.05868e+14 -1.30825e+14  2.80932e+14  4.23624e+13  2.76548e+14  -2.8257e+14  5.06399e+13  -1.8043e+14 -2.19709e+14 -1.82727e+14  1.73721e+14  8.28296e+13  -2.9831e+13  2.80964e+14 -2.75083e+14 -1.75248e+14  1.75267e+14 -2.81887e+13  1.07838e+14 -3.34371e+14 -1.14893e+14  -1.6276e+14 -2.68202e+14 -1.26962e+14  1.43584e+14  -6.5082e+13  -6.1658e+13 -2.34424e+14 -1.02666e+14 -1.65855e+14  1.08421e+14  6.33404e+12 -1.61776e+14  3.33762e+13  2.00613e+14 -1.30236e+14  2.35691e+14   4.5555e+13 -7.14036e+13 -5.88609e+12  5.05512e+13 -1.26607e+14 -1.69715e+14  4.62005e+13  5.09265e+13  -9.5786e+13   8.9187e+11 -9.03364e+13  2.97967e+14  1.27641e+13 -2.65426e+14  -9.5709e+13  4.17957e+14 -4.76272e+13  2.91294e+14 -4.29078e+13 -5.32355e+13 -3.78567e+14 -1.05107e+14  2.55072e+14 -6.41804e+12  -2.2054e+14  3.83745e+12  2.24722e+14  8.42827e+13  1.25803e+14  1.79356e+14  3.17067e+13  1.04775e+14  4.27121e+13 -1.01101e+14  1.30314e+14  2.99704e+14  5.70314e+13 -2.11833e+14  -3.0746e+13  1.32264e+14 -2.45569e+14 -1.70319e+14  4.74798e+13 -1.86285e+14  1.00607e+14  1.66701e+14  1.08575e+14 -5.90922e+13 -2.04452e+13 -2.51018e+13   7.1295e+13  1.46074e+13  6.86915e+13  7.51583e+13 -4.38599e+12 -2.74309e+13  3.25427e+14 -7.88255e+13  1.74645e+14 -7.92113e+13  1.18637e+14  -4.0686e+13 -8.74781e+13 -6.78094e+13  1.16126e+14  2.31234e+14 -9.18968e+13  1.17393e+14  1.42453e+14 -1.91966e+13  2.70151e+13 -9.93409e+13 -6.64096e+13  2.07352e+14 -4.05388e+13  2.75417e+13  8.98917e+13  2.02786e+14  2.26092e+14    -1.33e+14  9.17189e+13 -1.24259e+13 -1.66196e+14 -1.10457e+14 -1.99198e+14 -1.33612e+14  1.31832e+14 -1.60951e+14  1.56688e+13 -1.27844e+14 -1.06919e+14  2.19841e+14  7.97235e+13  1.42847e+13  2.06786e+12   -1.772e+14
-1.22013e+13  1.33092e+14 -1.12393e+14   3.4688e+14  2.48982e+14  5.06482e+12  1.00192e+14  1.02124e+14 -2.78573e+13 -1.44674e+14  1.97889e+14  1.06993e+13 -7.85205e+13 -1.27104e+14 -1.67945e+14  2.83126e+15  3.26496e+13 -4.28943e+13  -3.2828e+13  6.36692e+13  8.66145e+13  1.12091e+14  1.74593e+14 -1.06514e+14 -1.15558e+14  2.33587e+13 -1.25047e+14  -9.1612e+13 -2.40229e+13 -9.31175e+13  6.62206e+13 -5.69056e+13 -1.01201e+14 -7.50776e+13 -7.77253e+13 -1.99169e+14  1.61761e+14 -2.83921e+12  -1.8357e+14 -1.46093e+14  7.12903e+13 -2.10139e+14  2.77744e+14 -1.17502e+14  2.48643e+13 -1.35433e+14  3.62472e+14 -7.11414e+13 -1.44159e+13 -3.28423e+14 -1.83946e+13  2.19917e+13  4.53039e+13  6.01316e+13 -9.74905e+13 -4.56436e+13  5.22799e+13  7.02687e+13 -2.90176e+14 -1.21584e+13 -5.73692e+13  4.51649e+13  1.36115e+14  1.09528e+14  7.94265e+13  1.47631e+14  6.03678e+13  3.93033e+11  1.71814e+14  8.17102e+13  1.76796e+14 -2.29353e+14 -6.22068e+13  9.69601e+13 -1.02893e+14  3.82505e+13 -9.65214e+13 -1.73613e+14 -1.79039e+13 -2.55602e+13 -1.95163e+14 -9.53584e+13 -9.31829e+12  2.43656e+13 -2.10273e+14  2.47246e+14  -1.1932e+14 -1.16785e+14   7.1798e+13 -1.59225e+14  5.41788e+13  2.26016e+14 -8.20561e+13 -7.95204e+12  1.49911e+14  2.33044e+14 -1.07312e+14 -1.89096e+13 -1.74385e+14  1.67557e+14 -2.09962e+13 -3.90026e+13  9.86695e+13 -7.20504e+13 -1.00417e+14  1.57567e+14  1.58321e+14 -1.83903e+14 -1.43422e+14 -8.48637e+13  6.78745e+13   4.5577e+10  2.45529e+13 -1.86069e+14  5.71685e+13  2.27437e+14   7.6154e+12 -1.30705e+14  3.15251e+13 -1.07582e+13 -3.63812e+13 -8.85227e+13  7.90461e+13  -1.6461e+13  6.54702e+13  -8.6276e+13 -9.82592e+13  6.88846e+12  2.29679e+14 -5.58259e+13 -6.33169e+13 -3.02966e+13  1.13776e+12   5.3074e+13 -3.18788e+13  1.70742e+13  3.41008e+13    1.771e+14 -2.25311e+13  7.04891e+13  2.05619e+13  -4.5128e+12  3.83024e+13 -8.41419e+13 -1.25223e+14 -8.34983e+12 -3.34627e+13   1.6253e+14  -1.1622e+14 -7.42187e+13  -2.9405e+14  1.61783e+14  1.20824e+14  3.77089e+13  5.06807e+13  6.79333e+13   1.6718e+13 -9.25541e+13 -7.72026e+12  5.90186e+13  1.29191e+13 -5.37969e+12  1.07419e+14 -3.70751e+13
-1.06077e+14 -1.90093e+13  7.35187e+12  1.47507e+14  -6.4688e+13 -6.82119e+13  1.53439e+14  6.06934e+13  2.39189e+14 -2.34957e+14  1.60896e+14 -7.47353e+13  2.08997e+14  5.69115e+12  1.38281e+14  3.26496e+13  2.75867e+15 -2.60796e+14  2.32046e+14  2.55464e+14  2.48237e+14  4.76019e+13 -2.87596e+13  1.08748e+14  5.62506e+13  1.90911e+14  2.72134e+14  3.63762e+13  2.02299e+14  2.62632e+13  7.09708e+13   7.4733e+13  2.67565e+14 -8.43594e+13  2.53129e+13  -2.6711e+13 -3.58854e+12 -1.41923e+14 -2.82595e+14   1.7673e+14  1.65218e+13  1.89206e+12  8.39527e+13 -2.21108e+14  5.88204e+13  5.08526e+12  8.36289e+13  1.97457e+14 -4.47611e+13 -1.00129e+14  2.68035e+14 -1.06328e+14  4.77386e+13 -1.00627e+13 -2.17795e+14 -1.07838e+14 -3.29945e+14 -5.52746e+11  4.13759e+14  7.18399e+13 -1.98534e+13  7.26247e+13  1.83505e+14 -2.57101e+13  3.96066e+13  4.69424e+13  1.56461e+14   6.6496e+13 -1.24638e+14 -1.93071e+13  2.73666e+13  1.92987e+14  -1.1805e+13  1.04669e+14 -1.59675e+13 -2.65006e+14 -2.75844e+14  1.31472e+14  1.53396e+14 -4.21339e+13  1.26743e+13 -1.35877e+14 -2.22541e+14  1.37658e+14 -1.43737e+13  1.82245e+14  2.85825e+13 -1.78695e+14 -1.22855e+14 -1.20182e+14 -2.69002e+13 -2.37532e+14  6.80066e+13  2.32463e+14  1.61621e+14 -2.83631e+13   1.3828e+14  2.06898e+14  2.93496e+13  9.46197e+13  -1.7467e+14  8.40279e+12  1.12783e+14  1.17091e+14 -1.51082e+14 -1.63861e+14  1.85374e+14 -7.21419e+13 -2.17889e+14  9.03059e+10  6.83515e+13 -2.06618e+14  -6.3367e+12 -3.52288e+13 -1.45689e+14  1.49972e+14  1.37362e+14 -1.13245e+14 -2.57248e+14  1.05621e+14  3.13608e+13 -3.97237e+13  4.31584e+13  6.41656e+13  1.45806e+14 -6.10228e+13  6.00374e+13  4.94923e+13  2.42348e+13   8.2864e+13 -8.60744e+13 -1.47817e+13  7.75999e+13   5.2496e+13 -3.85362e+13 -4.78392e+13  1.17358e+14 -2.93906e+12 -1.33316e+14  5.75029e+13 -3.81887e+13  1.66995e+14 -7.51195e+13 -9.95074e+13  2.39385e+14 -1.27668e+14 -1.11177e+14  1.19566e+14  2.60819e+14   1.4281e+13 -1.77871e+13    -1.79e+14 -2.58808e+13 -1.66019e+13 -4.64057e+13  1.52197e+14   1.5111e+14  1.69415e+14  1.94002e+13 -3.86022e+13  1.64738e+14 -2.81084e+13 -4.94411e+13  4.98469e+13
 9.29226e+12 -9.73607e+13  2.20219e+14 -8.50152e+13 -2.38326e+13 -1.72239e+14 -9.90031e+13  3.19011e+14 -2.37471e+14  4.87506e+14  3.14398e+14 -2.29608e+14 -8.96017e+13 -7.36184e+13   4.5621e+12 -4.28943e+13 -2.60796e+14  2.80983e+15  1.57994e+14  5.12823e+13 -1.51034e+13 -2.46804e+12  1.76016e+13  2.04816e+14  1.59485e+14 -1.66864e+14  7.37554e+13 -1.78663e+13  4.13722e+13 -2.82226e+13  9.42225e+13 -1.71595e+14 -4.44052e+12   4.7706e+13  2.47577e+14    -1.17e+14  6.03068e+13  2.33747e+14  -2.7783e+14 -2.46659e+13 -2.01331e+13 -4.26416e+13  6.55513e+13  5.65269e+13  6.49065e+13  3.04366e+14  7.42047e+13 -2.47202e+14  4.24345e+13 -9.66458e+13 -2.39773e+14  -1.5204e+14 -2.48541e+14  2.32083e+14  6.56372e+13  1.13138e+14   1.9461e+14  1.28785e+14 -5.72775e+13 -6.86992e+12 -8.12075e+13 -2.98999e+13  5.03941e+13 -2.06704e+14 -2.19234e+14 -6.24144e+13 -2.50589e+14 -2.26375e+14 -6.42035e+13  5.24597e+13  1.72909e+14  8.57643e+12 -4.25604e+13  1.05993e+14   8.9058e+13 -2.10729e+14 -1.26113e+14 -2.14459e+14 -6.51984e+12  3.22817e+14 -2.66391e+13  1.04304e+14  7.24089e+13  1.26497e+14  7.56908e+12  3.78739e+13 -4.50188e+13  4.80796e+13  -1.2811e+14  8.25964e+13 -2.97177e+13  1.65808e+14  2.27087e+14  1.33769e+13 -1.78863e+14 -1.48171e+14  -2.6418e+13 -5.43879e+13  4.23249e+13 -1.58593e+14  4.69568e+13  -1.0313e+14 -1.89927e+13  1.41957e+14  1.59355e+14  3.71117e+13  8.01211e+13 -1.22045e+14  2.71878e+14 -7.97964e+13 -5.40827e+13 -2.97691e+13  7.19329e+13 -1.11125e+13  1.31812e+14 -7.91161e+13  8.97081e+13 -6.32242e+13  -7.8463e+13 -2.89529e+14  1.12309e+14  1.75019e+14  3.39651e+13  7.10607e+13 -1.09424e+13 -8.85427e+13  1.38362e+13   1.1005e+14  1.15872e+14   1.9154e+14 -2.20129e+13 -6.22503e+13  1.69076e+14  1.07237e+14  2.91981e+13  7.53644e+13 -2.18454e+14 -1.68608e+14 -1.22518e+14  7.77036e+13  -1.7996e+14 -1.34192e+14 -2.87877e+13  2.43963e+14 -3.10621e+14 -2.06743e+14  8.10023e+13  2.09164e+14  1.28324e+14  5.09255e+13 -2.56618e+14 -6.34921e+12  1.55888e+14  9.02274e+13  1.64928e+13  6.88331e+13  4.72576e+13   4.4883e+13 -3.56435e+13  3.08385e+14 -2.06294e+14 -6.57992e+13  1.85599e+14 -1.23631e+14
