 5.50614e+07 -7.37063e+07  2.44503e+07 -1.34197e+07  1.02197e+07 -1.40872e+07 -6.47667e+07 -3.83929e+07  9.28734e+06 -7.28222e+06 -1.05781e+07 -1.51007e+07 -4.53289e+07  1.49026e+07  5.10822e+07 -2.13039e+06 -1.90299e+07  1.69297e+06 -1.22904e+06 -2.76081e+06 -1.31281e+06 -4.61653e+06 -8.37198e+06 -4.68473e+06      96591.9 -2.24587e+06  -2.4657e+06     -27398.3       132009  1.74675e+07 -1.31107e+07 -1.00878e+07 -1.15901e+07  8.22654e+06       608261  6.40059e+06  6.94415e+06 -6.84582e+06     -5576.13 -6.57609e+06  2.13793e+07  2.06411e+06   1.8804e+07  2.41768e+06  1.97311e+07 -1.25489e+07  2.83359e+06  4.10188e+06  1.74214e+07 -1.41241e+06 -2.04701e+07  3.16756e+06 -1.25019e+07 -1.66221e+07 -2.09413e+07      -547835  1.82882e+07      -178825 -2.44892e+06  9.94889e+06 -1.38581e+06  8.38978e+06 -8.80782e+06 -4.97507e+06  6.07602e+06 -1.08709e+07  -8.8045e+06   3.2861e+06  4.42033e+06 -2.79309e+06  1.29032e+07 -1.57358e+07       495396 -3.15268e+06  7.37212e+06  1.43019e+07 -1.44578e+07 -2.79419e+07  -6.5018e+06  2.65173e+06      -274705  6.25917e+06 -1.16557e+07  9.77203e+06 -2.04865e+06  8.48807e+06  5.78691e+06  7.01219e+06  -7.1561e+06  9.60419e+06       698685  2.69467e+06 -5.48115e+06 -2.90119e+06  2.27401e+06  9.26891e+06  1.48676e+07  -1.3379e+06 -1.76502e+06  8.34093e+06       575458   2.7454e+06 -1.30713e+06  6.34745e+06 -4.59719e+06  1.10362e+07  4.33333e+06 -5.86547e+06  -1.9669e+07  7.39315e+06  5.29978e+06  3.58542e+06   1.1558e+07  1.78323e+07  1.16215e+07      -708567      -214682  1.32648e+07  6.91109e+06 -5.33916e+06  1.21688e+07 -2.61931e+06 -1.61744e+07   1.2025e+07  5.37631e+06 -4.22982e+06 -3.96876e+06   8.3274e+06  -1.8981e+07 -4.24817e+06  1.82275e+06 -4.41715e+06 -1.00424e+07  1.41723e+07   6.7915e+06  6.00257e+06 -2.00772e+06  5.74193e+06  9.67802e+06 -6.89728e+06  1.28287e+07  2.15302e+06 -7.34444e+06  3.62668e+06 -2.54022e+06 -2.95738e+06  1.29769e+07 -9.30386e+06  4.27449e+06 -2.04149e+06 -1.06357e+06 -1.39529e+07 -2.23287e+06 -5.41172e+06  1.17926e+07 -8.40243e+06  -1.0043e+07 -6.19584e+06 -7.83581e+06  4.45686e+06  8.37138e+06  3.50241e+06 -2.93974e+06      -284820
-7.37063e+07   5.1872e+08 -9.14616e+07  9.82112e+07  6.55875e+07  4.93369e+07  1.90433e+08  8.54477e+07  1.82632e+07  2.13043e+07 -9.21475e+07  5.31364e+07  7.57456e+07 -5.06571e+07 -1.66464e+08  2.37441e+07 -3.66072e+06 -1.74254e+07 -1.19115e+07 -3.86944e+07  1.85413e+07 -7.60725e+07  2.22815e+07 -4.76375e+07  6.35235e+06   5.0268e+06       849345  1.86893e+06 -3.38566e+07 -1.01709e+07  9.65788e+06  1.74408e+07  9.76972e+06 -3.63533e+07 -5.25772e+07  1.01264e+06  2.10683e+06  1.88958e+07      -199550  2.16903e+07 -3.39546e+07 -1.14009e+06 -5.06648e+07  5.64532e+07 -3.44637e+07 -1.15521e+07  2.24921e+07  6.28928e+06       810306 -3.57916e+06  5.43261e+07  5.34032e+07  1.65753e+07  3.26358e+07  2.89462e+07    -3.57e+07 -9.65186e+06 -5.53295e+07 -9.90034e+06 -1.60053e+07  3.11994e+07 -4.75147e+07  6.66348e+06  2.88542e+07 -1.80666e+07 -4.10544e+07 -3.46257e+06 -5.75888e+07  4.64457e+06 -5.24442e+07 -2.00816e+07  1.34931e+06 -3.15447e+07  8.94593e+06 -2.60753e+07  -6.1809e+06  1.69886e+07  1.32112e+07  1.63522e+07 -2.13801e+07  2.07679e+07 -2.97928e+07 -2.78752e+06 -4.24676e+07  2.89674e+07 -1.55741e+07   6.8863e+06  2.25893e+07 -2.99571e+06 -4.34856e+07      -965817 -1.43179e+07  2.93021e+07 -5.75594e+07 -7.41062e+06  1.17401e+07 -4.45857e+07 -3.32745e+07  3.13138e+07 -1.30279e+07  2.11759e+06  1.02966e+07 -1.13465e+07 -3.03464e+07  1.58169e+07  1.29057e+07  1.62615e+07  -2.7564e+06  5.44521e+07 -3.62352e+07  1.81786e+07  1.36515e+07 -1.67405e+07 -1.96343e+07  -3.2587e+07 -2.54001e+07  1.65212e+07 -2.65395e+07 -3.35488e+06 -8.85372e+06 -2.17011e+07   4.0126e+07 -3.26284e+06 -1.99349e+07  7.12876e+06  8.61233e+06      -836015 -1.65878e+07  3.34788e+06  3.75017e+06  2.06824e+07   3.9822e+06 -2.47375e+07 -1.92772e+07 -1.45538e+07  -4.5039e+07 -2.23319e+07  1.21195e+07  2.96839e+07  3.16472e+07  4.74864e+06  5.53596e+07 -3.82783e+06      -554523  2.42577e+07  1.61226e+06 -4.38706e+06      -643245 -3.79052e+07 -2.90819e+06  1.27646e+07  3.02927e+07  1.96113e+07 -4.77209e+06 -2.05126e+07  1.06985e+07 -1.75182e+07 -2.20496e+07  1.75629e+07 -2.74012e+07   3.6955e+06 -1.44703e+06  6.54407e+06  1.72847e+07
 2.44503e+07 -9.14616e+07  3.91701e+08 -5.16404e+06  1.92253e+07 -4.28248e+07 -6.66705e+07 -3.24918e+07  4.14252e+07  2.89364e+07  5.26012e+07 -2.67863e+07 -7.96729e+07 -3.61239e+07   1.1967e+08 -2.02345e+07  1.35327e+06  3.95639e+07  -1.7135e+07  -1.3331e+07  2.16646e+07 -6.12777e+06 -2.71976e+06  -5.9082e+06   1.6166e+07  1.88708e+07  5.82172e+06 -1.04563e+07  -9.1102e+06  4.73923e+07  4.57122e+06  8.62585e+06 -1.38541e+07  3.46879e+07 -1.12117e+07  -1.0801e+07  1.40746e+07  2.15421e+07 -3.40501e+07  1.36156e+07 -8.45776e+06  1.85889e+07  6.83251e+06 -9.18996e+06   3.6667e+07  2.59704e+07  -1.4501e+07 -6.20711e+06 -8.37993e+06 -1.09041e+07 -1.72875e+07 -1.51533e+07 -1.50911e+07 -1.57695e+07 -5.42499e+07  2.15479e+07 -7.01522e+06 -1.66937e+07  1.92572e+07 -2.18225e+07 -1.18051e+07 -1.34609e+07  8.00378e+06 -4.80096e+07  9.49922e+06 -6.93085e+06       493454 -1.04464e+07  2.70459e+07 -1.97823e+07  3.18913e+07 -1.12939e+07   1.8283e+07  -3.3077e+07 -2.07456e+06 -1.18612e+07 -5.51101e+07 -6.97072e+06 -1.40285e+07   1.2529e+06 -2.88467e+06  3.15519e+06       374867 -4.34219e+06  1.28808e+07  1.79625e+07 -2.27966e+06  2.22286e+07 -6.81665e+07  1.08247e+07  2.21499e+07 -3.93031e+06  -5.6368e+06   2.8034e+07  1.66807e+07 -1.39778e+07 -1.25926e+06  3.58151e+07   2.8822e+07 -1.25943e+07 -3.35116e+07  -7.8635e+06  8.13225e+06  2.36109e+07  1.31071e+07  2.76481e+07 -1.02838e+07 -2.24077e+07     -1.3e+06 -1.43376e+07 -1.52074e+07 -9.46773e+06  3.59097e+07 -1.63249e+07      -153100 -3.04158e+06  2.29571e+07  -1.0468e+07 -2.28952e+06 -3.22563e+07  3.07177e+06 -6.51388e+06  2.09846e+07  2.77405e+07      -383488   3.7465e+07 -3.46075e+07  1.61439e+07 -1.85153e+07  3.38751e+06 -4.37913e+07  -2.3751e+07   2.3819e+06       232213  2.75161e+07  3.74272e+06  1.24383e+07  3.17316e+07   -1.696e+07 -2.65491e+07 -3.09922e+07  3.15748e+06  2.15511e+07 -2.22447e+07  1.49633e+06 -2.00963e+07  1.54685e+07  4.38681e+06  3.74413e+07  1.73513e+06 -3.65323e+06      -932945 -2.37815e+07  1.20245e+07  2.98704e+07 -4.02134e+07  3.98827e+06 -9.42583e+06 -1.21706e+07  1.02261e+07  1.55825e+07 -2.30927e+06  8.80397e+06 -1.85442e+07
-1.34197e+07  9.82112e+07 -5.16404e+06  4.98986e+08  7.19788e+07  3.94531e+07   3.9192e+06 -3.27737e+07 -6.20015e+07  5.96812e+07      -705016 -1.89659e+06       357516 -1.95003e+06 -1.23759e+07  6.20865e+07  2.65991e+07 -1.53576e+07  2.00642e+07 -2.12451e+06 -2.06766e+07 -8.89611e+06  1.34582e+07  1.08722e+07 -2.76044e+07  1.67768e+07  -2.5498e+07 -5.72283e+07 -8.19875e+06 -3.30594e+07      11433.1 -1.94795e+07 -4.97644e+07  3.76086e+06 -1.09874e+07 -3.24929e+07 -4.06758e+06  3.62954e+07 -3.20895e+07  3.56219e+07 -1.89394e+07  2.37324e+07  8.94395e+06 -2.27589e+07  -1.1658e+07 -3.27055e+07  1.14551e+07  7.88269e+06  9.74725e+06 -1.36707e+07  1.01668e+07  4.42688e+07 -1.58493e+07 -8.03137e+06  -1.2801e+07  2.50529e+07  3.41828e+06 -1.85925e+07 -2.67823e+07 -2.32136e+07  3.11232e+06 -7.58247e+06 -1.47928e+06 -8.75685e+06 -4.84167e+07 -5.11012e+06  6.61338e+07 -4.63923e+07 -1.16146e+07 -1.60502e+07 -6.98711e+06  2.20351e+07 -2.81612e+07  1.55517e+07 -2.97526e+07 -4.54754e+07 -7.37534e+06  3.53732e+07 -3.47072e+07 -6.03998e+06 -2.71395e+06 -1.98293e+07   3.6385e+06  1.08947e+07  3.57355e+06  1.94779e+07  2.67196e+07  -3.2376e+07  2.04401e+06 -6.05994e+07  2.00687e+07  1.33812e+07  1.75378e+07 -2.86764e+06  4.51828e+07  2.82943e+07       731146  3.47627e+07   9.3923e+06 -1.61978e+07  3.05579e+07  4.04322e+07  1.26546e+07 -8.42947e+06 -1.94013e+07   5.8041e+07  2.60389e+07  -3.2516e+07  5.45449e+07 -3.49886e+07  1.48601e+07 -7.26673e+06  -2.4652e+07       768666 -8.39044e+06  5.24312e+07  3.28748e+07 -1.61659e+07  9.58913e+06 -7.93822e+06 -7.08886e+06   1.3876e+07  4.79524e+07 -9.60384e+06  1.54276e+07 -5.73886e+07  6.16722e+06 -2.21446e+07  1.09075e+07 -3.03789e+07  2.09077e+07 -1.25839e+07 -2.90906e+07 -1.59972e+07 -8.99422e+06  -3.0924e+07      -544136 -1.26369e+07   1.9485e+07  7.00591e+06 -1.30208e+07  1.41403e+07   1.2329e+06        18098  1.89263e+07 -3.88801e+07 -3.03161e+07      -801672 -2.23611e+07 -5.70692e+06 -1.39254e+07  1.38017e+07 -3.73511e+06  3.95016e+06  1.13407e+07 -6.20617e+06       388918 -6.74943e+06  1.46576e+07  -1.8103e+07 -1.36494e+07 -3.99074e+07  6.15702e+06 -2.63793e+07
 1.02197e+07  6.55875e+07  1.92253e+07  7.19788e+07  3.84397e+08 -5.93847e+07 -2.18938e+07 -2.36246e+07  4.02759e+07  3.30314e+07 -4.12305e+07  -2.9795e+06  4.39377e+06  2.32979e+07  -6.9887e+06  4.46605e+07 -1.17263e+07 -4.34935e+06 -5.92574e+06  1.90306e+07 -1.57963e+07 -2.48309e+07  2.41813e+07  -4.8739e+07  1.36056e+06  3.40768e+06 -5.21921e+07  -2.0631e+07 -2.38532e+07 -9.48062e+06  -2.4227e+07 -5.12036e+06 -1.95817e+07 -1.01266e+07 -3.40426e+07   1.6758e+07  7.88949e+06  1.64553e+07 -5.44083e+06  2.37127e+07 -1.12132e+07  3.48038e+07  1.29148e+07  1.02663e+07 -1.64446e+07 -4.92237e+07  2.86014e+07 -1.82541e+07  2.60902e+07  8.26144e+06  1.47066e+07  3.92307e+07   1.0377e+07  -6.7099e+06 -2.67969e+07 -6.60716e+06   1.3123e+07 -2.32165e+07 -3.48646e+07 -1.82244e+07 -5.73923e+06 -4.87066e+07 -3.04498e+07   1.1053e+07 -2.14441e+07 -1.45664e+07  -1.3694e+07 -4.37824e+07  2.69974e+07 -3.15534e+07  9.38576e+06  2.29108e+07  2.00173e+06  8.36279e+06 -2.89558e+07  1.08219e+07 -1.80666e+07  -1.9004e+06 -3.20338e+07 -9.48237e+06  2.80999e+07  9.47154e+06  5.78082e+06 -3.43925e+07  4.59024e+07 -6.97668e+06  1.97715e+07  2.26064e+07 -2.48363e+07 -7.88365e+06  2.30947e+06  1.05374e+07  2.39635e+07 -1.85533e+07  1.89152e+07 -8.91251e+06 -8.43437e+06 -7.18738e+06 -5.52163e+06  2.67141e+06  1.57985e+07  2.93461e+07 -3.16295e+07 -9.52351e+06 -9.40664e+06  2.78456e+07   2.8141e+07  -1.9766e+07  1.55474e+07  1.40504e+07    2.634e+07  1.06716e+07 -2.89377e+07   2.1175e+07  1.01965e+07 -4.49044e+06  3.73763e+07 -1.18817e+07 -1.27563e+07 -1.92597e+07 -1.73857e+07  3.36369e+07  1.02355e+07   1.1625e+06   8.2356e+06 -1.87129e+07  1.27671e+07   1.1281e+07 -1.04467e+07 -1.84928e+06  4.08803e+07  -1.4943e+07 -2.18058e+07 -2.43205e+07  1.97469e+07 -2.93826e+07  1.27657e+07 -8.71299e+06  2.54004e+07  8.71679e+06  1.04441e+07  1.26517e+07 -3.93925e+07  2.67577e+07 -3.76968e+06 -1.93727e+07  7.08307e+06 -3.21414e+07 -2.78793e+06 -1.19809e+07 -1.87934e+07  2.48408e+06  2.36483e+07  9.10723e+06  2.43731e+07 -7.32515e+06       711334 -2.26129e+07  -1.2072e+07 -2.08154e+07  1.16186e+07  1.01012e+07  2.37416e+07 -9.70266e+06
-1.40872e+07  4.93369e+07 -4.28248e+07  3.94531e+07 -5.93847e+07  4.32677e+08 -3.88822e+07  4.86853e+07 -5.76835e+06 -3.81379e+07 -5.78437e+07  1.36444e+07  1.18523e+07 -4.24173e+06 -1.03051e+07       977370 -1.20624e+07 -3.11743e+07 -9.18037e+06  5.79398e+07 -4.65875e+06 -5.51777e+07 -4.27662e+07   2.2113e+07  6.84929e+06  3.87171e+07 -2.04255e+06  1.39899e+07  2.17367e+07 -2.52905e+07  1.46979e+07 -1.61542e+06   9.6051e+06  1.24926e+06 -4.89925e+07      -796566 -1.86537e+07  1.69896e+07 -3.27706e+07 -7.70374e+06  2.98365e+07  3.33616e+07  4.54951e+06  1.15336e+07  2.76206e+07  2.60326e+07   2.2447e+06  2.54591e+06  1.04557e+07 -1.77627e+07  1.55115e+07  3.83155e+06  3.18517e+06 -2.98158e+07 -2.84767e+07 -2.02442e+07  3.04837e+07  3.41891e+07  3.60141e+06  3.93233e+07  1.78352e+07 -1.45108e+07  1.51759e+07  6.40488e+06  2.30249e+06 -7.94155e+06 -5.88355e+06 -2.86445e+07  1.71194e+07 -8.82935e+06  1.38921e+07   2.3137e+07  2.74544e+07 -1.41837e+07 -2.73839e+07       -90775  2.36117e+07 -7.21752e+06 -7.69456e+06  1.84215e+07  2.77454e+06 -3.28578e+07  1.71383e+07       285195  -4.8873e+06  1.21703e+07       968744 -3.97882e+06 -2.20317e+07 -2.53478e+07  1.19074e+07 -1.67661e+07 -2.74098e+06 -2.80494e+07 -1.63742e+07  4.88694e+06  1.59942e+07  1.82904e+07 -3.48684e+07 -1.22754e+07  3.68586e+07       904853  4.19853e+06 -3.27591e+07 -2.15674e+07  6.68559e+06 -2.81088e+07  2.60356e+07  6.95403e+06  1.10508e+07 -2.42674e+07   1.3589e+07 -1.91861e+07  3.69863e+06 -1.14038e+07 -3.34698e+06 -1.93776e+07 -5.50382e+06  1.77524e+07  1.12475e+06  5.84071e+06 -1.89577e+07 -1.65508e+07 -3.80848e+07 -8.55061e+06 -5.00964e+07   2.1158e+07  -3.6718e+07  6.66963e+06 -5.13546e+06  1.68578e+07  2.24626e+07  1.01865e+07   -1.268e+07  2.00761e+07  1.89644e+07  2.10845e+07  8.45476e+06 -1.35176e+07   1.2552e+07  3.18671e+07  2.11476e+07 -2.45705e+07 -1.79546e+07  -1.1719e+07  8.93789e+06  2.16334e+07  5.67891e+06 -1.55252e+07 -3.13372e+06 -4.42358e+06   2.5668e+07 -2.85792e+07  6.75352e+06  -2.8852e+07 -2.41429e+07 -3.91256e+07 -6.16711e+06 -1.37809e+06 -8.22412e+06 -1.09222e+07  -3.3428e+06 -1.74069e+06 -1.86543e+07
-6.47667e+07  1.90433e+08 -6.66705e+07   3.9192e+06 -2.18938e+07 -3.88822e+07  5.60226e+08  7.96512e+07      87961.2 -1.15764e+07    2.842e+07 -2.55135e+07  1.24091e+08 -5.85028e+07 -1.18771e+08  1.77451e+07  2.74264e+07 -1.76218e+07  9.88756e+06  -3.4594e+07 -2.31431e+07  2.78982e+07 -4.01712e+07 -5.77057e+07  2.79372e+07  -2.3925e+07  2.99881e+07  7.39647e+07      -152294 -4.03108e+06 -1.79706e+07 -1.70561e+06  3.56277e+07  2.86802e+06 -5.21206e+07 -3.55861e+07  1.91038e+07  5.90255e+07  3.63763e+06 -1.99311e+07  1.03207e+07  -7.3008e+06 -6.22956e+06  9.95145e+06 -2.17762e+07 -3.54862e+07 -2.20264e+06 -1.77319e+07  3.29384e+07 -2.31318e+07  3.96878e+07 -2.45888e+07 -1.52164e+06  3.22611e+07  3.80689e+07 -7.00308e+06 -6.08327e+07 -2.06941e+07 -1.72244e+07 -2.68173e+07      92228.7 -1.69398e+07  1.97912e+06       971740  9.52322e+06   -2.539e+07   1.9369e+07 -9.04286e+06 -7.68447e+06 -6.34473e+06 -1.02343e+07 -4.43563e+07  2.63642e+07  3.28802e+07 -1.76952e+07 -2.24236e+07   4.5164e+06  3.21423e+07       674870 -2.95655e+07  1.06734e+07  3.64976e+07  4.34951e+07  -4.8362e+07  1.59863e+07  1.25375e+07 -3.49989e+06  2.69508e+07 -2.17443e+07   -1.362e+07 -3.93539e+07   -3.989e+06  1.16247e+07 -1.19498e+07 -7.74827e+06  7.76467e+06 -3.96964e+07 -1.87962e+07  4.17939e+07  3.90902e+07 -1.67151e+07  4.04875e+07  1.90309e+07 -2.47651e+07     -63921.1 -4.78413e+07      86151.2  2.13374e+07  4.25639e+07 -5.45356e+06  4.06885e+07 -2.06887e+07 -1.50096e+07 -2.19458e+07 -8.74618e+06  -8.4279e+06 -5.46743e+06 -1.22458e+07 -5.98689e+06  7.98113e+06 -1.03133e+07  3.53769e+06  8.21607e+06  8.25329e+06 -1.57473e+07  3.44871e+07 -4.10147e+07  1.51744e+06 -1.59245e+07  6.57334e+06  3.78117e+07  8.97087e+06 -3.26068e+07 -2.52214e+07 -4.50055e+07 -1.83616e+07 -5.38804e+07 -3.87396e+06  1.09991e+07 -6.89821e+06 -7.89247e+06  1.79929e+07  3.34853e+07  1.52852e+07  3.90558e+07  1.20206e+07  3.78175e+06  1.47089e+06 -3.53004e+07   4.4002e+07  2.79368e+07 -9.68684e+06  1.00348e+07  5.30216e+06 -8.25277e+06  2.42867e+06      -251018  3.40764e+07  1.84974e+06  4.91763e+06 -5.78469e+06  5.31716e+06   1.3142e+07  -1.2023e+06
-3.83929e+07  8.54477e+07 -3.24918e+07 -3.27737e+07 -2.36246e+07  4.86853e+07  7.96512e+07  5.44804e+08  -7.7899e+07  9.49189e+06  2.89515e+07 -4.56261e+07  5.86867e+07 -2.93904e+07 -5.69657e+07  1.83495e+07  1.11538e+07  5.73387e+07  1.34777e+06  3.67388e+07   6.3884e+06  5.67783e+07 -8.69029e+07  3.30841e+07  1.45705e+07  1.58128e+06  1.95938e+07  4.33681e+07  2.79539e+07 -7.26809e+07  3.32967e+07  5.47424e+07  3.52846e+07  -2.9555e+07  5.52416e+06 -3.22011e+07 -4.77268e+07  4.60862e+07 -1.75111e+07 -1.56308e+06 -2.51831e+07       402305  8.93443e+06   9.7639e+06  4.31637e+07  3.88461e+07 -2.25706e+06  1.99798e+07 -1.78866e+07  1.24401e+07  2.04244e+07 -1.75962e+07 -1.33141e+07       138548  3.20728e+07  1.20458e+06  1.21593e+07 -5.78107e+06  2.52462e+07  9.54328e+06 -1.11706e+07  3.22951e+07  1.25355e+07  5.56584e+06 -1.25367e+07  3.35002e+07   1.5929e+06 -1.35693e+07  3.30559e+07  3.62466e+07  1.51477e+07 -3.63525e+07 -2.02524e+07  1.76704e+07 -1.22734e+07 -3.91395e+07 -1.47022e+07  2.03347e+07 -2.48578e+07 -5.60909e+06 -1.32062e+07  2.78276e+07   3.1339e+07  1.23605e+07  -1.3246e+07  4.74655e+07  5.25051e+06  5.45746e+06 -1.32087e+07  3.96107e+06 -3.01828e+07 -1.58653e+07 -4.24182e+06 -7.28725e+06 -4.43683e+07 -3.74046e+07  6.76426e+06 -5.80166e+06 -3.90294e+06  1.20558e+07   1.5178e+07   4.0924e+07  4.02883e+07  3.60613e+06  4.09577e+07 -3.77235e+07 -4.02177e+07 -2.52813e+07 -5.14031e+07 -1.07851e+07  1.24155e+06 -1.63373e+07  2.29446e+07 -3.46688e+07 -3.37977e+07 -8.44783e+06  3.57029e+07     6.95e+06 -1.88872e+06  1.02681e+07  5.25176e+06  3.35166e+07 -3.55348e+07 -1.09096e+07 -2.38922e+07  9.62051e+06  4.20203e+07  2.32637e+07  1.98977e+07  3.79822e+07 -3.04216e+07  1.12839e+07  4.22526e+07 -3.19048e+06 -1.91475e+07 -6.11566e+06  2.25837e+07 -1.47697e+07 -3.48464e+07  3.32907e+07 -5.97043e+07 -1.76725e+07 -1.27812e+06  1.76733e+06 -2.07186e+07 -4.47376e+06  3.94926e+06  2.69582e+07  1.03398e+07 -8.53354e+06 -1.24218e+07 -1.42338e+06 -6.49309e+06 -2.17995e+06 -1.03799e+07  2.56698e+07  4.23165e+07  4.24005e+07  2.49944e+07  7.84441e+06 -2.69156e+07  5.37455e+06  9.32934e+06 -1.05056e+07
 9.28734e+06  1.82632e+07  4.14252e+07 -6.20015e+07  4.02759e+07 -5.76835e+06      87961.2  -7.7899e+07  4.65324e+08  1.47468e+07 -6.17497e+06 -4.82595e+07  2.14443e+07       926866 -3.53735e+07 -4.90547e+06  4.30026e+07 -4.25037e+07 -7.59974e+06      -876902  4.06856e+07 -4.69183e+07 -1.59451e+07 -2.86807e+07 -7.01924e+06 -7.02201e+06 -8.76639e+06 -1.05212e+06 -3.84233e+07  2.73697e+07  -1.0525e+07   1.4265e+07 -6.89543e+06 -3.24631e+07       300339  4.06573e+07  1.32535e+07 -2.41181e+07 -9.47068e+06 -1.02992e+07  1.22108e+07 -1.86493e+07  -3.1501e+07 -9.46856e+06 -1.04722e+07 -5.25226e+07  3.14634e+07 -7.81368e+06       807065      -412866 -1.77364e+07   2.4363e+06 -3.18113e+07  6.99229e+06 -1.43411e+07 -5.07383e+07 -3.16067e+07 -7.32794e+06  -1.3321e+07     -60627.3 -1.53746e+07 -1.91571e+07  2.27644e+07  1.08055e+07  1.82357e+07 -5.75803e+07  1.22785e+07  1.00919e+07  4.60994e+07 -7.39481e+06 -5.97358e+06 -3.07123e+07  -1.3577e+07  7.29646e+06  3.51663e+07  2.92181e+07 -4.37772e+06   1.7879e+06  5.12747e+06  1.18458e+07 -1.47771e+07  2.02537e+07 -3.81389e+07 -4.89885e+07  -1.5322e+07 -6.02454e+06  1.29938e+07 -1.04163e+07   2.8875e+07 -8.79266e+06  1.78989e+07 -5.80087e+06  3.53475e+07  3.55243e+06  1.11651e+07  5.39708e+06 -1.04191e+07  1.64317e+07 -5.50829e+07  2.24517e+07  -9.1784e+06 -1.39317e+07  -3.1098e+07  1.63961e+07 -9.09106e+06 -1.15162e+07  1.40722e+07  2.90359e+07 -1.07464e+06   1.0563e+06  2.72232e+07 -1.90168e+07  2.10372e+06  4.55218e+06 -1.68598e+07 -1.73665e+07 -6.77978e+06 -1.64076e+07 -1.18827e+06 -3.26809e+07  2.76714e+06   2.1857e+07  3.34615e+07 -1.70065e+07  2.55764e+07  1.12236e+07  5.65394e+06 -3.08768e+06  5.58008e+06  -1.5427e+07 -2.35553e+06 -4.30931e+07 -5.06587e+07  2.28371e+06 -1.15634e+07 -2.65142e+07      -390047 -3.48281e+07  3.12141e+07  1.19018e+07  3.17004e+07  1.85517e+07 -4.29846e+06 -1.55708e+07 -4.30601e+07  3.25235e+07 -1.79996e+07 -2.78522e+07  3.48225e+07  2.39127e+07  2.15624e+07  1.02423e+06  1.48474e+07  7.23803e+06  1.08388e+07 -1.85053e+07 -9.59796e+06 -2.19253e+07 -1.54766e+07 -2.47459e+07   2.3502e+07   1.7318e+07  3.38717e+07  5.02868e+07
-7.28222e+06  2.13043e+07  2.89364e+07  5.96812e+07  3.30314e+07 -3.81379e+07 -1.15764e+07  9.49189e+06  1.47468e+07  4.80081e+08  7.08277e+06 -3.17368e+07 -2.74967e+07  1.60211e+07 -3.70781e+06 -2.59597e+07 -4.22913e+07  8.75052e+07 -3.19763e+07 -7.25468e+06 -1.87856e+07  4.08099e+07  1.98557e+07      -552789  2.33521e+07      -160153 -2.97982e+07 -2.78156e+07  -7.6522e+07 -2.60664e+07  1.70856e+07 -1.05134e+07 -3.04178e+07 -1.01302e+07  1.91146e+07   4.4293e+07 -2.12999e+07  1.32416e+07 -3.54779e+07       159870 -3.19439e+07  6.90113e+06  2.94127e+07 -3.42872e+07  9.53889e+06  2.68883e+07 -8.32666e+06   2.2137e+07 -2.13268e+07  4.51612e+07 -1.17992e+07 -7.07517e+06  3.97134e+06  4.01398e+07 -1.66379e+07  2.07281e+06  1.59679e+07 -3.55599e+07  1.18467e+06  -3.4485e+07 -1.08062e+07 -1.53854e+07   1.4389e+07 -3.33671e+07 -2.15172e+07  4.91284e+06       207026 -4.02071e+06  3.95125e+07 -1.21115e+07  1.89108e+07 -1.60445e+07  1.90505e+07 -1.04808e+07  3.57742e+07 -8.66331e+06 -3.29939e+07 -9.94366e+06 -3.05456e+07  2.38742e+07 -1.00316e+07  1.84364e+07 -1.58259e+07  1.24126e+07  2.78211e+07  1.87791e+07 -7.36677e+06  1.86335e+07 -9.29364e+06 -1.45707e+06  -3.8072e+06  1.51327e+07 -1.16508e+07  7.55107e+07  8.94462e+06 -4.33827e+07 -1.83244e+07 -1.21712e+07  2.29243e+07   -4.019e+07  2.95848e+06  1.29722e+07  5.97285e+06  3.36346e+07  1.49995e+07 -2.07378e+07   1.0305e+06 -1.33837e+07  2.59644e+06 -1.28909e+07  2.30973e+07 -1.91812e+07  2.34418e+07  6.14171e+06  2.15836e+07 -2.11885e+07  6.27402e+06  9.95243e+06  1.55796e+07 -2.02373e+07 -3.57015e+07  3.01789e+07 -1.90152e+07 -1.13793e+07  1.72062e+07  7.06629e+06  -1.9013e+07  1.12961e+07  1.71706e+07 -1.31763e+07 -2.87457e+07 -2.02687e+07 -1.34148e+07 -1.95613e+06 -2.43406e+07  1.93841e+07 -4.54421e+06  2.65085e+06  4.60644e+06   1.3537e+07 -4.16856e+07  3.09621e+07 -5.65509e+07  4.08666e+07 -4.99271e+07  1.03715e+07  1.94812e+07      -751547 -1.84851e+07  1.24771e+07  3.70608e+07  2.97379e+07  6.73935e+07 -2.09244e+06  9.46243e+06  2.41547e+06  -1.0901e+06 -2.37489e+07 -1.76375e+07      -245220 -2.86576e+07 -6.37636e+06  2.13513e+07  1.17451e+07
-1.05781e+07 -9.21475e+07  5.26012e+07      -705016 -4.12305e+07 -5.78437e+07    2.842e+07  2.89515e+07 -6.17497e+06  7.08277e+06  5.72549e+08 -2.54238e+07 -1.90656e+07 -6.91307e+07  7.29786e+07   3.5505e+07  2.84685e+07  5.63595e+07  3.99767e+07 -7.08219e+07 -2.86889e+07  4.91591e+07      -310520 -6.37252e+06  3.71232e+07  1.14267e+07   5.4166e+07 -4.15667e+06  5.19651e+06 -1.17705e+07  4.99967e+07  9.90225e+06   6.6488e+06  5.29762e+06  2.81981e+07 -5.67072e+07 -6.56658e+07  6.96615e+07 -1.25937e+07 -2.13173e+07 -4.54857e+07  9.92942e+06 -1.16002e+07 -8.62026e+06  2.80514e+07 -2.11216e+06 -1.97378e+07       272068 -4.94362e+07  4.15047e+06 -5.07005e+07 -3.23539e+07  7.62078e+06 -2.27703e+07  2.27384e+07   1.7405e+07 -9.95961e+06  1.47266e+07 -6.11732e+06  3.32936e+07 -2.35832e+07   3.2985e+06  3.27081e+07  4.54831e+07 -5.01569e+07   3.0099e+07  2.26955e+07  1.64483e+07  2.95244e+07 -2.05839e+07  3.86631e+07  1.96228e+07 -2.09877e+07 -1.05264e+07  6.65417e+06 -6.31928e+07 -1.74809e+07 -1.70821e+07  2.56072e+07  3.17682e+07 -9.01472e+06  -2.1793e+07   2.6012e+07 -4.47776e+06 -2.13587e+06  8.74485e+06  9.08118e+06 -3.94611e+07 -1.29991e+07       113705 -3.03232e+07  6.14706e+06 -1.83659e+07  1.47518e+07  1.96091e+07 -2.37883e+07  1.02696e+06   5.2838e+07 -1.39509e+07  1.83421e+07  1.61516e+07 -2.54923e+07  1.99812e+07  3.37259e+07 -2.68088e+07 -1.91687e+07  3.57026e+06 -1.98359e+07 -1.43554e+07 -1.14847e+07  5.51274e+06 -2.21974e+07  -1.1441e+07 -2.58399e+07  4.59742e+06   2.0829e+07 -3.38364e+07 -2.48207e+07 -1.13117e+07 -9.51401e+06 -1.32698e+06 -2.10853e+06 -6.53176e+06 -3.45771e+07 -2.70896e+07  5.04712e+06  2.81855e+07 -1.94607e+07       782766 -8.02074e+06 -6.77882e+06  1.18722e+07  8.66221e+06  3.92401e+07 -3.12397e+07  4.84312e+07  -5.2726e+06 -4.22363e+07 -6.49061e+07 -7.98298e+06   -4.578e+07 -2.96325e+07  1.36834e+06  2.49576e+07 -1.56267e+07  -1.7155e+06    1.274e+07  3.67492e+07  3.58432e+07 -1.05523e+07  -3.5978e+07  7.34726e+06 -2.81787e+07  3.31394e+07 -3.20367e+07  2.90531e+07  1.15793e+07  4.36228e+06 -2.44859e+07  2.13445e+07 -2.01186e+07 -1.93591e+07 -1.58548e+07 -4.73908e+07
-1.51007e+07  5.31364e+07 -2.67863e+07 -1.89659e+06  -2.9795e+06  1.36444e+07 -2.55135e+07 -4.56261e+07 -4.82595e+07 -3.17368e+07 -2.54238e+07  4.91667e+08  -5.0553e+07  1.05752e+06 -9.63969e+06  1.83404e+06 -1.35194e+07 -4.12555e+07 -1.83126e+07 -1.19141e+07  -8.6434e+06  1.57842e+07 -2.31941e+07 -1.31321e+07 -1.37588e+07  4.92455e+07   7.1084e+06 -3.77007e+07  -7.4277e+06 -1.98595e+07  1.21231e+07 -2.42737e+07  9.27893e+06 -2.83245e+07 -2.63046e+07   6.1362e+06       422282 -1.62486e+06  4.47758e+07 -1.26002e+07  3.80341e+07 -4.75606e+07  3.66011e+07  1.53165e+07 -5.96294e+07  5.44449e+07  2.04288e+07 -1.69273e+07 -3.72717e+07  1.12575e+07  1.07874e+07       581989  1.56062e+07  1.35504e+07  -4.3092e+06 -1.57887e+07  2.79881e+06  2.67147e+07 -3.31389e+07  8.36662e+06  4.71274e+07  1.84801e+07  2.11745e+07  2.35053e+07  1.12761e+07  3.07949e+07  1.97523e+06  3.44724e+07 -1.28971e+07 -1.52537e+07 -1.13446e+07  1.62817e+07 -3.25658e+07  1.64249e+07  4.36015e+07      -943141  5.35004e+07 -1.60525e+07  5.71185e+07 -3.13082e+06 -1.72508e+06   5.1613e+06 -2.44111e+06  1.32267e+07 -2.93559e+07 -6.72172e+06  -1.2195e+07 -1.29644e+07  4.99822e+07 -4.63778e+06  1.19046e+07 -1.49776e+07 -1.81678e+07 -1.03283e+07  1.55261e+07 -7.96531e+06 -3.92589e+07  -1.8781e+07  -1.0891e+07 -1.92096e+07  3.70005e+07 -5.40165e+07 -7.14342e+07 -2.52295e+07  2.88429e+07  2.61952e+07  2.02389e+07 -1.02506e+07  1.98801e+07 -3.13534e+06 -9.27338e+06  6.61528e+06  1.60509e+07  9.54048e+06   1.0961e+07 -5.08795e+06 -1.95887e+07  3.96758e+07   1.9272e+07 -1.29055e+07  3.14083e+06 -3.14927e+07 -9.42822e+06 -1.51845e+07  4.84474e+06 -1.98465e+07  -6.4769e+06  2.07266e+07 -3.31204e+07 -4.12285e+07  1.91244e+07  3.12764e+07  2.85022e+07  1.83324e+07  2.24266e+07 -4.70268e+06 -2.14519e+07  2.05194e+07  3.18038e+07  6.18637e+07 -2.84538e+06  8.45317e+06 -9.08966e+06   7.8171e+06  1.84617e+07    6.094e+07 -9.95064e+06 -1.07137e+07 -2.37148e+07 -3.48791e+07 -2.53709e+06  -3.7627e+06  2.14736e+07 -3.83877e+07  1.24788e+07  6.58102e+06 -9.70579e+06  4.26462e+06  -2.5258e+07 -6.05149e+06  6.70341e+06 -2.45431e+07 -3.60261e+07 -1.30336e+07
-4.53289e+07  7.57456e+07 -7.96729e+07       357516  4.39377e+06  1.18523e+07  1.24091e+08  5.86867e+07  2.14443e+07 -2.74967e+07 -1.90656e+07  -5.0553e+07  6.12412e+08 -1.28455e+07 -9.69151e+07 -1.41072e+07  3.73297e+07 -1.59352e+07  5.96093e+07  2.71249e+07 -5.00251e+06  1.16375e+07 -3.00928e+07  2.19345e+07 -1.19234e+07  -4.7793e+06   8.6394e+07 -2.29997e+07 -1.44883e+07  1.21041e+06  1.93891e+07  5.80105e+07  4.45396e+06 -3.50587e+07  1.85927e+07 -2.57421e+07  2.66132e+07 -3.47787e+07   2.7308e+07 -1.90099e+07 -4.24697e+07  3.42216e+07 -1.96697e+07  5.97702e+07 -3.15354e+07 -2.38701e+07  5.07692e+07 -1.54775e+07 -2.86496e+07      -188919  1.41842e+07 -1.75763e+07  1.58589e+07  -1.0533e+07  2.48205e+07 -1.99762e+06 -6.01592e+07 -2.06315e+07  7.45428e+06 -5.72178e+06 -5.99625e+07 -3.51065e+07 -3.99909e+07 -2.92828e+07  2.67241e+06 -3.84496e+07  3.97191e+07 -8.97837e+06   -4.513e+06  2.90835e+07 -8.21572e+06 -2.47323e+07  2.20787e+06  1.32641e+07 -2.81858e+07  5.01693e+06  5.08697e+07  3.73094e+07 -1.95378e+07  2.99948e+07   2.7256e+07  4.83952e+06  3.42765e+07 -1.41973e+07   7.4459e+06   7.5123e+06  1.75033e+07  6.44806e+06  8.71364e+06 -2.60798e+07  -6.5634e+06  -1.7357e+07 -1.99217e+06 -3.14275e+07  1.28261e+07  2.51793e+07  4.01527e+07 -1.40036e+07  -2.4825e+07  1.54786e+07  2.18125e+07  2.22536e+07 -4.69392e+06  4.83125e+07 -1.01523e+07 -1.29567e+07  2.14039e+07  2.32139e+06  1.63851e+07  2.73022e+06     9.73e+06  1.78566e+07 -7.72759e+06  2.63176e+06 -1.45043e+06 -1.67904e+07  2.40667e+07 -2.24306e+07  -5.6344e+07  3.69754e+07  8.68448e+06  1.48941e+07      -193067 -4.62332e+06  -4.0669e+07 -1.78154e+07  3.62183e+07 -1.85821e+07  1.85253e+07  4.82324e+07  2.02746e+07  5.66275e+06 -2.17384e+07  5.53669e+06  -6.2569e+07 -9.09321e+06 -2.12047e+06 -1.43362e+07 -1.95081e+07  -1.5622e+07  3.89831e+07 -1.59814e+07  1.95177e+07  3.43386e+07  1.54755e+07 -3.43532e+07 -6.63931e+06 -5.15147e+06   2.6355e+07  3.85249e+07  3.42147e+07 -5.49896e+06  2.50193e+07 -3.97189e+07 -8.03587e+06 -2.95327e+07 -2.20524e+07 -6.05715e+06  2.72624e+07 -1.91756e+07  1.91195e+07 -1.82613e+07  1.09965e+07  1.25288e+07
 1.49026e+07 -5.06571e+07 -3.61239e+07 -1.95003e+06  2.32979e+07 -4.24173e+06 -5.85028e+07 -2.93904e+07       926866  1.60211e+07 -6.91307e+07  1.05752e+06 -1.28455e+07  4.88714e+08  2.37865e+07 -2.26118e+07       930340 -1.32168e+07 -1.37011e+07  4.78998e+07 -3.18421e+06 -6.60926e+06  4.98116e+06    1.173e+07  2.33798e+07  1.14929e+07 -5.71801e+07  1.97054e+07  6.25409e+07  2.44206e+07 -3.56228e+07  1.58875e+07 -5.56089e+07 -1.55067e+07 -1.35892e+07  1.32996e+07      -439985 -5.48425e+07 -3.67982e+06  4.07891e+07  5.13978e+07 -5.40217e+06  1.43631e+07 -3.61581e+07 -2.03553e+07  1.14846e+07 -4.23562e+07   2.0897e+07 -3.21661e+07  9.85035e+06 -1.87102e+07 -2.33993e+07  1.58869e+07  3.71289e+07 -2.86818e+06  5.60178e+07 -1.35128e+07  9.89648e+06  3.66342e+07 -4.68501e+06 -2.87992e+06  1.49977e+07  5.82573e+06 -3.18025e+07  1.35607e+07 -2.06536e+07  5.49842e+06  7.58442e+06 -3.88338e+07  9.36491e+06 -3.21293e+07    2.499e+07  1.14032e+07 -1.75158e+07  3.62806e+06  6.18782e+06 -1.93267e+07  8.93021e+06  2.31962e+07 -1.77427e+06  1.74888e+07  2.82914e+06  -2.5579e+07  2.72297e+07  1.09166e+07 -1.59648e+07  4.25951e+07  1.34879e+07  -1.4129e+07  1.44992e+07 -2.13074e+07   4.1831e+07  2.37454e+07 -2.01934e+07  2.37388e+07  2.62808e+07  3.63343e+07 -2.06438e+07   2.2392e+07 -2.40296e+07  1.37206e+07 -7.19741e+06 -1.01527e+07       870740  1.05065e+07  7.22419e+06   1.6426e+07 -1.52753e+06 -2.42929e+07 -9.28746e+06  2.91439e+07 -1.77967e+07 -3.67154e+06   3.9063e+07 -1.68666e+07 -8.27175e+06  3.20997e+07  1.54711e+07 -4.45483e+06 -3.86586e+07 -2.59419e+07      -876234 -2.01841e+06   4.1941e+07  2.48767e+07 -3.47801e+07 -1.15303e+07  4.34338e+07   1.2387e+07 -1.44634e+07  4.00199e+07       577467 -1.69718e+07 -8.69409e+06 -2.59891e+07 -3.66659e+07 -1.99579e+07  4.27884e+06  5.70419e+07 -3.48834e+07  2.45063e+07  1.91611e+07  4.03823e+06  2.12881e+07  1.73037e+07  5.90264e+06 -3.54835e+07 -3.05523e+07 -3.41376e+07  4.51161e+06 -1.72866e+07 -1.03526e+07 -2.11113e+07 -7.00062e+06  1.04665e+07 -1.67813e+06 -1.47351e+06  5.01951e+06 -2.83399e+07   5.4726e+06  2.31409e+07 -2.36156e+06 -1.87261e+07 -1.20963e+06
 5.10822e+07 -1.66464e+08   1.1967e+08 -1.23759e+07  -6.9887e+06 -1.03051e+07 -1.18771e+08 -5.69657e+07 -3.53735e+07 -3.70781e+06  7.29786e+07 -9.63969e+06 -9.69151e+07  2.37865e+07  6.18482e+08 -2.99848e+07  2.50096e+07       591968  2.65483e+06  5.27428e+07  3.31743e+06  7.50926e+06 -3.28315e+07  1.04067e+07 -1.11221e+06  2.52475e+07  8.30174e+06  1.69973e+07 -1.87405e+07  4.12396e+07 -3.47443e+07 -7.26207e+07 -2.32253e+07  5.03248e+07  7.55551e+06  4.94966e+07 -5.07281e+07  9.05758e+06 -3.23672e+07 -3.93883e+07  -3.2966e+07  3.12905e+07   1.4561e+07 -5.30625e+06  5.02102e+07 -4.95127e+07 -3.14413e+07  3.15908e+07 -4.99387e+06  1.93079e+07 -5.97841e+07 -2.06329e+07 -2.89407e+07 -4.82432e+07 -2.26895e+07  2.56913e+07 -1.18748e+07 -1.13079e+07 -4.21144e+07 -1.84194e+07 -2.97295e+07  1.93454e+07  1.21967e+06 -2.90485e+07  5.99515e+06  3.59524e+07  -2.3167e+07  4.21946e+07  8.32033e+06 -1.29039e+07  -1.1221e+06  8.97873e+06 -2.25927e+07 -3.04816e+07  8.18987e+06   8.9458e+06 -1.71742e+07       287295 -1.62267e+07  5.34074e+07   2.3568e+06 -4.75645e+07 -1.72214e+07  7.48811e+07 -8.64837e+06  5.23269e+07 -7.70157e+06 -9.63748e+06 -6.79721e+07 -1.90925e+07  4.57304e+07  -1.2329e+06  -3.9476e+07       524471  4.02412e+07  1.51565e+07  2.24336e+07  3.21416e+07   5.6788e+06  1.87565e+07  7.63425e+06 -1.81678e+07   2.3256e+07  5.36536e+07  1.01413e+07 -3.79836e+07 -5.54658e+06  2.37656e+07 -4.39354e+07 -3.04286e+07  8.45458e+06 -3.33908e+07  1.79098e+07  2.99673e+07  1.96269e+07 -1.05724e+07 -3.68385e+06 -4.53044e+06  1.28225e+07  2.60903e+06   1.2373e+07  1.35604e+07      -795269   -5.043e+06  5.84159e+07 -1.40744e+07  3.13753e+07 -1.42646e+07  2.12105e+07 -7.23981e+06 -1.57496e+07  -1.2154e+07  2.08031e+07  4.16005e+07 -1.64461e+07  2.10584e+07  2.53734e+07 -3.41651e+06  4.73803e+06 -1.76922e+07 -1.18376e+07   3.7362e+07 -7.29211e+06  4.91732e+06  1.60992e+07  3.63946e+07    4.058e+07 -2.39322e+07  1.63375e+07  -2.2181e+06 -2.96323e+07 -1.98386e+07 -3.57944e+07 -2.40434e+07  2.35434e+07 -2.88541e+07  2.77091e+06 -2.29858e+07 -1.93679e+07  3.95099e+07  1.42708e+07  2.47422e+06       353822 -3.18683e+07
-2.13039e+06  2.37441e+07 -2.02345e+07  6.20865e+07  4.46605e+07       977370  1.77451e+07  1.83495e+07 -4.90547e+06 -2.59597e+07   3.5505e+07  1.83404e+06 -1.41072e+07 -2.26118e+07 -2.99848e+07  5.09472e+08  5.58763e+06 -7.80994e+06  -5.9672e+06  1.12623e+07  1.55297e+07  1.99491e+07  3.12774e+07 -1.90202e+07 -2.08057e+07  4.17443e+06 -2.23073e+07 -1.63076e+07 -4.33015e+06 -1.67134e+07  1.16276e+07 -1.03678e+07 -1.82497e+07 -1.36042e+07 -1.37147e+07 -3.54961e+07  2.89173e+07      -610560 -3.27836e+07 -2.63925e+07  1.30706e+07 -3.76284e+07  4.98083e+07 -2.10284e+07  4.54392e+06 -2.43048e+07  6.48145e+07 -1.27488e+07 -2.63081e+06 -5.89636e+07 -3.47164e+06  3.89164e+06  8.27156e+06  1.06714e+07 -1.77109e+07 -8.12679e+06  9.37522e+06  1.24776e+07 -5.20433e+07 -2.29499e+06 -1.03889e+07  8.11208e+06  2.42915e+07  1.95775e+07  1.43775e+07  2.63622e+07  1.07865e+07     -71329.3  3.10193e+07  1.46404e+07  3.17781e+07  -4.1109e+07 -1.12657e+07  1.73636e+07 -1.86362e+07  6.88747e+06   -1.747e+07 -3.10098e+07 -3.15511e+06 -4.53372e+06 -3.49156e+07 -1.70221e+07 -1.67095e+06  4.31436e+06 -3.77454e+07  4.42674e+07 -2.13654e+07 -2.09098e+07  1.28658e+07 -2.85504e+07  9.62961e+06  4.03986e+07 -1.48327e+07 -1.51745e+06  2.71398e+07  4.18419e+07 -1.93207e+07  -3.4291e+06 -3.11844e+07  3.02379e+07 -3.81969e+06   -6.984e+06  1.78356e+07 -1.28765e+07 -1.80312e+07  2.81237e+07  2.83337e+07 -3.29612e+07 -2.58598e+07 -1.52024e+07  1.21174e+07      34544.9  4.34033e+06 -3.32816e+07  1.04562e+07  4.08122e+07  1.31212e+06 -2.34751e+07  5.61655e+06 -1.89041e+06 -6.47546e+06  -1.5975e+07  1.41748e+07 -2.91139e+06  1.18075e+07 -1.53972e+07 -1.76756e+07  1.10394e+06  4.12216e+07 -1.00267e+07 -1.14438e+07 -5.39256e+06       269615  9.53214e+06 -5.76018e+06  3.01341e+06  6.12149e+06  3.18146e+07 -4.05776e+06  1.25172e+07  3.77801e+06      -799972  6.93395e+06 -1.51125e+07 -2.23992e+07 -1.55668e+06 -5.88886e+06  2.90761e+07  -2.0843e+07 -1.32721e+07 -5.27891e+07  2.89572e+07  2.17417e+07  6.75827e+06  9.04032e+06  1.21339e+07  2.92601e+06  -1.6598e+07 -1.19943e+06  1.05487e+07  2.52416e+06      -846765   1.9357e+07 -6.52694e+06
-1.90299e+07 -3.66072e+06  1.35327e+06  2.65991e+07 -1.17263e+07 -1.20624e+07  2.74264e+07  1.11538e+07  4.30026e+07 -4.22913e+07  2.84685e+07 -1.35194e+07  3.73297e+07       930340  2.50096e+07  5.58763e+06  4.96513e+08  -4.6791e+07   4.1435e+07  4.60973e+07  4.44528e+07  8.42744e+06  -4.9738e+06  1.95645e+07  9.91934e+06   3.4268e+07  4.89488e+07  6.56642e+06  3.62376e+07  4.61821e+06  1.28056e+07  1.34748e+07  4.78596e+07 -1.52428e+07  4.42023e+06 -4.79423e+06      -564077 -2.54813e+07 -5.07645e+07  3.16486e+07  3.12925e+06       464162  1.51603e+07 -3.95246e+07  1.04892e+07       995140  1.49809e+07    3.546e+07 -7.95177e+06 -1.79955e+07    4.816e+07  -1.8996e+07  8.60043e+06  -1.7579e+06 -3.90846e+07 -1.91902e+07  -5.9136e+07     -99283.7  7.41901e+07  1.29064e+07 -3.54517e+06  1.31413e+07  3.27338e+07 -4.65822e+06  7.06849e+06  8.53522e+06  2.80079e+07   1.2011e+07 -2.23534e+07 -3.61762e+06  4.93264e+06   3.4702e+07 -2.30142e+06  1.87351e+07   -2.896e+06 -4.75423e+07 -4.94895e+07  2.36898e+07  2.74221e+07 -7.56753e+06  2.10528e+06 -2.42378e+07 -3.99904e+07  2.45833e+07 -2.64055e+06   3.2707e+07  5.05405e+06  -3.2023e+07 -2.20212e+07 -2.14079e+07 -4.65235e+06 -4.25395e+07  1.23615e+07  4.15272e+07  2.88958e+07 -5.24735e+06  2.49174e+07  3.71762e+07  5.29653e+06  1.69047e+07 -3.14124e+07  1.54245e+06  2.02219e+07  2.10196e+07 -2.72089e+07 -2.94462e+07  3.31432e+07 -1.28052e+07 -3.90093e+07       103427  1.21523e+07 -3.70397e+07 -1.02483e+06 -6.30858e+06 -2.60615e+07  2.67457e+07  2.45969e+07 -2.02557e+07 -4.60481e+07   1.9059e+07  5.66353e+06 -7.04063e+06  7.63933e+06  1.14574e+07  2.60918e+07 -1.09358e+07  1.08686e+07  9.08024e+06  4.34508e+06   1.4905e+07 -1.53118e+07   -2.697e+06  1.40157e+07  9.46163e+06 -6.84576e+06 -8.52249e+06  2.11175e+07      -591714 -2.40136e+07  1.04422e+07 -6.88311e+06  3.00072e+07 -1.35214e+07 -1.79217e+07  4.29074e+07 -2.29518e+07 -1.99338e+07  2.14744e+07   4.6759e+07  2.63846e+06 -3.25781e+06 -3.21039e+07 -4.69642e+06 -2.97748e+06 -8.39198e+06  2.73034e+07  2.69762e+07  3.03519e+07  3.36347e+06 -6.90994e+06   2.9482e+07  -4.9447e+06 -8.77955e+06  8.93502e+06
 1.69297e+06 -1.74254e+07  3.95639e+07 -1.53576e+07 -4.34935e+06 -3.11743e+07 -1.76218e+07  5.73387e+07 -4.25037e+07  8.75052e+07  5.63595e+07 -4.12555e+07 -1.59352e+07 -1.32168e+07       591968 -7.80994e+06  -4.6791e+07  5.05742e+08   2.8456e+07  9.40218e+06 -2.70138e+06      -348408  3.04672e+06  3.67057e+07  2.85925e+07 -2.99781e+07  1.33481e+07 -3.27161e+06   7.3738e+06 -5.13458e+06  1.70932e+07 -3.09283e+07      -738383  8.39463e+06  4.43129e+07 -2.09813e+07  1.09051e+07  4.20256e+07 -4.97046e+07 -4.42744e+06 -3.62431e+06 -7.72593e+06  1.16048e+07  1.02381e+07  1.17104e+07  5.45974e+07   1.3411e+07 -4.44088e+07  7.66906e+06 -1.71567e+07 -4.30694e+07 -2.74848e+07 -4.45485e+07  4.18134e+07  1.17242e+07   2.0269e+07  3.47927e+07  2.30642e+07 -1.01292e+07 -1.30518e+06 -1.45672e+07 -5.37009e+06  9.06507e+06 -3.70259e+07 -3.94563e+07  -1.1119e+07 -4.51262e+07 -4.06277e+07  -1.1504e+07  9.39055e+06    3.109e+07  1.43841e+06 -7.61782e+06  1.89992e+07  1.59216e+07 -3.78703e+07 -2.26461e+07 -3.86213e+07      -984140  5.79565e+07 -4.86578e+06  1.87131e+07  1.29062e+07  2.27858e+07  1.42655e+06  6.78563e+06 -7.97892e+06  8.65481e+06 -2.29838e+07   1.4885e+07 -5.38299e+06  2.98934e+07  4.07177e+07  2.32973e+06 -3.22271e+07 -2.65305e+07 -4.73729e+06 -9.78607e+06  7.69088e+06 -2.83854e+07  8.38574e+06 -1.85524e+07 -3.44732e+06   2.5615e+07   2.8492e+07   6.8593e+06   1.4443e+07 -2.18588e+07  4.87976e+07 -1.42865e+07 -9.65801e+06  -5.4401e+06  1.28723e+07 -1.97383e+06  2.37009e+07 -1.42627e+07  1.61983e+07  -1.1382e+07 -1.39247e+07 -5.20286e+07  2.00615e+07  3.12525e+07  6.08071e+06  1.28502e+07 -1.94695e+06 -1.59047e+07  2.50825e+06  1.96563e+07  2.08094e+07  3.44075e+07 -4.07234e+06 -1.10649e+07   3.0568e+07  1.92783e+07  5.28181e+06  1.34716e+07 -3.91489e+07 -3.01784e+07 -2.20584e+07   1.3975e+07 -3.24016e+07 -2.39947e+07 -5.05807e+06  4.38317e+07 -5.57603e+07 -3.72712e+07  1.46649e+07  3.75695e+07  2.32066e+07   9.0738e+06 -4.58962e+07      -981808  2.78491e+07  1.61277e+07  2.83807e+06  1.24162e+07  8.52609e+06   8.0207e+06 -6.42934e+06   5.5305e+07 -3.70162e+07 -1.17899e+07  3.33295e+07 -2.21174e+07
