 3.83283e+13 -5.14949e+13  1.70503e+13 -9.40715e+12   7.0768e+12 -9.80436e+12 -4.52316e+13 -2.68113e+13  6.48656e+12 -5.09242e+12  -7.3217e+12 -1.05297e+13 -3.16849e+13  1.03896e+13  3.57182e+13 -1.52516e+12 -1.32597e+13  1.16153e+12 -8.70555e+11 -1.91615e+12 -9.26691e+11 -3.20383e+12 -5.80362e+12 -3.27405e+12  3.45345e+10 -1.60879e+12 -1.67762e+12 -1.17698e+10  1.02627e+11  1.21821e+13 -9.14231e+12 -7.06213e+12 -8.09065e+12  5.75482e+12  4.78958e+11  4.47661e+12  4.82496e+12 -4.77321e+12 -2.50121e+09 -4.61763e+12   1.4895e+13  1.47214e+12  1.31258e+13  1.65185e+12  1.37522e+13 -8.75174e+12  1.96412e+12  2.84753e+12   1.2139e+13 -9.73683e+11 -1.43072e+13  2.23872e+12 -8.70989e+12 -1.15671e+13 -1.45907e+13 -3.65764e+11  1.27446e+13  -9.1091e+10 -1.71327e+12  6.93688e+12 -9.62649e+11  5.87718e+12 -6.13513e+12 -3.46294e+12   4.2587e+12 -7.55405e+12 -6.17094e+12  2.27867e+12  3.08117e+12 -1.93814e+12  9.02951e+12 -1.09372e+13  3.45292e+11  -2.1821e+12  5.19091e+12  9.98418e+12 -1.00934e+13 -1.94726e+13 -4.51401e+12  1.83818e+12 -1.88374e+11  4.39513e+12 -8.14193e+12  6.81856e+12  -1.4278e+12  5.89938e+12  4.01729e+12  4.86614e+12  -4.9433e+12  6.70691e+12  4.96773e+11  1.88583e+12 -3.78691e+12 -1.98094e+12  1.56134e+12  6.44968e+12  1.03462e+13 -9.13794e+11 -1.20225e+12   5.8207e+12  3.87421e+11  1.90748e+12 -9.36642e+11  4.43461e+12 -3.20235e+12  7.65434e+12  3.00616e+12 -4.08302e+12 -1.36899e+13  5.15054e+12  3.68267e+12  2.52792e+12  8.05068e+12  1.23988e+13  8.08676e+12 -4.86234e+11 -1.55721e+11  9.26235e+12  4.82763e+12 -3.68416e+12  8.50112e+12 -1.82517e+12 -1.12509e+13  8.36686e+12  3.78732e+12 -2.97011e+12 -2.78066e+12  5.80772e+12 -1.32516e+13 -2.97178e+12   1.2675e+12 -3.07621e+12  -6.9802e+12  9.86074e+12   4.7405e+12  4.20283e+12 -1.38292e+12  4.01003e+12  6.72666e+12 -4.84346e+12  8.91683e+12  1.49882e+12 -5.09832e+12  2.49803e+12 -1.74415e+12 -2.04638e+12  9.02238e+12 -6.46944e+12  2.98073e+12  -1.3997e+12 -7.59176e+11 -9.71238e+12 -1.57265e+12 -3.77056e+12  8.22419e+12 -5.86064e+12 -6.97603e+12 -4.30386e+12 -5.48435e+12  3.15784e+12  5.82416e+12  2.44253e+12  -2.0438e+12  -2.1733e+11
-5.14949e+13    3.616e+14 -6.38016e+13  6.84442e+13  4.56002e+13  3.46277e+13  1.33056e+14  5.98539e+13  1.27812e+13   1.4862e+13  -6.4154e+13   3.7047e+13  5.32101e+13  -3.5214e+13 -1.16528e+14  1.66365e+13 -2.37616e+12 -1.21701e+13  -8.2317e+12 -2.69571e+13  1.28207e+13 -5.29504e+13  1.54182e+13 -3.31885e+13  4.52482e+12  3.55803e+12  5.94305e+11  1.28517e+12 -2.36525e+13 -7.20792e+12  6.77716e+12  1.22567e+13  6.87888e+12  -2.5459e+13 -3.67936e+13  6.39346e+11  1.55123e+12  1.32644e+13 -1.48184e+11  1.51031e+13 -2.36407e+13  -7.7049e+11  -3.5372e+13  3.94053e+13 -2.40444e+13 -8.02123e+12  1.56894e+13  4.40597e+12  5.43909e+11 -2.54147e+12  3.79834e+13  3.71261e+13   1.1622e+13  2.28428e+13  2.01816e+13 -2.48966e+13 -6.75109e+12 -3.85193e+13 -6.87303e+12 -1.11679e+13  2.17507e+13 -3.31496e+13  4.69313e+12  2.00864e+13 -1.25235e+13  -2.8636e+13 -2.30138e+12 -4.01345e+13  3.18709e+12 -3.65551e+13 -1.40352e+13  9.75972e+11 -2.19526e+13   6.2644e+12 -1.81828e+13 -4.39652e+12  1.18928e+13  9.26206e+12  1.13678e+13 -1.49479e+13  1.44833e+13 -2.08016e+13 -1.92301e+12 -2.97119e+13  2.01987e+13 -1.09128e+13  4.79733e+12  1.56787e+13 -2.00958e+12 -3.03085e+13 -7.07327e+11 -1.00404e+13  2.03886e+13 -4.01319e+13 -5.22624e+12  8.26538e+12 -3.10901e+13 -2.32001e+13  2.18235e+13 -9.16855e+12  1.49185e+12   7.2008e+12 -7.90209e+12 -2.11819e+13  1.10452e+13  8.97342e+12  1.13189e+13 -1.87844e+12  3.79579e+13 -2.52568e+13   1.2654e+13   9.5572e+12 -1.17684e+13 -1.36776e+13 -2.27339e+13 -1.76495e+13  1.15112e+13 -1.84909e+13 -2.36037e+12 -6.17568e+12  -1.5134e+13  2.78924e+13 -2.27934e+12 -1.39137e+13  4.89553e+12   6.0635e+12 -5.38672e+11 -1.15669e+13  2.34593e+12   2.7204e+12  1.44574e+13  2.76722e+12 -1.72328e+13 -1.33729e+13 -1.01358e+13 -3.13508e+13 -1.56136e+13   8.4649e+12  2.06715e+13  2.21159e+13  3.33174e+12  3.85473e+13 -2.74029e+12 -3.16535e+11   1.6882e+13  1.08291e+12 -3.11605e+12 -4.09376e+11 -2.63928e+13 -2.04866e+12  8.96994e+12  2.12239e+13   1.3676e+13 -3.26521e+12 -1.42976e+13  7.42709e+12 -1.22298e+13 -1.53429e+13  1.22542e+13 -1.91281e+13  2.52009e+12 -1.02868e+12  4.51177e+12  1.20893e+13
 1.70503e+13 -6.38016e+13  2.72981e+14 -3.68544e+12  1.34142e+13 -2.99931e+13 -4.65272e+13 -2.26943e+13  2.88317e+13   2.0066e+13  3.66716e+13 -1.86399e+13 -5.56842e+13 -2.51807e+13  8.36762e+13 -1.40491e+13  9.18984e+11  2.75273e+13 -1.20294e+13 -9.25771e+12  1.52331e+13  -4.2932e+12 -1.77906e+12 -4.20448e+12  1.11765e+13  1.32095e+13  4.19536e+12 -7.38465e+12 -6.29906e+12   3.3039e+13   3.1444e+12   5.7759e+12 -9.65366e+12  2.42761e+13 -7.74338e+12 -7.49111e+12  9.76092e+12  1.49871e+13 -2.37516e+13  9.51478e+12 -5.91794e+12  1.28816e+13  4.82638e+12 -6.31333e+12  2.55448e+13  1.81297e+13 -1.01367e+13 -4.25917e+12 -5.82473e+12 -7.57325e+12 -1.21502e+13 -1.04962e+13 -1.06363e+13  -1.1037e+13 -3.77404e+13  1.50752e+13 -4.84985e+12 -1.16132e+13  1.33689e+13 -1.51845e+13 -8.20123e+12 -9.35236e+12  5.55874e+12 -3.34569e+13  6.57787e+12 -4.79921e+12  3.43093e+11   -7.266e+12   1.8816e+13 -1.38216e+13  2.21794e+13 -7.81471e+12  1.26815e+13 -2.30313e+13 -1.43092e+12  -8.2939e+12 -3.83732e+13  -4.8679e+12 -9.75698e+12  8.80717e+11  -2.0071e+12   2.2322e+12  2.10556e+11 -2.97207e+12  8.94235e+12  1.24492e+13 -1.61148e+12  1.53974e+13 -4.74708e+13  7.52804e+12  1.54164e+13 -2.70258e+12 -3.93517e+12  1.96232e+13  1.16356e+13  -9.7107e+12 -7.93593e+11  2.49295e+13  2.01355e+13 -8.75663e+12  -2.3386e+13 -5.51409e+12   5.6752e+12  1.65011e+13  9.18854e+12  1.93098e+13 -7.21326e+12 -1.56385e+13 -8.74368e+11 -1.00368e+13 -1.06111e+13 -6.57765e+12  2.50201e+13 -1.13751e+13 -6.18606e+10 -2.11927e+12  1.59558e+13 -7.27208e+12 -1.58811e+12 -2.24426e+13  2.13484e+12 -4.49735e+12  1.46382e+13  1.92797e+13 -2.40887e+11  2.61469e+13 -2.41865e+13  1.12896e+13 -1.29434e+13  2.31717e+12 -3.05463e+13 -1.65249e+13  1.68478e+12  1.24839e+11  1.91764e+13  2.64638e+12  8.69821e+12  2.21199e+13 -1.17792e+13  -1.8532e+13 -2.15575e+13  2.16822e+12  1.50705e+13 -1.55156e+13  1.06591e+12  -1.4056e+13  1.07541e+13  3.06871e+12  2.61621e+13  1.24747e+12 -2.54638e+12 -6.70765e+11 -1.65585e+13  8.39739e+12  2.08399e+13 -2.79685e+13  2.78966e+12 -6.56428e+12 -8.52444e+12  7.10737e+12  1.08898e+13 -1.60112e+12  6.11627e+12 -1.29342e+13
-9.40715e+12  6.84442e+13 -3.68544e+12  3.47349e+14  4.99847e+13  2.76958e+13  2.74924e+12 -2.26689e+13 -4.31565e+13   4.1757e+13 -5.58612e+11 -1.19153e+12  3.56143e+11 -1.32932e+12 -8.71999e+12    4.336e+13  1.84383e+13 -1.06269e+13  1.40459e+13 -1.51117e+12 -1.44795e+13 -6.12672e+12   9.3891e+12  7.66013e+12 -1.91773e+13  1.17303e+13 -1.76981e+13 -4.00832e+13 -5.57912e+12 -2.30839e+13   8.3857e+10 -1.35172e+13 -3.47024e+13  2.47316e+12 -7.63078e+12 -2.26093e+13 -2.90283e+12  2.52138e+13 -2.24146e+13  2.48103e+13 -1.32262e+13   1.6502e+13  6.29151e+12 -1.59245e+13 -8.23408e+12 -2.26744e+13  8.02329e+12  5.49119e+12  6.68265e+12 -9.48647e+12  7.06237e+12  3.07992e+13  -1.0989e+13 -5.63641e+12 -8.96324e+12  1.75441e+13  2.38772e+12 -1.29652e+13 -1.86443e+13 -1.61632e+13  2.18111e+12 -5.38101e+12 -1.08409e+12 -6.10317e+12 -3.36522e+13 -3.51857e+12   4.6142e+13 -3.23353e+13   -8.065e+12 -1.11611e+13 -4.78629e+12  1.53532e+13 -1.96574e+13  1.08567e+13 -2.07198e+13 -3.16976e+13 -5.11975e+12  2.46714e+13 -2.41301e+13 -4.17095e+12 -1.84799e+12 -1.38222e+13  2.61815e+12   7.5544e+12  2.44304e+12  1.34966e+13  1.86333e+13  -2.2542e+13  1.30868e+12 -4.22724e+13   1.4005e+13   9.2465e+12  1.22069e+13 -1.95751e+12   3.1521e+13  1.97071e+13  4.68926e+11  2.42537e+13  6.54532e+12 -1.12836e+13  2.13789e+13  2.81931e+13  8.78501e+12 -5.89002e+12  -1.3499e+13  4.04346e+13  1.80802e+13 -2.27402e+13  3.79938e+13 -2.44338e+13  1.02846e+13  -5.0998e+12 -1.71627e+13  5.08809e+11 -5.88317e+12  3.66264e+13  2.28615e+13 -1.12373e+13  6.74211e+12 -5.59373e+12 -4.88776e+12   9.5731e+12  3.34152e+13 -6.67241e+12  1.07465e+13 -4.00447e+13  4.35861e+12 -1.54203e+13   7.6542e+12 -2.11855e+13  1.45186e+13 -8.77766e+12 -2.03088e+13  -1.1172e+13 -6.26096e+12 -2.15977e+13 -4.03057e+11 -8.73802e+12  1.35551e+13  4.92267e+12 -9.06968e+12  9.77593e+12  8.01636e+11  5.22515e+10  1.31823e+13 -2.70817e+13  -2.1133e+13 -5.46777e+11  -1.5605e+13 -3.94946e+12 -9.64056e+12   9.6391e+12 -2.58838e+12  2.73564e+12  7.97926e+12 -4.27924e+12  3.48685e+11 -4.67865e+12  1.01869e+13 -1.26715e+13 -9.53509e+12 -2.78292e+13  4.28921e+12  -1.8409e+13
  7.0768e+12  4.56002e+13  1.34142e+13  4.99847e+13  2.67522e+14 -4.12894e+13 -1.51453e+13 -1.63905e+13  2.80939e+13  2.29387e+13 -2.87006e+13 -2.08921e+12  3.15375e+12  1.62276e+13 -4.93839e+12  3.11227e+13   -8.086e+12 -2.97907e+12 -4.12464e+12  1.32791e+13 -1.10238e+13 -1.72617e+13  1.68423e+13 -3.40141e+13   9.4916e+11  2.52107e+12 -3.63142e+13  -1.4429e+13 -1.64686e+13   -6.502e+12  -1.6895e+13 -3.65194e+12 -1.35427e+13 -7.05944e+12 -2.36917e+13  1.16667e+13  5.51775e+12  1.15239e+13 -3.78727e+12  1.64737e+13 -7.83194e+12  2.43381e+13  8.95823e+12  7.16233e+12  -1.1521e+13 -3.42616e+13  1.99803e+13 -1.26862e+13  1.81537e+13  5.80175e+12    1.028e+13  2.73398e+13  7.20077e+12 -4.61281e+12 -1.86396e+13 -4.57597e+12  9.08173e+12 -1.61959e+13 -2.42288e+13 -1.27296e+13 -3.98099e+12 -3.38747e+13 -2.11965e+13  7.67834e+12 -1.49239e+13 -1.01352e+13 -9.48671e+12 -3.03709e+13  1.87145e+13 -2.19348e+13  6.49278e+12  1.59525e+13  1.38007e+12  5.84799e+12 -2.01398e+13  7.56197e+12 -1.25559e+13 -1.28512e+12 -2.23213e+13 -6.52611e+12  1.95732e+13  6.64561e+12  3.98592e+12 -2.39895e+13   3.1903e+13 -4.95169e+12  1.37085e+13  1.57478e+13 -1.72049e+13 -5.39759e+12  1.61972e+12     7.28e+12  1.66433e+13  -1.2886e+13  1.30921e+13 -6.21305e+12 -5.88998e+12 -5.07498e+12 -3.85784e+12  1.92477e+12  1.10071e+13  2.03564e+13 -2.20138e+13 -6.63486e+12 -6.50441e+12   1.9471e+13   1.9556e+13 -1.38386e+13  1.08314e+13  9.77856e+12   1.8274e+13  7.47609e+12 -2.01485e+13  1.47076e+13  7.13911e+12 -3.12699e+12  2.60338e+13 -8.19549e+12 -8.83669e+12 -1.33823e+13 -1.21508e+13  2.33626e+13  7.10785e+12  7.41403e+11  5.72146e+12 -1.30629e+13  8.88191e+12  7.78017e+12 -7.30315e+12 -1.34854e+12  2.84194e+13 -1.04012e+13 -1.51966e+13 -1.69904e+13  1.38494e+13 -2.05147e+13   8.8453e+12  -6.0784e+12  1.77056e+13  6.10002e+12  7.25517e+12  8.80168e+12 -2.74362e+13  1.86298e+13  -2.6079e+12 -1.34959e+13  4.96415e+12 -2.23617e+13 -1.90164e+12 -8.28332e+12 -1.30587e+13  1.77845e+12  1.65054e+13  6.32506e+12  1.69272e+13 -5.08241e+12  5.72948e+11 -1.56597e+13  -8.4209e+12 -1.45251e+13   8.1568e+12  7.05317e+12   1.6552e+13 -6.67056e+12
-9.80436e+12  3.46277e+13 -2.99931e+13  2.76958e+13 -4.12894e+13  3.00904e+14 -2.71848e+13  3.39219e+13  -4.2645e+12 -2.65281e+13 -4.06325e+13  9.46831e+12  8.29816e+12 -2.95835e+12 -7.29329e+12  6.33102e+11 -8.52649e+12 -2.15299e+13 -6.39219e+12  4.03266e+13 -3.28071e+12 -3.85297e+13 -2.98225e+13  1.55312e+13  4.54253e+12  2.68775e+13 -1.32079e+12  9.94245e+12  1.50965e+13 -1.77198e+13  1.04166e+13 -1.00652e+12  6.69515e+12   7.7795e+11 -3.41608e+13 -5.39332e+11 -1.29035e+13  1.17914e+13 -2.27115e+13 -5.24047e+12  2.07951e+13  2.31999e+13  3.13275e+12  8.00103e+12   1.9279e+13  1.81808e+13  1.57963e+12  1.77975e+12  7.23808e+12 -1.25335e+13  1.08619e+13  2.64368e+12  2.23023e+12 -2.07491e+13 -1.97905e+13 -1.41844e+13  2.12643e+13  2.38302e+13  2.37805e+12  2.74236e+13  1.25021e+13  -1.0172e+13  1.05434e+13  4.48946e+12  1.54621e+12 -5.52253e+12 -4.06385e+12 -2.00702e+13  1.18249e+13 -6.10185e+12  9.64768e+12  1.61185e+13  1.91268e+13 -9.96165e+12 -1.90803e+13 -5.41889e+09  1.64917e+13 -5.00597e+12 -5.37276e+12  1.28089e+13   1.9578e+12 -2.30236e+13  1.19265e+13  2.83632e+11 -3.37207e+12  8.47861e+12  6.65701e+11 -2.82425e+12 -1.52883e+13  -1.7735e+13  8.22603e+12 -1.16584e+13 -2.00793e+12 -1.96384e+13 -1.13774e+13  3.44643e+12  1.12189e+13   1.2724e+13 -2.43085e+13 -8.59526e+12  2.56755e+13  7.09758e+11  2.98133e+12  -2.2732e+13 -1.50217e+13  4.68151e+12 -1.95113e+13  1.80856e+13  4.86256e+12  7.63908e+12 -1.68799e+13  9.42565e+12 -1.33493e+13  2.56915e+12 -7.93424e+12 -2.40209e+12 -1.34519e+13 -3.77065e+12  1.23055e+13   7.5917e+11  4.08107e+12 -1.31673e+13 -1.15261e+13 -2.65438e+13 -5.97629e+12 -3.48464e+13  1.47149e+13 -2.55569e+13  4.58656e+12 -3.61544e+12  1.17582e+13  1.55921e+13  7.10017e+12  -8.8241e+12  1.39784e+13  1.31715e+13   1.4761e+13  5.85748e+12 -9.48538e+12  8.83542e+12   2.2132e+13  1.46879e+13 -1.70865e+13 -1.24402e+13 -8.22088e+12  6.19165e+12  1.50156e+13  3.97328e+12 -1.08519e+13 -2.25085e+12 -3.09591e+12  1.79117e+13 -1.98792e+13  4.66888e+12 -2.01133e+13 -1.67995e+13 -2.73382e+13 -4.35688e+12 -9.50854e+11 -5.75446e+12 -7.64707e+12 -2.36786e+12 -1.20784e+12 -1.30044e+13
-4.52316e+13  1.33056e+14 -4.65272e+13  2.74924e+12 -1.51453e+13 -2.71848e+13  3.90192e+14  5.55397e+13  2.45123e+11 -8.04982e+12  1.99362e+13 -1.77549e+13  8.66397e+13 -4.09167e+13 -8.30982e+13   1.2524e+13  1.91799e+13 -1.23754e+13  6.98156e+12 -2.43106e+13 -1.60666e+13  1.94291e+13 -2.81372e+13 -4.03565e+13  1.95458e+13 -1.66122e+13  2.09195e+13  5.14814e+13 -1.12927e+11 -2.79347e+12 -1.25196e+13 -9.73611e+11  2.50679e+13  1.87117e+12 -3.64124e+13 -2.50003e+13  1.35229e+13  4.12422e+13  2.49214e+12 -1.38313e+13  7.08318e+12 -5.12662e+12 -4.52729e+12  6.88282e+12 -1.51682e+13 -2.46951e+13 -1.45901e+12 -1.24195e+13  2.28874e+13 -1.60209e+13  2.78301e+13 -1.71689e+13  -9.6891e+11  2.23674e+13  2.65782e+13 -4.90131e+12  -4.2471e+13 -1.45255e+13 -1.20669e+13 -1.86683e+13  1.51706e+10 -1.19226e+13  1.36434e+12  7.24591e+11  6.68802e+12 -1.77322e+13  1.35826e+13 -6.33176e+12 -5.39621e+12 -4.43518e+12 -7.13219e+12 -3.09149e+13  1.83768e+13  2.29134e+13 -1.22921e+13  -1.5725e+13  3.13154e+12  2.24385e+13  4.73524e+11 -2.06468e+13  7.46974e+12  2.53977e+13  3.03275e+13 -3.37673e+13  1.11872e+13  8.79484e+12 -2.39339e+12  1.87626e+13 -1.51172e+13 -9.49477e+12 -2.74069e+13 -2.83865e+12   8.0593e+12 -8.45405e+12 -5.35672e+12  5.44043e+12 -2.77946e+13 -1.30403e+13  2.91446e+13  2.72299e+13 -1.16141e+13  2.82336e+13  1.32132e+13 -1.72585e+13  1.36231e+09 -3.33548e+13  5.10804e+10   1.4912e+13  2.97046e+13 -3.79972e+12    2.836e+13 -1.44421e+13 -1.04776e+13  -1.5239e+13 -6.14436e+12 -5.90113e+12  -3.8083e+12 -8.57026e+12 -4.21067e+12  5.56564e+12 -7.12565e+12  2.55045e+12  5.77915e+12  5.78541e+12 -1.09147e+13  2.40191e+13  -2.8501e+13  1.13033e+12 -1.10417e+13  4.63869e+12  2.63751e+13   6.1692e+12 -2.27407e+13 -1.75388e+13 -3.13991e+13 -1.28528e+13 -3.75293e+13 -2.62958e+12  7.64603e+12 -4.70108e+12 -5.53495e+12  1.24838e+13  2.33663e+13  1.06584e+13  2.71529e+13  8.33826e+12   2.6396e+12  1.00328e+12 -2.46339e+13  3.06427e+13  1.94127e+13 -6.76929e+12  7.07439e+12  3.71427e+12 -5.76312e+12  1.69438e+12 -1.86651e+11  2.37303e+13  1.33702e+12  3.38583e+12 -4.07521e+12   3.6801e+12  9.16073e+12 -8.61371e+11
-2.68113e+13  5.98539e+13 -2.26943e+13 -2.26689e+13 -1.63905e+13  3.39219e+13  5.55397e+13  3.79077e+14 -5.42612e+13  6.68441e+12  2.01996e+13  -3.1897e+13  4.11291e+13 -2.04559e+13 -3.99303e+13  1.27654e+13  7.58668e+12  3.98763e+13  1.12091e+12  2.57227e+13  4.56045e+12  3.94527e+13 -6.05189e+13  2.30685e+13   9.9943e+12  1.09303e+12  1.34827e+13  3.03307e+13  1.95525e+13 -5.05557e+13  2.31571e+13  3.82315e+13  2.46568e+13 -2.06956e+13  3.67723e+12 -2.25315e+13 -3.31451e+13   3.2147e+13 -1.21534e+13 -9.45585e+11 -1.75805e+13  3.30523e+11  6.03632e+12    6.803e+12  2.99982e+13  2.69851e+13 -1.45366e+12  1.39066e+13  -1.2558e+13  8.67636e+12  1.43281e+13 -1.22427e+13 -9.06243e+12  3.36616e+10  2.23673e+13   6.8476e+11  8.45065e+12 -4.02671e+12   1.7451e+13  6.65662e+12 -7.82275e+12  2.24416e+13    8.795e+12  3.87349e+12 -8.75375e+12   2.3302e+13  1.30497e+12 -9.45967e+12  2.31066e+13  2.51936e+13  1.05566e+13  -2.5391e+13 -1.40584e+13  1.23251e+13 -8.57155e+12 -2.73267e+13 -1.01836e+13  1.42307e+13 -1.72733e+13 -3.91121e+12 -9.17853e+12  1.93693e+13   2.1837e+13  8.66913e+12 -9.20924e+12  3.31082e+13  3.63155e+12  3.83145e+12  -9.2105e+12   2.6685e+12 -2.10634e+13  -1.1101e+13 -3.00445e+12   -5.084e+12 -3.09496e+13 -2.59877e+13  4.71379e+12 -4.07791e+12 -2.69066e+12  8.35743e+12  1.05407e+13  2.84723e+13  2.80592e+13  2.51794e+12  2.85023e+13  -2.6224e+13 -2.80186e+13 -1.75848e+13 -3.58313e+13 -7.56472e+12  8.55187e+11 -1.13466e+13  1.59426e+13 -2.41593e+13 -2.35924e+13 -5.93028e+12  2.48839e+13  4.86429e+12 -1.36511e+12  7.17918e+12  3.57341e+12  2.34037e+13 -2.46945e+13 -7.53793e+12 -1.66815e+13  6.76413e+12  2.93184e+13  1.61708e+13  1.37749e+13  2.64563e+13 -2.11886e+13  7.77179e+12  2.94235e+13  -2.3127e+12 -1.34094e+13 -4.26791e+12  1.57847e+13 -1.02915e+13 -2.43058e+13  2.31448e+13 -4.15592e+13 -1.23209e+13  -7.9738e+11  1.20053e+12 -1.44273e+13 -3.13145e+12  2.76877e+12  1.88252e+13  7.14519e+12 -5.94891e+12 -8.65853e+12 -9.42633e+11 -4.51576e+12 -1.58344e+12 -7.26592e+12  1.78387e+13  2.94367e+13  2.94585e+13  1.75549e+13  5.44111e+12 -1.87348e+13  3.72397e+12  6.51842e+12  -7.3779e+12
 6.48656e+12  1.27812e+13  2.88317e+13 -4.31565e+13  2.80939e+13  -4.2645e+12  2.45123e+11 -5.42612e+13  3.23341e+14  1.03043e+13 -4.13103e+12 -3.37989e+13  1.47497e+13  6.73154e+11 -2.47035e+13 -3.48216e+12  2.98986e+13 -2.96839e+13 -5.27491e+12 -6.08968e+11  2.83883e+13 -3.27446e+13 -1.10978e+13 -2.01672e+13 -4.78145e+12 -4.91166e+12 -6.09272e+12 -8.44321e+11 -2.67602e+13  1.91075e+13 -7.39432e+12  9.81038e+12 -4.69308e+12 -2.25676e+13  3.51407e+11  2.83459e+13  9.14157e+12 -1.68033e+13 -6.60552e+12 -7.27249e+12  8.40402e+12 -1.30972e+13 -2.19398e+13 -6.52375e+12 -7.29451e+12 -3.66214e+13  2.19945e+13 -5.37384e+12  5.20276e+11 -2.67075e+11 -1.23224e+13  1.67197e+12 -2.22338e+13   4.8206e+12 -9.94197e+12 -3.53202e+13 -2.20538e+13 -5.16311e+12 -9.30294e+12 -5.18869e+10 -1.07655e+13 -1.33805e+13  1.59308e+13  7.63015e+12   1.2651e+13 -4.01477e+13  8.53255e+12   6.9651e+12  3.21706e+13 -5.19261e+12 -4.18861e+12 -2.14354e+13 -9.42055e+12  5.10572e+12  2.43803e+13  2.03497e+13 -3.01619e+12  1.18251e+12  3.46352e+12  8.15962e+12  -1.0307e+13  1.40958e+13 -2.67252e+13 -3.41155e+13 -1.06359e+13 -4.18891e+12  8.99778e+12 -7.21613e+12  2.01041e+13 -6.04311e+12  1.23721e+13 -3.97715e+12  2.45123e+13  2.54998e+12   7.7384e+12  3.77647e+12 -7.22248e+12  1.13571e+13 -3.83898e+13  1.56466e+13 -6.46573e+12 -9.63707e+12    -2.16e+13  1.14481e+13 -6.32842e+12 -8.08055e+12  9.82802e+12  2.01622e+13 -8.17499e+11  7.19277e+11  1.89507e+13 -1.33027e+13  1.50934e+12  3.18409e+12 -1.17975e+13 -1.20875e+13 -4.74273e+12 -1.13716e+13 -8.34395e+11 -2.26802e+13  1.97899e+12  1.52553e+13  2.32362e+13 -1.17921e+13  1.78202e+13  7.91461e+12  3.87269e+12 -2.14938e+12  3.94227e+12 -1.07965e+13 -1.53387e+12 -3.00166e+13  -3.5333e+13  1.56689e+12 -8.08404e+12 -1.84583e+13 -2.90966e+11  -2.4267e+13  2.17813e+13  8.36982e+12  2.20436e+13  1.29319e+13 -2.95449e+12 -1.08385e+13 -2.99044e+13  2.26577e+13  -1.2453e+13 -1.94798e+13  2.43141e+13   1.6618e+13  1.50138e+13  7.34257e+11  1.03758e+13  5.03532e+12  7.55157e+12 -1.28198e+13 -6.69396e+12 -1.52143e+13 -1.08332e+13 -1.72703e+13  1.63071e+13  1.19979e+13  2.35903e+13  3.50711e+13
-5.09242e+12   1.4862e+13   2.0066e+13   4.1757e+13  2.29387e+13 -2.65281e+13 -8.04982e+12  6.68441e+12  1.03043e+13  3.33689e+14  4.97574e+12 -2.21289e+13 -1.92957e+13  1.12147e+13 -2.51707e+12 -1.80842e+13 -2.93696e+13  6.09383e+13 -2.22626e+13 -5.13243e+12 -1.30198e+13  2.84864e+13  1.36362e+13 -4.05537e+11  1.62745e+13 -1.28878e+11 -2.07013e+13 -1.93943e+13 -5.33874e+13 -1.80494e+13  1.18283e+13 -7.36461e+12 -2.12075e+13  -7.1201e+12  1.33636e+13  3.09745e+13 -1.48222e+13  9.21561e+12 -2.47205e+13  1.82943e+11 -2.22858e+13  4.77607e+12  2.03286e+13 -2.39157e+13   6.5374e+12  1.87642e+13 -5.76818e+12  1.53989e+13 -1.49522e+13  3.13331e+13 -8.25004e+12 -4.88542e+12  2.67815e+12  2.79695e+13 -1.15278e+13   1.4928e+12  1.11554e+13 -2.47592e+13  8.63033e+11 -2.40178e+13 -7.51727e+12 -1.06754e+13  1.00195e+13 -2.33105e+13 -1.49697e+13  3.36215e+12  2.02919e+11 -2.79343e+12  2.74437e+13  -8.4368e+12  1.31661e+13 -1.10997e+13  1.32249e+13 -7.23645e+12   2.4951e+13 -6.00984e+12 -2.29634e+13 -6.88861e+12 -2.13317e+13  1.65481e+13 -6.98256e+12  1.28906e+13 -1.10105e+13  8.65972e+12  1.93202e+13  1.30751e+13 -5.02146e+12  1.29525e+13 -6.46336e+12 -1.03815e+12 -2.69215e+12  1.05322e+13 -8.09397e+12  5.25873e+13  6.26489e+12 -3.02012e+13 -1.27661e+13 -8.44629e+12  1.59117e+13 -2.80179e+13  2.10355e+12  9.07177e+12  4.20086e+12   2.3418e+13  1.04566e+13 -1.44124e+13  6.97928e+11 -9.28911e+12  1.86276e+12 -8.97329e+12  1.60299e+13 -1.34138e+13  1.63202e+13  4.29532e+12  1.50304e+13 -1.47682e+13  4.46551e+12  6.91855e+12  1.08214e+13 -1.40921e+13 -2.48741e+13  2.10037e+13 -1.32356e+13 -7.91673e+12  1.20471e+13  4.85805e+12 -1.32409e+13  7.84872e+12  1.19863e+13  -9.1556e+12 -1.99469e+13 -1.41247e+13 -9.39059e+12 -1.36052e+12 -1.70098e+13  1.34357e+13 -3.18104e+12  1.77099e+12  3.18807e+12  9.42516e+12 -2.90007e+13  2.15276e+13 -3.93763e+13   2.8447e+13 -3.47483e+13  7.30083e+12  1.35334e+13 -4.89116e+11  -1.2897e+13  8.73777e+12  2.58176e+13   2.0642e+13   4.6915e+13 -1.38429e+12  6.60222e+12   1.6712e+12 -6.92202e+11 -1.65613e+13 -1.22454e+13 -9.50657e+10 -1.99112e+13 -4.46615e+12  1.48651e+13  8.18908e+12
 -7.3217e+12  -6.4154e+13  3.66716e+13 -5.58612e+11 -2.87006e+13 -4.06325e+13  1.99362e+13  2.01996e+13 -4.13103e+12  4.97574e+12  3.98294e+14 -1.77611e+13 -1.33024e+13 -4.82845e+13  5.10247e+13  2.47361e+13   2.0112e+13  3.92998e+13  2.78633e+13 -4.96498e+13 -1.99208e+13  3.41767e+13 -2.68526e+11 -4.52062e+12  2.60164e+13  7.96993e+12  3.77225e+13 -2.81746e+12  3.62201e+12 -8.12913e+12  3.47239e+13  6.84052e+12  4.66643e+12   3.7526e+12  1.96097e+13 -3.96821e+13 -4.56955e+13  4.85604e+13 -8.78915e+12 -1.49129e+13 -3.17042e+13  7.01671e+12 -8.14111e+12 -6.19019e+12  1.95635e+13 -1.47813e+12 -1.36335e+13  1.40614e+10 -3.44687e+13  2.98152e+12 -3.53271e+13 -2.25832e+13  5.14548e+12 -1.59094e+13  1.59614e+13  1.20654e+13 -7.04507e+12   1.0193e+13   -4.391e+12  2.30416e+13 -1.64908e+13  2.28584e+12  2.28196e+13  3.16782e+13 -3.49159e+13  2.08561e+13  1.58068e+13  1.14051e+13  2.05231e+13 -1.43565e+13  2.70104e+13  1.36752e+13  -1.4634e+13 -7.42613e+12  4.61601e+12 -4.40572e+13 -1.23079e+13 -1.20027e+13  1.78222e+13  2.21455e+13 -6.31576e+12 -1.51417e+13  1.80843e+13 -3.10231e+12 -1.39765e+12  6.11277e+12  6.30523e+12 -2.74282e+13 -9.07374e+12  2.23427e+10 -2.10117e+13  4.26634e+12 -1.27092e+13  1.02401e+13  1.36684e+13 -1.66674e+13  6.68787e+11  3.68646e+13 -9.77114e+12    1.284e+13  1.12768e+13  -1.7807e+13  1.39987e+13  2.35153e+13 -1.86833e+13 -1.34692e+13  2.45325e+12 -1.37938e+13  -9.9294e+12  -7.9746e+12  3.84583e+12 -1.54814e+13 -7.89481e+12  -1.8062e+13  3.17544e+12  1.45207e+13 -2.35393e+13 -1.72242e+13 -7.84908e+12 -6.69458e+12 -9.78519e+11 -1.48297e+12 -4.62885e+12  -2.4066e+13  -1.8817e+13  3.51948e+12  1.96616e+13 -1.35663e+13  5.66829e+11 -5.60482e+12 -4.77916e+12  8.22371e+12   6.0363e+12  2.74413e+13 -2.18197e+13  3.37272e+13 -3.59913e+12  -2.9436e+13 -4.52474e+13 -5.60066e+12 -3.18759e+13 -2.06596e+13  9.05177e+11  1.73428e+13 -1.09114e+13 -1.28864e+12  8.92326e+12  2.55657e+13  2.49905e+13 -7.26331e+12  -2.5079e+13  5.06681e+12 -1.95529e+13  2.30396e+13  -2.2422e+13  2.02763e+13  8.20406e+12    3.013e+12 -1.71355e+13  1.48433e+13 -1.38995e+13  -1.3534e+13 -1.10115e+13 -3.30165e+13
-1.05297e+13   3.7047e+13 -1.86399e+13 -1.19153e+12 -2.08921e+12  9.46831e+12 -1.77549e+13  -3.1897e+13 -3.37989e+13 -2.21289e+13 -1.77611e+13  3.41413e+14 -3.53335e+13  7.60517e+11 -6.85584e+12  1.33742e+12 -9.34191e+12  -2.8701e+13 -1.29133e+13 -8.31334e+12  -5.9267e+12  1.08172e+13 -1.61756e+13 -9.15238e+12 -9.66854e+12  3.43497e+13  4.88948e+12 -2.63977e+13  -5.0038e+12 -1.36991e+13  8.41845e+12 -1.71034e+13  6.32517e+12 -1.97203e+13 -1.83338e+13  4.18104e+12   2.6854e+11 -1.17199e+12  3.11376e+13 -8.56565e+12  2.64912e+13 -3.31361e+13  2.55647e+13  1.08187e+13 -4.15797e+13  3.79663e+13  1.43934e+13 -1.17456e+13 -2.59265e+13   7.8409e+12  7.63798e+12  5.24162e+11  1.08796e+13  9.50873e+12 -3.02688e+12 -1.10397e+13  1.96421e+12  1.86159e+13 -2.31683e+13  5.83517e+12  3.27529e+13  1.28385e+13  1.47146e+13  1.63694e+13  7.81821e+12  2.14131e+13  1.27989e+12   2.3985e+13 -9.04508e+12   -1.068e+13 -8.00167e+12  1.12612e+13 -2.26471e+13  1.14604e+13   3.0241e+13 -6.92489e+11  3.73375e+13 -1.12368e+13  3.97699e+13  -2.2005e+12  -1.2399e+12  3.56014e+12 -1.83965e+12  9.28175e+12 -2.03719e+13 -4.62451e+12 -8.49558e+12 -9.06678e+12  3.47988e+13 -3.12175e+12  8.33533e+12  -1.0475e+13 -1.27591e+13 -7.18923e+12  1.08319e+13 -5.38768e+12 -2.71392e+13 -1.31014e+13 -7.69334e+12 -1.34337e+13   2.5789e+13 -3.75028e+13 -4.97311e+13 -1.76227e+13   2.0109e+13  1.82607e+13  1.41273e+13 -7.11058e+12  1.38197e+13 -2.20851e+12 -6.47485e+12  4.60746e+12  1.10426e+13   6.5988e+12  7.56671e+12 -3.52775e+12 -1.36894e+13  2.75824e+13  1.33779e+13 -8.97861e+12  2.11885e+12 -2.19736e+13 -6.55684e+12 -1.05527e+13  3.37321e+12 -1.37971e+13 -4.48781e+12   1.4381e+13 -2.30767e+13 -2.86991e+13  1.32911e+13  2.17431e+13  1.98914e+13  1.27098e+13  1.56543e+13 -3.31672e+12 -1.48989e+13  1.43297e+13  2.20995e+13  4.30774e+13 -2.01131e+12  5.84623e+12 -6.44715e+12  5.47358e+12  1.28377e+13  4.25367e+13 -6.95112e+12 -7.43477e+12 -1.63884e+13  -2.4311e+13 -1.80993e+12 -2.51612e+12  1.48674e+13 -2.66662e+13  8.60221e+12  4.62483e+12 -6.71812e+12  2.94158e+12  -1.7543e+13 -4.15355e+12  4.66783e+12 -1.70523e+13 -2.50802e+13 -9.12054e+12
-3.16849e+13  5.32101e+13 -5.56842e+13  3.56143e+11  3.15375e+12  8.29816e+12  8.66397e+13  4.11291e+13  1.47497e+13 -1.92957e+13 -1.33024e+13 -3.53335e+13  4.25925e+14 -9.15263e+12 -6.77563e+13 -9.81506e+12  2.61247e+13 -1.12002e+13  4.14917e+13  1.89223e+13 -3.40801e+12  7.87812e+12 -2.11493e+13  1.52559e+13 -8.36056e+12 -3.35924e+12   6.0297e+13 -1.61924e+13 -1.00767e+13  6.26973e+11  1.35395e+13   4.0592e+13  3.18138e+12 -2.43999e+13    1.297e+13 -1.79441e+13  1.85522e+13 -2.41748e+13  1.91552e+13 -1.31178e+13 -2.98099e+13   2.3912e+13  -1.3752e+13  4.18332e+13 -2.22747e+13 -1.65631e+13  3.55518e+13 -1.06747e+13 -1.99273e+13 -1.84075e+11  1.01021e+13 -1.22292e+13  1.12333e+13 -7.43973e+12  1.72885e+13 -1.45833e+12 -4.19812e+13 -1.45044e+13  5.15798e+12 -4.01382e+12  -4.1835e+13  -2.4628e+13 -2.78872e+13 -2.04583e+13  1.89412e+12 -2.68995e+13  2.77633e+13 -6.38568e+12 -3.09991e+12  2.02534e+13 -5.75712e+12 -1.72165e+13  1.47746e+12    9.289e+12 -1.95806e+13  3.50547e+12  3.54522e+13  2.61316e+13 -1.36278e+13  2.10375e+13   1.9031e+13  3.33948e+12  2.39582e+13 -1.00345e+13  5.18328e+12  5.28603e+12  1.21669e+13  4.53672e+12  6.00484e+12 -1.81668e+13  -4.4643e+12 -1.20085e+13 -1.41176e+12 -2.20338e+13  9.05216e+12  1.75929e+13  2.79365e+13 -9.73233e+12 -1.73008e+13  1.07862e+13  1.51841e+13  1.55639e+13  -3.2463e+12  3.36463e+13 -7.15518e+12 -9.17033e+12  1.48858e+13  1.61345e+12  1.14731e+13  2.00387e+12  6.85378e+12  1.23975e+13 -5.33992e+12  1.86668e+12 -1.01737e+12 -1.16758e+13  1.68448e+13 -1.56144e+13  -3.9181e+13  2.57592e+13  6.02624e+12  1.03544e+13 -1.32754e+11 -3.23832e+12  -2.8325e+13 -1.23838e+13   2.5286e+13  -1.2944e+13   1.2965e+13  3.35838e+13  1.41913e+13   3.9025e+12  -1.5103e+13  3.87676e+12 -4.36742e+13 -6.37285e+12 -1.47201e+12 -1.00025e+13  -1.3656e+13 -1.08005e+13  2.71129e+13 -1.10651e+13  1.36391e+13  2.40308e+13  1.06783e+13 -2.39668e+13 -4.65101e+12 -3.55519e+12   1.8231e+13   2.6807e+13   2.3856e+13 -3.86983e+12  1.74482e+13 -2.77084e+13  -5.6574e+12 -2.06355e+13 -1.54557e+13 -4.16609e+12   1.9023e+13 -1.34153e+13  1.33152e+13 -1.27388e+13  7.64775e+12  8.79426e+12
 1.03896e+13  -3.5214e+13 -2.51807e+13 -1.32932e+12  1.62276e+13 -2.95835e+12 -4.09167e+13 -2.04559e+13  6.73154e+11  1.12147e+13 -4.82845e+13  7.60517e+11 -9.15263e+12  3.39708e+14  1.67325e+13  -1.5888e+13  7.11394e+11 -9.20231e+12 -9.64872e+12  3.35187e+13 -2.22264e+12 -4.64897e+12   3.4796e+12  8.22041e+12  1.62086e+13  8.12228e+12 -3.99281e+13  1.36797e+13  4.36819e+13  1.70578e+13 -2.48597e+13  1.10345e+13 -3.88159e+13 -1.08566e+13 -9.52197e+12   9.4346e+12 -3.17304e+11 -3.83487e+13 -2.63387e+12  2.84021e+13  3.58012e+13 -3.59454e+12  9.98859e+12 -2.52479e+13 -1.42949e+13  8.02347e+12 -2.94543e+13  1.45952e+13 -2.25312e+13  6.95663e+12 -1.29722e+13 -1.63368e+13  1.11771e+13  2.59407e+13 -2.01048e+12  3.90808e+13 -9.48024e+12  6.99007e+12  2.55945e+13 -3.23393e+12 -1.90543e+12  1.05184e+13  4.03167e+12 -2.21537e+13  9.41034e+12  -1.4476e+13  3.72702e+12  5.29043e+12 -2.70578e+13  6.59085e+12 -2.23673e+13  1.73576e+13  8.02437e+12 -1.21807e+13  2.44804e+12  4.30773e+12 -1.34526e+13  6.23362e+12  1.62537e+13 -1.25032e+12  1.20947e+13  1.94614e+12 -1.78614e+13  1.90491e+13   7.6123e+12 -1.10625e+13  2.96724e+13  9.38738e+12 -9.83025e+12  1.02115e+13 -1.47999e+13  2.90834e+13  1.65859e+13 -1.41162e+13  1.64461e+13  1.81943e+13  2.53312e+13 -1.43268e+13  1.55314e+13 -1.67483e+13  9.55893e+12 -4.95745e+12 -7.18922e+12   6.1912e+11  7.31437e+12   4.9644e+12   1.1418e+13 -1.06095e+12 -1.68848e+13 -6.41706e+12  2.02628e+13 -1.24504e+13 -2.58194e+12  2.71163e+13  -1.1692e+13 -5.76373e+12  2.24152e+13  1.07985e+13 -3.02377e+12 -2.68986e+13 -1.80721e+13 -5.02615e+11 -1.38127e+12  2.92857e+13  1.73136e+13 -2.42774e+13 -8.07876e+12  3.02507e+13  8.65124e+12 -1.00634e+13  2.78715e+13  3.26881e+11 -1.18206e+13 -6.00965e+12 -1.81223e+13  -2.5539e+13 -1.39341e+13  2.94945e+12   3.9768e+13 -2.44029e+13  1.70338e+13  1.33414e+13  2.85335e+12  1.48064e+13  1.20092e+13  4.15904e+12 -2.46939e+13 -2.13446e+13 -2.37949e+13  3.09983e+12 -1.20346e+13 -7.25153e+12 -1.46353e+13 -4.81324e+12  7.26072e+12 -1.12179e+12 -8.93132e+11  3.53498e+12  -1.9709e+13   3.8465e+12  1.60157e+13 -1.56499e+12 -1.30571e+13  -8.2506e+11
 3.57182e+13 -1.16528e+14  8.36762e+13 -8.71999e+12 -4.93839e+12 -7.29329e+12 -8.30982e+13 -3.99303e+13 -2.47035e+13 -2.51707e+12  5.10247e+13 -6.85584e+12 -6.77563e+13  1.67325e+13  4.30175e+14 -2.09931e+13  1.72852e+13  5.70262e+11  1.65374e+12  3.67637e+13  2.22056e+12  5.15694e+12 -2.28407e+13  7.36426e+12 -7.74742e+11  1.74162e+13  5.69928e+12  1.19183e+13 -1.29509e+13  2.89076e+13 -2.42052e+13 -5.07335e+13 -1.63531e+13  3.51166e+13   5.2953e+12  3.45685e+13 -3.53213e+13  6.32999e+12 -2.25538e+13 -2.74637e+13 -2.28408e+13  2.17152e+13  1.03537e+13 -3.72887e+12  3.51205e+13 -3.43854e+13  -2.1906e+13  2.19084e+13 -3.52359e+12  1.34797e+13 -4.17963e+13 -1.43617e+13  -2.0345e+13 -3.35252e+13 -1.58703e+13   1.7948e+13 -8.13525e+12 -7.70725e+12  -2.9303e+13 -1.28333e+13 -2.07319e+13  1.35526e+13  7.91755e+11  -2.0222e+13  4.17203e+12  2.50766e+13 -1.62795e+13  2.94614e+13  5.69438e+12 -8.92545e+12 -7.35761e+11   6.3189e+12 -1.58259e+13 -2.12144e+13  5.77506e+12  6.36581e+12 -1.19732e+13  1.11484e+11  -1.1292e+13  3.72459e+13  1.59551e+12 -3.31783e+13 -1.19636e+13  5.22447e+13 -5.95341e+12  3.64118e+13 -5.36348e+12 -6.65443e+12 -4.73209e+13 -1.31384e+13   3.1884e+13 -8.02255e+11 -2.75674e+13  4.79682e+11  2.80902e+13  1.05353e+13  1.57254e+13  2.24195e+13  3.96333e+12  1.30969e+13  5.33901e+12 -1.26376e+13  1.62892e+13   3.7463e+13  7.12892e+12 -2.64791e+13 -3.84326e+12   1.6533e+13 -3.06961e+13 -2.12899e+13  5.93497e+12 -2.32857e+13  1.25758e+13  2.08376e+13  1.35719e+13 -7.38653e+12 -2.55565e+12 -3.13773e+12  8.91187e+12  1.82592e+12  8.58644e+12  9.39478e+12 -5.48249e+11 -3.42886e+12  4.06784e+13 -9.85318e+12  2.18307e+13 -9.90141e+12  1.48297e+13 -5.08575e+12 -1.09348e+13 -8.47617e+12  1.45157e+13  2.89042e+13 -1.14871e+13  1.46741e+13  1.78067e+13 -2.39958e+12  3.37689e+12 -1.24176e+13  -8.3012e+12   2.5919e+13 -5.06736e+12  3.44272e+12  1.12365e+13  2.53483e+13  2.82615e+13  -1.6625e+13  1.14649e+13 -1.55324e+12 -2.07745e+13 -1.38071e+13 -2.48997e+13 -1.67015e+13   1.6479e+13 -2.01188e+13   1.9586e+12 -1.59804e+13 -1.33649e+13  2.74802e+13  9.96544e+12  1.78558e+12  2.58482e+11   -2.215e+13
-1.52516e+12  1.66365e+13 -1.40491e+13    4.336e+13  3.11227e+13  6.33102e+11   1.2524e+13  1.27654e+13 -3.48216e+12 -1.80842e+13  2.47361e+13  1.33742e+12 -9.81506e+12  -1.5888e+13 -2.09931e+13  3.53908e+14   4.0812e+12 -5.36179e+12  -4.1035e+12  7.95866e+12  1.08268e+13  1.40114e+13  2.18242e+13 -1.33142e+13 -1.44448e+13  2.91983e+12 -1.56309e+13 -1.14515e+13 -3.00286e+12 -1.16397e+13  8.27758e+12  -7.1132e+12 -1.26502e+13  -9.3847e+12 -9.71566e+12 -2.48961e+13  2.02202e+13 -3.54902e+11 -2.29462e+13 -1.82617e+13  8.91129e+12 -2.62674e+13   3.4718e+13 -1.46877e+13  3.10804e+12 -1.69292e+13   4.5309e+13 -8.89268e+12 -1.80199e+12 -4.10529e+13 -2.29932e+12  2.74896e+12  5.66298e+12  7.51645e+12 -1.21863e+13 -5.70546e+12  6.53498e+12  8.78359e+12  -3.6272e+13  -1.5198e+12 -7.17115e+12  5.64562e+12  1.70143e+13   1.3691e+13  9.92832e+12  1.84539e+13  7.54597e+12  4.91291e+10  2.14768e+13  1.02138e+13  2.20995e+13 -2.86691e+13 -7.77585e+12    1.212e+13 -1.28617e+13  4.78132e+12 -1.20652e+13 -2.17016e+13 -2.23798e+12 -3.19503e+12 -2.43954e+13 -1.19198e+13 -1.16479e+12  3.04571e+12 -2.62841e+13  3.09058e+13  -1.4915e+13 -1.45981e+13  8.97475e+12 -1.99032e+13  6.77234e+12   2.8252e+13  -1.0257e+13 -9.94005e+11  1.87389e+13  2.91305e+13  -1.3414e+13  -2.3637e+12 -2.17981e+13  2.09447e+13 -2.62452e+12 -4.87533e+12  1.23337e+13  -9.0063e+12 -1.25521e+13  1.96959e+13  1.97901e+13 -2.29879e+13 -1.79278e+13  -1.0608e+13  8.48432e+12  5.69712e+09  3.06911e+12 -2.32587e+13  7.14607e+12  2.84296e+13  9.51925e+11 -1.63381e+13  3.94064e+12 -1.34477e+12 -4.54765e+12 -1.10653e+13  9.88077e+12 -2.05762e+12  8.18377e+12 -1.07845e+13 -1.22824e+13  8.61057e+11  2.87099e+13 -6.97824e+12 -7.91461e+12 -3.78708e+12   1.4222e+11  6.63425e+12 -3.98485e+12  2.13428e+12   4.2626e+12  2.21375e+13 -2.81638e+12  8.81114e+12  2.57024e+12   -5.641e+11   4.7878e+12 -1.05177e+13 -1.56529e+13 -1.04373e+12 -4.18284e+12  2.03163e+13 -1.45275e+13 -9.27734e+12 -3.67562e+13  2.02229e+13   1.5103e+13  4.71361e+12  6.33508e+12  8.49166e+12  2.08975e+12 -1.15693e+13 -9.65033e+11  7.37733e+12  1.61489e+12 -6.72461e+11  1.34274e+13 -4.63439e+12
-1.32597e+13 -2.37616e+12  9.18984e+11  1.84383e+13   -8.086e+12 -8.52649e+12  1.91799e+13  7.58668e+12  2.98986e+13 -2.93696e+13   2.0112e+13 -9.34191e+12  2.61247e+13  7.11394e+11  1.72852e+13   4.0812e+12  3.44834e+14 -3.25995e+13  2.90057e+13   3.1933e+13  3.10296e+13  5.95024e+12 -3.59495e+12  1.35935e+13  7.03132e+12  2.38639e+13  3.40167e+13  4.54702e+12  2.52874e+13   3.2829e+12  8.87135e+12  9.34162e+12  3.34456e+13 -1.05449e+13  3.16411e+12 -3.33887e+12 -4.48567e+11 -1.77403e+13 -3.53244e+13  2.20913e+13  2.06523e+12  2.36507e+11  1.04941e+13 -2.76385e+13  7.35256e+12  6.35658e+11  1.04536e+13  2.46821e+13 -5.59514e+12 -1.25161e+13  3.35044e+13  -1.3291e+13  5.96733e+12 -1.25784e+12 -2.72243e+13 -1.34797e+13 -4.12431e+13 -6.90933e+10  5.17198e+13  8.97999e+12 -2.48167e+12  9.07809e+12  2.29381e+13 -3.21376e+12  4.95083e+12   5.8678e+12  1.95576e+13  8.31201e+12 -1.55797e+13 -2.41339e+12  3.42083e+12  2.41234e+13 -1.47562e+12  1.30837e+13 -1.99594e+12 -3.31257e+13 -3.44805e+13   1.6434e+13  1.91745e+13 -5.26674e+12  1.58429e+12 -1.69846e+13 -2.78177e+13  1.72072e+13 -1.79671e+12  2.27806e+13  3.57281e+12 -2.23368e+13 -1.53569e+13 -1.50227e+13 -3.36252e+12 -2.96915e+13  8.50083e+12  2.90579e+13  2.02026e+13 -3.54539e+12   1.7285e+13  2.58622e+13   3.6687e+12  1.18275e+13 -2.18338e+13  1.05035e+12  1.40978e+13  1.46364e+13 -1.88852e+13 -2.04826e+13  2.31718e+13 -9.01773e+12 -2.72361e+13  1.12882e+10  8.54394e+12 -2.58272e+13 -7.92088e+11 -4.40359e+12 -1.82111e+13  1.87465e+13  1.71703e+13 -1.41556e+13  -3.2156e+13  1.32026e+13   3.9201e+12 -4.96546e+12   5.3948e+12   8.0207e+12  1.82257e+13 -7.62785e+12  7.50468e+12  6.18653e+12  3.02935e+12   1.0358e+13 -1.07593e+13 -1.84772e+12  9.69999e+12    6.562e+12 -4.81702e+12  -5.9799e+12  1.46698e+13 -3.67383e+11 -1.66645e+13  7.18786e+12 -4.77358e+12  2.08744e+13 -9.38994e+12 -1.24384e+13  2.99231e+13 -1.59586e+13 -1.38971e+13  1.49457e+13  3.26024e+13  1.78513e+12 -2.22339e+12  -2.2375e+13  -3.2351e+12 -2.07523e+12 -5.80071e+12  1.90246e+13  1.88888e+13  2.11769e+13  2.42503e+12 -4.82528e+12  2.05923e+13 -3.51356e+12 -6.18014e+12  6.23086e+12
 1.16153e+12 -1.21701e+13  2.75273e+13 -1.06269e+13 -2.97907e+12 -2.15299e+13 -1.23754e+13  3.98763e+13 -2.96839e+13  6.09383e+13  3.92998e+13  -2.8701e+13 -1.12002e+13 -9.20231e+12  5.70262e+11 -5.36179e+12 -3.25995e+13  3.51229e+14  1.97492e+13  6.41029e+12 -1.88793e+12 -3.08505e+11   2.2002e+12   2.5602e+13  1.99356e+13  -2.0858e+13  9.21942e+12 -2.23328e+12  5.17153e+12 -3.52782e+12  1.17778e+13 -2.14494e+13 -5.55065e+11  5.96325e+12  3.09471e+13  -1.4625e+13  7.53835e+12  2.92184e+13 -3.47287e+13 -3.08323e+12 -2.51663e+12  -5.3302e+12  8.19391e+12  7.06587e+12  8.11331e+12  3.80458e+13  9.27558e+12 -3.09002e+13  5.30432e+12 -1.20807e+13 -2.99716e+13  -1.9005e+13 -3.10677e+13  2.90103e+13  8.20466e+12  1.41423e+13  2.43262e+13  1.60982e+13 -7.15969e+12  -8.5874e+11 -1.01509e+13 -3.73749e+12  6.29926e+12  -2.5838e+13 -2.74042e+13  -7.8018e+12 -3.13236e+13 -2.82969e+13 -8.02544e+12  6.55746e+12  2.16136e+13  1.07205e+12 -5.32005e+12  1.32492e+13  1.11322e+13 -2.63412e+13 -1.57641e+13 -2.68074e+13  -8.1498e+11  4.03521e+13 -3.32989e+12  1.30379e+13  9.05112e+12  1.58121e+13  9.46135e+11  4.73424e+12 -5.62736e+12  6.00995e+12 -1.60137e+13  1.03245e+13 -3.71472e+12   2.0726e+13  2.83859e+13  1.67212e+12 -2.23578e+13 -1.85214e+13 -3.30226e+12 -6.79849e+12  5.29061e+12 -1.98241e+13   5.8696e+12 -1.28912e+13 -2.37409e+12  1.77446e+13  1.99193e+13  4.63897e+12  1.00151e+13 -1.52557e+13  3.39848e+13 -9.97455e+12 -6.76033e+12 -3.72114e+12  8.99161e+12 -1.38906e+12  1.64765e+13 -9.88951e+12  1.12135e+13 -7.90302e+12 -9.80787e+12 -3.61912e+13  1.40387e+13  2.18774e+13  4.24564e+12  8.88259e+12  -1.3678e+12 -1.10678e+13  1.72953e+12  1.37562e+13  1.44839e+13  2.39425e+13 -2.75162e+12 -7.78128e+12  2.11345e+13  1.34046e+13  3.64977e+12  9.42055e+12 -2.73068e+13 -2.10759e+13 -1.53148e+13  9.71296e+12  -2.2495e+13  -1.6774e+13 -3.59847e+12  3.04954e+13 -3.88276e+13 -2.58428e+13  1.01253e+13  2.61455e+13  1.60405e+13  6.36569e+12 -3.20773e+13 -7.93652e+11   1.9486e+13  1.12784e+13   2.0616e+12  8.60413e+12   5.9072e+12  5.61038e+12 -4.45544e+12  3.85482e+13 -2.57868e+13  -8.2249e+12  2.31998e+13 -1.54539e+13
