  5.9888e+11 -8.04607e+11  2.66411e+11 -1.46987e+11  1.10575e+11 -1.53193e+11 -7.06743e+11 -4.18926e+11  1.01353e+11  -7.9569e+10 -1.14401e+11 -1.64527e+11 -4.95076e+11  1.62337e+11  5.58097e+11 -2.38306e+10 -2.07182e+11   1.8149e+10 -1.36024e+10 -2.99399e+10 -1.44795e+10 -5.00598e+10 -9.06816e+10  -5.1157e+10  5.39601e+08 -2.51374e+10 -2.62127e+10 -1.83904e+08  1.60354e+09  1.90346e+11 -1.42849e+11 -1.10346e+11 -1.26416e+11  8.99191e+10  7.48373e+09   6.9947e+10  7.53899e+10 -7.45814e+10 -3.90815e+07 -7.21505e+10  2.32735e+11  2.30022e+10  2.05091e+11  2.58101e+10  2.14877e+11 -1.36746e+11  3.06893e+10  4.44927e+10  1.89672e+11 -1.52138e+10  -2.2355e+11    3.498e+10 -1.36092e+11 -1.80737e+11  -2.2798e+11 -5.71507e+09  1.99134e+11  -1.4233e+09 -2.67698e+10  1.08389e+11 -1.50414e+10  9.18309e+10 -9.58613e+10 -5.41085e+10  6.65422e+10 -1.18032e+11 -9.64209e+10  3.56042e+10  4.81433e+10 -3.02834e+10  1.41086e+11 -1.70893e+11  5.39519e+09 -3.40953e+10  8.11079e+10  1.56003e+11 -1.57709e+11  -3.0426e+11 -7.05314e+10  2.87216e+10 -2.94334e+09  6.86738e+10 -1.27218e+11   1.0654e+11 -2.23094e+10  9.21778e+10  6.27702e+10  7.60335e+10 -7.72391e+10  1.04795e+11  7.76208e+09  2.94661e+10 -5.91704e+10 -3.09522e+10   2.4396e+10  1.00776e+11  1.61659e+11  -1.4278e+10 -1.87852e+10  9.09484e+10  6.05346e+09  2.98044e+10  -1.4635e+10  6.92909e+10 -5.00367e+10  1.19599e+11  4.69712e+10 -6.37972e+10 -2.13904e+11  8.04771e+10  5.75417e+10  3.94987e+10  1.25792e+11  1.93732e+11  1.26356e+11 -7.59741e+09 -2.43314e+09  1.44724e+11  7.54317e+10  -5.7565e+10   1.3283e+11 -2.85182e+10 -1.75796e+11  1.30732e+11  5.91768e+10  -4.6408e+10 -4.34478e+10  9.07457e+10 -2.07057e+11 -4.64341e+10  1.98046e+10 -4.80657e+10 -1.09066e+11  1.54074e+11  7.40703e+10  6.56692e+10 -2.16081e+10  6.26567e+10  1.05104e+11  -7.5679e+10  1.39325e+11   2.3419e+10 -7.96613e+10  3.90317e+10 -2.72523e+10 -3.19747e+10  1.40975e+11 -1.01085e+11   4.6574e+10 -2.18703e+10 -1.18621e+10 -1.51756e+11 -2.45726e+10 -5.89151e+10  1.28503e+11 -9.15724e+10    -1.09e+11 -6.72479e+10  -8.5693e+10  4.93413e+10  9.10026e+10  3.81645e+10 -3.19344e+10 -3.39579e+09
-8.04607e+11     5.65e+12   -9.969e+11  1.06944e+12  7.12503e+11  5.41058e+11    2.079e+12  9.35218e+11  1.99706e+11  2.32218e+11 -1.00241e+12  5.78859e+11  8.31409e+11 -5.50219e+11 -1.82075e+12  2.59945e+11 -3.71274e+10 -1.90158e+11  -1.2862e+11 -4.21205e+11  2.00323e+11  -8.2735e+11   2.4091e+11 -5.18571e+11  7.07004e+10  5.55942e+10  9.28601e+09  2.00809e+10  -3.6957e+11 -1.12624e+11  1.05893e+11  1.91511e+11  1.07482e+11 -3.97798e+11   -5.749e+11  9.98978e+09  2.42379e+10  2.07257e+11 -2.31538e+09  2.35985e+11 -3.69386e+11 -1.20389e+10 -5.52687e+11  6.15708e+11 -3.75693e+11 -1.25332e+11  2.45148e+11  6.88432e+10  8.49858e+09 -3.97104e+10   5.9349e+11  5.80095e+11  1.81594e+11  3.56919e+11  3.15338e+11 -3.89009e+11 -1.05486e+11 -6.01864e+11 -1.07391e+11 -1.74499e+11  3.39855e+11 -5.17963e+11  7.33302e+10   3.1385e+11 -1.95679e+11 -4.47438e+11  -3.5959e+10 -6.27102e+11  4.97983e+10 -5.71173e+11   -2.193e+11  1.52496e+10 -3.43009e+11  9.78813e+10 -2.84106e+11 -6.86956e+10  1.85826e+11   1.4472e+11  1.77622e+11  -2.3356e+11  2.26302e+11 -3.25026e+11  -3.0047e+10 -4.64248e+11  3.15605e+11 -1.70513e+11  7.49583e+10  2.44979e+11 -3.13997e+10  -4.7357e+11  -1.1052e+10 -1.56881e+11  3.18572e+11 -6.27061e+11   -8.166e+10  1.29147e+11 -4.85782e+11 -3.62501e+11  3.40993e+11 -1.43259e+11  2.33102e+10  1.12513e+11  -1.2347e+11 -3.30967e+11  1.72582e+11   1.4021e+11  1.76858e+11 -2.93506e+10  5.93091e+11 -3.94637e+11  1.97719e+11  1.49331e+11 -1.83881e+11 -2.13712e+11 -3.55217e+11 -2.75774e+11  1.79862e+11  -2.8892e+11 -3.68808e+10  -9.6495e+10 -2.36469e+11  4.35818e+11 -3.56147e+10 -2.17401e+11  7.64927e+10  9.47421e+10 -8.41676e+09 -1.80733e+11  3.66552e+10  4.25063e+10  2.25897e+11  4.32379e+10 -2.69262e+11 -2.08952e+11 -1.58371e+11 -4.89857e+11 -2.43962e+11  1.32264e+11  3.22992e+11  3.45561e+11  5.20584e+10  6.02301e+11  -4.2817e+10 -4.94587e+09  2.63781e+11  1.69205e+10 -4.86882e+10  -6.3965e+09 -4.12387e+11 -3.20104e+10  1.40155e+11  3.31623e+11  2.13687e+11  -5.1019e+10 -2.23399e+11  1.16048e+11  -1.9109e+11 -2.39732e+11  1.91472e+11 -2.98877e+11  3.93764e+10 -1.60731e+10  7.04964e+10  1.88895e+11
 2.66411e+11   -9.969e+11  4.26532e+12 -5.75849e+10  2.09596e+11 -4.68642e+11 -7.26987e+11 -3.54598e+11  4.50495e+11  3.13532e+11  5.72994e+11 -2.91249e+11 -8.70066e+11 -3.93448e+11  1.30744e+12 -2.19517e+11  1.43591e+10  4.30114e+11  -1.8796e+11 -1.44652e+11  2.38017e+11 -6.70813e+10 -2.77978e+10  -6.5695e+10  1.74633e+11  2.06398e+11  6.55525e+10 -1.15385e+11 -9.84228e+10  5.16234e+11  4.91312e+10  9.02485e+10 -1.50838e+11  3.79314e+11  -1.2099e+11 -1.17049e+11  1.52514e+11  2.34174e+11 -3.71119e+11  1.48669e+11 -9.24678e+10  2.01275e+11  7.54122e+10 -9.86457e+10  3.99137e+11  2.83276e+11 -1.58387e+11 -6.65495e+10 -9.10114e+10 -1.18332e+11 -1.89847e+11 -1.64003e+11 -1.66192e+11 -1.72452e+11 -5.89693e+11  2.35551e+11  -7.5779e+10 -1.81456e+11  2.08889e+11 -2.37259e+11 -1.28144e+11 -1.46131e+11  8.68552e+10 -5.22763e+11  1.02779e+11 -7.49876e+10  5.36083e+09 -1.13531e+11     2.94e+11 -2.15963e+11  3.46553e+11 -1.22105e+11  1.98149e+11 -3.59864e+11 -2.23581e+10 -1.29592e+11 -5.99581e+11  -7.6061e+10 -1.52453e+11  1.37612e+10 -3.13609e+10  3.48781e+10  3.28994e+09 -4.64385e+10  1.39724e+11  1.94519e+11 -2.51794e+10  2.40584e+11 -7.41731e+11  1.17626e+11  2.40882e+11 -4.22279e+10  -6.1487e+10  3.06612e+11  1.81807e+11  -1.5173e+11 -1.23999e+10  3.89523e+11  3.14617e+11 -1.36822e+11 -3.65406e+11 -8.61576e+10  8.86749e+10  2.57829e+11  1.43571e+11  3.01716e+11 -1.12707e+11 -2.44352e+11  -1.3662e+10 -1.56826e+11 -1.65798e+11 -1.02776e+11   3.9094e+11 -1.77735e+11 -9.66572e+08 -3.31136e+10  2.49309e+11 -1.13626e+11 -2.48142e+10 -3.50666e+11  3.33569e+10 -7.02712e+10  2.28722e+11  3.01245e+11 -3.76385e+09  4.08546e+11 -3.77913e+11    1.764e+11  -2.0224e+11  3.62058e+10 -4.77286e+11 -2.58202e+11  2.63246e+10  1.95061e+09  2.99631e+11  4.13496e+10  1.35909e+11  3.45623e+11  -1.8405e+11 -2.89563e+11 -3.36836e+11  3.38784e+10  2.35477e+11 -2.42431e+11  1.66548e+10 -2.19626e+11  1.68032e+11  4.79487e+10  4.08784e+11  1.94917e+10 -3.97872e+10 -1.04807e+10 -2.58726e+11  1.31209e+11  3.25624e+11 -4.37008e+11  4.35884e+10 -1.02567e+11 -1.33194e+11  1.11053e+11  1.70153e+11 -2.50174e+10  9.55668e+10 -2.02097e+11
-1.46987e+11  1.06944e+12 -5.75849e+10  5.42732e+12  7.81011e+11  4.32747e+11  4.29569e+10 -3.54202e+11  -6.7432e+11  6.52453e+11 -8.72831e+09 -1.86177e+10  5.56473e+09 -2.07707e+10  -1.3625e+11    6.775e+11  2.88099e+11 -1.66045e+11  2.19467e+11  -2.3612e+10 -2.26242e+11   -9.573e+10  1.46705e+11   1.1969e+11 -2.99646e+11  1.83286e+11 -2.76532e+11   -6.263e+11 -8.71738e+10 -3.60686e+11  1.31027e+09 -2.11206e+11 -5.42225e+11  3.86431e+10 -1.19231e+11  -3.5327e+11 -4.53566e+10  3.93965e+11 -3.50229e+11  3.87662e+11  -2.0666e+11  2.57844e+11  9.83048e+10 -2.48821e+11 -1.28658e+11 -3.54287e+11  1.25364e+11  8.57999e+10  1.04416e+11 -1.48226e+11   1.1035e+11  4.81238e+11 -1.71703e+11 -8.80689e+10 -1.40051e+11  2.74127e+11  3.73081e+10 -2.02581e+11 -2.91317e+11  -2.5255e+11  3.40798e+10 -8.40782e+10 -1.69389e+10 -9.53621e+10 -5.25816e+11 -5.49776e+10  7.20969e+11 -5.05239e+11 -1.26016e+11 -1.74392e+11 -7.47858e+10  2.39894e+11 -3.07146e+11  1.69637e+11 -3.23747e+11 -4.95274e+11 -7.99961e+10  3.85491e+11 -3.77033e+11 -6.51711e+10 -2.88749e+10 -2.15971e+11  4.09086e+10  1.18037e+11  3.81724e+10  2.10884e+11  2.91146e+11 -3.52218e+11  2.04481e+10 -6.60507e+11  2.18829e+11  1.44477e+11  1.90733e+11 -3.05861e+10  4.92516e+11  3.07924e+11  7.32696e+09  3.78964e+11  1.02271e+11 -1.76306e+11  3.34045e+11  4.40517e+11  1.37266e+11 -9.20315e+10 -2.10923e+11   6.3179e+11  2.82503e+11 -3.55315e+11  5.93653e+11 -3.81779e+11  1.60697e+11 -7.96843e+10 -2.68167e+11  7.95014e+09 -9.19245e+10  5.72287e+11  3.57211e+11 -1.75583e+11  1.05345e+11  -8.7402e+10 -7.63713e+10   1.4958e+11  5.22112e+11 -1.04256e+11  1.67915e+11 -6.25698e+11  6.81034e+10 -2.40942e+11  1.19597e+11 -3.31023e+11  2.26853e+11 -1.37151e+11 -3.17325e+11 -1.74562e+11 -9.78276e+10 -3.37465e+11 -6.29777e+09 -1.36532e+11  2.11799e+11  7.69167e+10 -1.41714e+11  1.52749e+11  1.25256e+10   8.1643e+08  2.05974e+11 -4.23151e+11 -3.30203e+11 -8.54338e+09 -2.43827e+11 -6.17103e+10 -1.50634e+11  1.50611e+11 -4.04435e+10  4.27444e+10  1.24676e+11 -6.68631e+10  5.44821e+09  -7.3104e+10   1.5917e+11 -1.97992e+11 -1.48986e+11 -4.34831e+11  6.70189e+10 -2.87641e+11
 1.10575e+11  7.12503e+11  2.09596e+11  7.81011e+11  4.18003e+12 -6.45147e+11 -2.36645e+11 -2.56101e+11  4.38966e+11  3.58418e+11 -4.48447e+11 -3.26439e+10  4.92774e+10  2.53556e+11 -7.71623e+10  4.86292e+11 -1.26344e+11  -4.6548e+10 -6.44476e+10  2.07486e+11 -1.72247e+11 -2.69715e+11  2.63161e+11  -5.3147e+11  1.48306e+10  3.93918e+10  -5.6741e+11 -2.25454e+11 -2.57322e+11 -1.01594e+11 -2.63984e+11 -5.70615e+10 -2.11605e+11 -1.10304e+11 -3.70183e+11  1.82292e+11  8.62148e+10  1.80061e+11 -5.91761e+10  2.57402e+11 -1.22374e+11  3.80283e+11  1.39972e+11  1.11911e+11 -1.80016e+11 -5.35338e+11  3.12193e+11 -1.98222e+11  2.83652e+11  9.06524e+10  1.60625e+11  4.27184e+11  1.12512e+11 -7.20752e+10 -2.91244e+11 -7.14995e+10  1.41902e+11 -2.53061e+11 -3.78575e+11   -1.989e+11 -6.22029e+10 -5.29293e+11 -3.31195e+11  1.19974e+11 -2.33186e+11 -1.58363e+11  -1.4823e+11 -4.74546e+11  2.92414e+11 -3.42731e+11   1.0145e+11  2.49257e+11  2.15636e+10  9.13749e+10 -3.14684e+11  1.18156e+11 -1.96187e+11 -2.00801e+10  -3.4877e+11  -1.0197e+11  3.05831e+11  1.03838e+11    6.228e+10 -3.74835e+11  4.98485e+11 -7.73701e+10  2.14196e+11   2.4606e+11 -2.68827e+11 -8.43374e+10  2.53081e+10   1.1375e+11  2.60051e+11 -2.01344e+11  2.04565e+11 -9.70789e+10  -9.2031e+10 -7.92966e+10 -6.02787e+10  3.00745e+10  1.71986e+11  3.18069e+11 -3.43966e+11  -1.0367e+11 -1.01631e+11  3.04234e+11  3.05562e+11 -2.16228e+11  1.69241e+11   1.5279e+11  2.85531e+11  1.16814e+11  -3.1482e+11  2.29806e+11  1.11549e+11 -4.88592e+10  4.06778e+11 -1.28055e+11 -1.38073e+11 -2.09098e+11 -1.89856e+11  3.65041e+11   1.1106e+11  1.15844e+10  8.93978e+10 -2.04108e+11   1.3878e+11  1.21565e+11 -1.14112e+11 -2.10709e+10  4.44054e+11 -1.62519e+11 -2.37447e+11 -2.65476e+11  2.16396e+11 -3.20542e+11  1.38208e+11  -9.4975e+10  2.76651e+11  9.53128e+10  1.13362e+11  1.37526e+11 -4.28691e+11  2.91091e+11 -4.07485e+10 -2.10873e+11  7.75649e+10 -3.49402e+11  -2.9713e+10 -1.29427e+11 -2.04042e+11  2.77883e+10  2.57897e+11  9.88291e+10  2.64488e+11 -7.94126e+10  8.95231e+09 -2.44682e+11 -1.31576e+11 -2.26955e+11   1.2745e+11  1.10206e+11  2.58624e+11 -1.04228e+11
-1.53193e+11  5.41058e+11 -4.68642e+11  4.32747e+11 -6.45147e+11  4.70163e+12 -4.24762e+11   5.3003e+11 -6.66328e+10 -4.14501e+11 -6.34884e+11  1.47942e+11  1.29659e+11 -4.62242e+10 -1.13958e+11  9.89222e+09 -1.33226e+11 -3.36404e+11 -9.98779e+10  6.30103e+11 -5.12611e+10 -6.02027e+11 -4.65976e+11  2.42675e+11  7.09771e+10  4.19961e+11 -2.06373e+10  1.55351e+11  2.35884e+11 -2.76872e+11  1.62759e+11 -1.57269e+10  1.04612e+11  1.21555e+10 -5.33762e+11 -8.42706e+09 -2.01617e+11  1.84241e+11 -3.54867e+11 -8.18824e+10  3.24923e+11  3.62499e+11  4.89493e+10  1.25016e+11  3.01235e+11  2.84076e+11  2.46818e+10  2.78086e+10  1.13095e+11 -1.95836e+11  1.69717e+11  4.13075e+10  3.48473e+10 -3.24205e+11 -3.09227e+11 -2.21631e+11  3.32254e+11  3.72347e+11  3.71571e+10  4.28494e+11  1.95346e+11 -1.58938e+11  1.64741e+11  7.01478e+10  2.41595e+10 -8.62895e+10 -6.34976e+10 -3.13597e+11  1.84764e+11 -9.53415e+10  1.50745e+11  2.51851e+11  2.98856e+11 -1.55651e+11  -2.9813e+11 -8.46702e+07  2.57682e+11 -7.82183e+10 -8.39493e+10  2.00139e+11  3.05907e+10 -3.59744e+11  1.86352e+11  4.43175e+09 -5.26886e+10  1.32478e+11  1.04016e+10 -4.41289e+10  -2.3888e+11 -2.77109e+11  1.28532e+11 -1.82162e+11 -3.13739e+10 -3.06851e+11 -1.77773e+11  5.38505e+10  1.75296e+11  1.98813e+11  -3.7982e+11 -1.34301e+11   4.0118e+11    1.109e+10  4.65833e+10 -3.55188e+11 -2.34714e+11  7.31486e+10 -3.04864e+11  2.82588e+11  7.59776e+10  1.19361e+11 -2.63748e+11  1.47276e+11 -2.08582e+11   4.0143e+10 -1.23973e+11 -3.75327e+10 -2.10186e+11 -5.89165e+10  1.92273e+11   1.1862e+10  6.37667e+10 -2.05738e+11 -1.80095e+11 -4.14747e+11 -9.33796e+10 -5.44475e+11   2.2992e+11 -3.99327e+11   7.1665e+10 -5.64913e+10  1.83722e+11  2.43626e+11   1.1094e+11 -1.37877e+11  2.18413e+11  2.05805e+11  2.30641e+11  9.15232e+10 -1.48209e+11  1.38053e+11  3.45812e+11  2.29499e+11 -2.66976e+11 -1.94378e+11 -1.28451e+11  9.67446e+10  2.34619e+11  6.20825e+10 -1.69561e+11 -3.51695e+10 -4.83736e+10  2.79871e+11 -3.10613e+11  7.29513e+10 -3.14271e+11 -2.62492e+11 -4.27159e+11 -6.80763e+10 -1.48571e+10 -8.99134e+10 -1.19486e+11 -3.69978e+10 -1.88725e+10 -2.03194e+11
-7.06743e+11    2.079e+12 -7.26987e+11  4.29569e+10 -2.36645e+11 -4.24762e+11  6.09676e+12  8.67807e+11  3.83004e+09 -1.25778e+11  3.11503e+11  -2.7742e+11  1.35375e+12 -6.39323e+11 -1.29841e+12  1.95688e+11  2.99685e+11 -1.93365e+11  1.09087e+11 -3.79853e+11  -2.5104e+11   3.0358e+11 -4.39643e+11  -6.3057e+11  3.05404e+11 -2.59565e+11  3.26866e+11  8.04396e+11 -1.76448e+09  -4.3648e+10 -1.95619e+11 -1.52127e+10  3.91685e+11   2.9237e+10 -5.68944e+11 -3.90629e+11  2.11296e+11  6.44409e+11  3.89397e+10 -2.16114e+11  1.10675e+11 -8.01035e+10  -7.0739e+10  1.07544e+11 -2.37003e+11 -3.85861e+11  -2.2797e+10 -1.94055e+11  3.57616e+11 -2.50327e+11  4.34845e+11 -2.68264e+11 -1.51392e+10  3.49491e+11  4.15284e+11  -7.6583e+10 -6.63609e+11 -2.26961e+11 -1.88545e+11 -2.91693e+11   2.3704e+08 -1.86291e+11  2.13178e+10  1.13217e+10    1.045e+11 -2.77065e+11  2.12228e+11 -9.89338e+10 -8.43157e+10 -6.92997e+10  -1.1144e+11 -4.83045e+11  2.87137e+11  3.58022e+11 -1.92064e+11 -2.45704e+11  4.89304e+10  3.50601e+11  7.39882e+09 -3.22606e+11  1.16715e+11  3.96839e+11  4.73867e+11 -5.27613e+11    1.748e+11  1.37419e+11 -3.73967e+10  2.93165e+11 -2.36207e+11 -1.48356e+11 -4.28233e+11 -4.43538e+10  1.25927e+11 -1.32095e+11 -8.36988e+10  8.50068e+10  -4.3429e+11 -2.03754e+11  4.55384e+11  4.25467e+11 -1.81471e+11   4.4115e+11  2.06456e+11 -2.69665e+11  2.12861e+07 -5.21169e+11  7.98132e+08     2.33e+11  4.64134e+11 -5.93707e+10  4.43126e+11 -2.25657e+11 -1.63712e+11  -2.3811e+11 -9.60057e+10 -9.22052e+10 -5.95046e+10  -1.3391e+11 -6.57917e+10  8.69631e+10 -1.11338e+11  3.98507e+10  9.02992e+10  9.03971e+10 -1.70542e+11  3.75298e+11 -4.45328e+11  1.76614e+10 -1.72527e+11  7.24796e+10  4.12111e+11  9.63938e+10 -3.55323e+11 -2.74044e+11 -4.90611e+11 -2.00825e+11 -5.86395e+11 -4.10872e+10  1.19469e+11 -7.34544e+10 -8.64836e+10  1.95059e+11  3.65099e+11  1.66538e+11  4.24264e+11  1.30285e+11  4.12437e+10  1.56763e+10 -3.84905e+11  4.78792e+11  3.03323e+11  -1.0577e+11  1.10537e+11  5.80355e+10 -9.00487e+10  2.64747e+10 -2.91642e+09  3.70787e+11  2.08909e+10  5.29036e+10 -6.36751e+10  5.75016e+10  1.43136e+11 -1.34589e+10
-4.18926e+11  9.35218e+11 -3.54598e+11 -3.54202e+11 -2.56101e+11   5.3003e+11  8.67807e+11  5.92308e+12 -8.47831e+11  1.04444e+11  3.15618e+11  -4.9839e+11  6.42642e+11 -3.19623e+11 -6.23911e+11   1.9946e+11  1.18542e+11  6.23068e+11  1.75142e+10  4.01918e+11  7.12571e+10  6.16448e+11 -9.45609e+11  3.60446e+11  1.56161e+11  1.70785e+10  2.10667e+11  4.73917e+11  3.05508e+11 -7.89933e+11   3.6183e+11  5.97368e+11  3.85262e+11 -3.23369e+11  5.74567e+10 -3.52055e+11 -5.17893e+11  5.02297e+11 -1.89897e+11 -1.47748e+10 -2.74696e+11  5.16443e+09  9.43176e+10  1.06297e+11  4.68722e+11  4.21643e+11 -2.27134e+10  2.17291e+11 -1.96219e+11  1.35568e+11  2.23876e+11 -1.91291e+11   -1.416e+11  5.25962e+08  3.49489e+11  1.06994e+10  1.32041e+11 -6.29174e+10  2.72672e+11   1.0401e+11 -1.22231e+11   3.5065e+11  1.37422e+11  6.05233e+10 -1.36777e+11  3.64094e+11  2.03902e+10 -1.47807e+11  3.61041e+11   3.9365e+11  1.64947e+11 -3.96734e+11 -2.19663e+11   1.9258e+11  -1.3393e+11  -4.2698e+11 -1.59119e+11  2.22355e+11 -2.69895e+11 -6.11126e+10 -1.43414e+11  3.02646e+11  3.41203e+11  1.35455e+11 -1.43894e+11  5.17316e+11  5.67429e+10  5.98664e+10 -1.43914e+11  4.16953e+10 -3.29115e+11 -1.73453e+11 -4.69445e+10 -7.94375e+10 -4.83587e+11 -4.06058e+11   7.3653e+10 -6.37174e+10 -4.20416e+10  1.30585e+11  1.64698e+11   4.4488e+11  4.38425e+11  3.93428e+10  4.45349e+11  -4.0975e+11  -4.3779e+11 -2.74763e+11 -5.59864e+11 -1.18199e+11  1.33623e+10  -1.7729e+11  2.49103e+11 -3.77488e+11  -3.6863e+11 -9.26605e+10   3.8881e+11  7.60045e+10 -2.13298e+10  1.12175e+11  5.58345e+10  3.65682e+11 -3.85851e+11  -1.1778e+11 -2.60649e+11   1.0569e+11    4.581e+11  2.52669e+11  2.15233e+11  4.13379e+11 -3.31073e+11  1.21434e+11  4.59742e+11 -3.61359e+10 -2.09522e+11 -6.66861e+10  2.46636e+11 -1.60805e+11 -3.79779e+11  3.61637e+11 -6.49362e+11 -1.92515e+11 -1.24591e+10  1.87583e+10 -2.25426e+11 -4.89289e+10   4.3262e+10  2.94143e+11  1.11644e+11 -9.29518e+10  -1.3529e+11 -1.47286e+10 -7.05587e+10 -2.47412e+10  -1.1353e+11  2.78729e+11  4.59949e+11  4.60289e+11  2.74295e+11  8.50173e+10 -2.92731e+11  5.81871e+10   1.0185e+11  -1.1528e+11
 1.01353e+11  1.99706e+11  4.50495e+11  -6.7432e+11  4.38966e+11 -6.66328e+10  3.83004e+09 -8.47831e+11  5.05221e+12  1.61005e+11 -6.45474e+10 -5.28108e+11  2.30464e+11   1.0518e+10 -3.85992e+11 -5.44088e+10  4.67166e+11 -4.63811e+11 -8.24205e+10 -9.51513e+09  4.43568e+11 -5.11634e+11 -1.73403e+11 -3.15113e+11 -7.47101e+10 -7.67446e+10 -9.51987e+10 -1.31925e+10 -4.18128e+11  2.98554e+11 -1.15536e+11  1.53287e+11 -7.33294e+10 -3.52618e+11  5.49074e+09  4.42905e+11  1.42837e+11 -2.62551e+11 -1.03211e+11 -1.13633e+11  1.31313e+11 -2.04644e+11 -3.42809e+11 -1.01934e+11 -1.13977e+11 -5.72209e+11  3.43664e+11 -8.39662e+10  8.12931e+09 -4.17305e+09 -1.92538e+11  2.61246e+10 -3.47403e+11  7.53218e+10 -1.55343e+11 -5.51878e+11 -3.44591e+11 -8.06736e+10 -1.45358e+11 -8.10732e+08 -1.68211e+11  -2.0907e+11  2.48919e+11  1.19221e+11  1.97671e+11 -6.27307e+11  1.33321e+11   1.0883e+11  5.02666e+11 -8.11346e+10 -6.54471e+10 -3.34928e+11 -1.47196e+11  7.97769e+10  3.80942e+11  3.17965e+11  -4.7128e+10  1.84767e+10  5.41175e+10  1.27494e+11 -1.61046e+11  2.20247e+11 -4.17582e+11 -5.33054e+11 -1.66186e+11 -6.54518e+10   1.4059e+11 -1.12752e+11  3.14127e+11 -9.44236e+10  1.93314e+11 -6.21429e+10  3.83005e+11  3.98435e+10  1.20912e+11  5.90073e+10 -1.12851e+11  1.77454e+11  -5.9984e+11  2.44478e+11 -1.01027e+11 -1.50579e+11   -3.375e+11  1.78876e+11 -9.88816e+10 -1.26259e+11  1.53563e+11  3.15035e+11 -1.27734e+10  1.12387e+10  2.96104e+11 -2.07855e+11  2.35834e+10  4.97513e+10 -1.84336e+11 -1.88867e+11 -7.41052e+10 -1.77681e+11 -1.30374e+10 -3.54378e+11  3.09217e+10  2.38365e+11  3.63066e+11 -1.84252e+11   2.7844e+11  1.23666e+11  6.05108e+10  -3.3584e+10   6.1598e+10 -1.68695e+11 -2.39667e+10  -4.6901e+11 -5.52078e+11  2.44827e+10 -1.26313e+11 -2.88411e+11 -4.54634e+09 -3.79171e+11  3.40332e+11  1.30778e+11  3.44432e+11  2.02061e+11 -4.61639e+10 -1.69352e+11 -4.67256e+11  3.54026e+11 -1.94579e+11 -3.04372e+11  3.79909e+11  2.59655e+11   2.3459e+11  1.14728e+10  1.62122e+11  7.86769e+10  1.17993e+11 -2.00309e+11 -1.04593e+11 -2.37724e+11 -1.69269e+11 -2.69848e+11  2.54799e+11  1.87468e+11  3.68598e+11  5.47986e+11
 -7.9569e+10  2.32218e+11  3.13532e+11  6.52453e+11  3.58418e+11 -4.14501e+11 -1.25778e+11  1.04444e+11  1.61005e+11  5.21389e+12   7.7746e+10 -3.45765e+11 -3.01495e+11   1.7523e+11 -3.93292e+10 -2.82566e+11 -4.58901e+11   9.5216e+11 -3.47853e+11 -8.01942e+10 -2.03434e+11    4.451e+11  2.13066e+11 -6.33652e+09   2.5429e+11 -2.01372e+09 -3.23458e+11 -3.03035e+11 -8.34179e+11 -2.82022e+11  1.84818e+11 -1.15072e+11 -3.31368e+11 -1.11251e+11  2.08806e+11  4.83976e+11 -2.31597e+11  1.43994e+11 -3.86258e+11  2.85848e+09 -3.48216e+11  7.46262e+10  3.17635e+11 -3.73682e+11  1.02147e+11  2.93191e+11 -9.01278e+10  2.40607e+11 -2.33629e+11   4.8958e+11 -1.28907e+11 -7.63347e+10  4.18461e+10  4.37024e+11 -1.80122e+11   2.3325e+10  1.74303e+11 -3.86862e+11  1.34849e+10 -3.75278e+11 -1.17457e+11 -1.66803e+11  1.56554e+11 -3.64226e+11 -2.33901e+11  5.25336e+10  3.17061e+09 -4.36474e+10  4.28808e+11 -1.31825e+11   2.0572e+11 -1.73433e+11  2.06639e+11 -1.13069e+11  3.89859e+11 -9.39038e+10 -3.58803e+11 -1.07634e+11 -3.33307e+11  2.58564e+11 -1.09102e+11  2.01415e+11 -1.72039e+11  1.35308e+11  3.01878e+11  2.04299e+11 -7.84602e+10  2.02383e+11  -1.0099e+11  -1.6221e+10 -4.20649e+10  1.64565e+11 -1.26468e+11  8.21677e+11  9.78889e+10 -4.71893e+11  -1.9947e+11 -1.31973e+11   2.4862e+11  -4.3778e+11   3.2868e+10  1.41746e+11  6.56385e+10  3.65907e+11  1.63384e+11 -2.25194e+11  1.09051e+10 -1.45142e+11  2.91056e+10 -1.40208e+11  2.50467e+11  -2.0959e+11  2.55003e+11  6.71143e+10   2.3485e+11 -2.30753e+11  6.97736e+10  1.08102e+11  1.69084e+11 -2.20189e+11 -3.88657e+11  3.28182e+11 -2.06806e+11 -1.23699e+11  1.88236e+11   7.5907e+10  -2.0689e+11  1.22636e+11  1.87286e+11 -1.43056e+11  -3.1167e+11 -2.20698e+11 -1.46728e+11 -2.12582e+10 -2.65777e+11  2.09933e+11 -4.97038e+10  2.76717e+10  4.98136e+10  1.47268e+11 -4.53136e+11  3.36369e+11 -6.15254e+11  4.44484e+11 -5.42943e+11  1.14075e+11  2.11459e+11 -7.64244e+09 -2.01516e+11  1.36528e+11    4.034e+11  3.22531e+11  7.33047e+11 -2.16295e+10   1.0316e+11  2.61125e+10 -1.08156e+10 -2.58771e+11 -1.91335e+11  -1.4854e+09 -3.11112e+11 -6.97836e+10  2.32267e+11  1.27954e+11
-1.14401e+11 -1.00241e+12  5.72994e+11 -8.72831e+09 -4.48447e+11 -6.34884e+11  3.11503e+11  3.15618e+11 -6.45474e+10   7.7746e+10  6.22334e+12 -2.77517e+11 -2.07851e+11 -7.54445e+11  7.97261e+11  3.86502e+11   3.1425e+11  6.14059e+11  4.35364e+11 -7.75778e+11 -3.11263e+11  5.34011e+11 -4.19571e+09 -7.06346e+10  4.06506e+11   1.2453e+11  5.89415e+11 -4.40229e+10  5.65939e+10 -1.27018e+11   5.4256e+11  1.06883e+11   7.2913e+10  5.86344e+10  3.06401e+11 -6.20032e+11 -7.13992e+11  7.58756e+11  -1.3733e+11 -2.33015e+11 -4.95378e+11  1.09636e+11 -1.27205e+11 -9.67216e+10   3.0568e+11 -2.30958e+10 -2.13024e+11   2.1971e+08 -5.38573e+11  4.65863e+10 -5.51986e+11 -3.52862e+11  8.03981e+10 -2.48585e+11  2.49397e+11  1.88523e+11 -1.10079e+11  1.59265e+11 -6.86094e+10  3.60025e+11 -2.57668e+11  3.57162e+10  3.56556e+11  4.94971e+11 -5.45561e+11  3.25877e+11  2.46981e+11  1.78205e+11  3.20674e+11  -2.2432e+11  4.22038e+11  2.13675e+11 -2.28656e+11 -1.16033e+11  7.21251e+10 -6.88393e+11  -1.9231e+11 -1.87542e+11  2.78471e+11  3.46023e+11 -9.86838e+10 -2.36589e+11  2.82567e+11 -4.84736e+10 -2.18383e+10  9.55121e+10  9.85192e+10 -4.28566e+11 -1.41777e+11  3.49105e+08 -3.28308e+11  6.66616e+10 -1.98581e+11  1.60002e+11  2.13569e+11 -2.60428e+11  1.04498e+10  5.76009e+11 -1.52674e+11  2.00626e+11  1.76201e+11 -2.78234e+11   2.1873e+11  3.67426e+11 -2.91927e+11 -2.10457e+11   3.8332e+10 -2.15529e+11 -1.55147e+11 -1.24603e+11  6.00911e+10 -2.41898e+11 -1.23356e+11 -2.82219e+11  4.96163e+10  2.26886e+11 -3.67802e+11 -2.69128e+11 -1.22642e+11 -1.04603e+11 -1.52894e+10 -2.31714e+10 -7.23259e+10 -3.76032e+11 -2.94016e+11  5.49919e+10  3.07212e+11 -2.11973e+11  8.85671e+09 -8.75753e+10 -7.46744e+10  1.28495e+11  9.43172e+10  4.28771e+11 -3.40933e+11  5.26988e+11 -5.62364e+10 -4.59938e+11 -7.06991e+11 -8.75103e+10  -4.9806e+11 -3.22806e+11  1.41434e+10  2.70981e+11 -1.70491e+11  -2.0135e+10  1.39426e+11  3.99464e+11  3.90476e+11 -1.13489e+11  -3.9186e+11  7.91688e+10 -3.05514e+11  3.59994e+11 -3.50343e+11  3.16817e+11  1.28188e+11  4.70781e+10 -2.67742e+11  2.31927e+11  -2.1718e+11 -2.11469e+11 -1.72054e+11 -5.15883e+11
-1.64527e+11  5.78859e+11 -2.91249e+11 -1.86177e+10 -3.26439e+10  1.47942e+11  -2.7742e+11  -4.9839e+11 -5.28108e+11 -3.45765e+11 -2.77517e+11  5.33457e+12 -5.52086e+11  1.18831e+10 -1.07123e+11  2.08971e+10 -1.45967e+11 -4.48453e+11  -2.0177e+11 -1.29896e+11 -9.26047e+10  1.69019e+11 -2.52743e+11 -1.43006e+11 -1.51071e+11  5.36713e+11  7.63981e+10 -4.12464e+11 -7.81844e+10 -2.14048e+11  1.31538e+11 -2.67241e+11  9.88308e+10 -3.08129e+11 -2.86466e+11  6.53287e+10  4.19593e+09 -1.83124e+10  4.86526e+11 -1.33838e+11  4.13924e+11 -5.17751e+11  3.99449e+11  1.69042e+11 -6.49683e+11  5.93224e+11  2.24897e+11 -1.83524e+11 -4.05102e+11  1.22514e+11  1.19343e+11  8.19004e+09  1.69994e+11  1.48574e+11 -4.72951e+10 -1.72495e+11  3.06907e+10  2.90873e+11 -3.62005e+11  9.11746e+10  5.11764e+11  2.00602e+11  2.29915e+11  2.55772e+11   1.2216e+11   3.3458e+11  1.99982e+10  3.74765e+11 -1.41329e+11 -1.66876e+11 -1.25026e+11  1.75957e+11  -3.5386e+11  1.79069e+11  4.72515e+11 -1.08201e+10  5.83398e+11 -1.75575e+11  6.21405e+11 -3.43828e+10 -1.93735e+10  5.56272e+10 -2.87446e+10  1.45027e+11 -3.18311e+11 -7.22579e+10 -1.32744e+11 -1.41668e+11  5.43731e+11 -4.87774e+10   1.3024e+11 -1.63672e+11 -1.99361e+11 -1.12332e+11  1.69249e+11 -8.41825e+10  -4.2405e+11  -2.0471e+11 -1.20208e+11 -2.09901e+11  4.02953e+11 -5.85981e+11 -7.77048e+11 -2.75355e+11  3.14204e+11  2.85324e+11  2.20739e+11 -1.11103e+11  2.15933e+11  -3.4508e+10 -1.01169e+11  7.19915e+10  1.72541e+11  1.03106e+11   1.1823e+11  -5.5121e+10 -2.13896e+11  4.30974e+11   2.0903e+11 -1.40291e+11   3.3107e+10 -3.43338e+11 -1.02451e+11 -1.64885e+11  5.27064e+10  -2.1558e+11 -7.01221e+10  2.24704e+11 -3.60573e+11 -4.48424e+11  2.07673e+11  3.39735e+11  3.10803e+11  1.98591e+11  2.44599e+11 -5.18237e+10 -2.32796e+11  2.23902e+11  3.45305e+11  6.73084e+11 -3.14267e+10  9.13474e+10 -1.00737e+11  8.55246e+10  2.00589e+11  6.64636e+11 -1.08611e+11 -1.16168e+11 -2.56068e+11  -3.7986e+11 -2.82802e+10 -3.93144e+10  2.32304e+11  -4.1666e+11   1.3441e+11   7.2263e+10 -1.04971e+11  4.59622e+10 -2.74109e+11 -6.48992e+10  7.29348e+10 -2.66443e+11 -3.91878e+11 -1.42508e+11
-4.95076e+11  8.31409e+11 -8.70066e+11  5.56473e+09  4.92774e+10  1.29659e+11  1.35375e+12  6.42642e+11  2.30464e+11 -3.01495e+11 -2.07851e+11 -5.52086e+11  6.65507e+12  -1.4301e+11 -1.05869e+12  -1.5336e+11  4.08198e+11 -1.75003e+11  6.48307e+11   2.9566e+11 -5.32501e+10  1.23096e+11 -3.30457e+11  2.38374e+11 -1.30634e+11 -5.24882e+10   9.4214e+11 -2.53007e+11 -1.57448e+11  9.79646e+09  2.11555e+11   6.3425e+11   4.9709e+10 -3.81249e+11  2.02657e+11 -2.80377e+11  2.89878e+11 -3.77732e+11  2.99301e+11 -2.04966e+11  -4.6578e+11  3.73625e+11 -2.14875e+11  6.53644e+11 -3.48043e+11 -2.58798e+11  5.55496e+11 -1.66792e+11 -3.11363e+11 -2.87616e+09  1.57845e+11 -1.91081e+11   1.7552e+11 -1.16246e+11  2.70133e+11 -2.27865e+10 -6.55957e+11 -2.26631e+11  8.05935e+10 -6.27159e+10 -6.53672e+11 -3.84812e+11 -4.35737e+11 -3.19661e+11  2.95957e+10 -4.20304e+11  4.33802e+11 -9.97762e+10 -4.84362e+10   3.1646e+11  -8.9955e+10 -2.69007e+11  2.30854e+10  1.45141e+11 -3.05947e+11  5.47729e+10   5.5394e+11  4.08306e+11 -2.12934e+11  3.28711e+11  2.97359e+11  5.21793e+10  3.74347e+11 -1.56789e+11  8.09888e+10  8.25942e+10  1.90108e+11  7.08863e+10  9.38256e+10 -2.83856e+11 -6.97547e+10 -1.87632e+11 -2.20587e+10 -3.44277e+11   1.4144e+11  2.74889e+11  4.36508e+11 -1.52068e+11 -2.70325e+11  1.68535e+11  2.37252e+11  2.43186e+11 -5.07234e+10  5.25723e+11   -1.118e+11 -1.43286e+11   2.3259e+11  2.52101e+10  1.79267e+11  3.13104e+10   1.0709e+11  1.93711e+11 -8.34363e+10  2.91668e+10 -1.58964e+10 -1.82435e+11  2.63199e+11 -2.43975e+11 -6.12203e+11  4.02487e+11    9.416e+10  1.61787e+11 -2.07428e+09 -5.05987e+10 -4.42579e+11 -1.93496e+11  3.95093e+11  -2.0225e+11  2.02578e+11  5.24746e+11  2.21738e+11  6.09765e+10 -2.35985e+11  6.05743e+10 -6.82409e+11 -9.95758e+10 -2.30002e+10 -1.56289e+11 -2.13375e+11 -1.68758e+11  4.23639e+11 -1.72892e+11  2.13111e+11  3.75482e+11  1.66848e+11 -3.74481e+11 -7.26721e+10 -5.55498e+10  2.84859e+11   4.1886e+11   3.7275e+11 -6.04661e+10  2.72628e+11 -4.32944e+11 -8.83969e+10  -3.2243e+11 -2.41495e+11 -6.50951e+10  2.97234e+11 -2.09614e+11   2.0805e+11 -1.99044e+11  1.19496e+11   1.3741e+11
 1.62337e+11 -5.50219e+11 -3.93448e+11 -2.07707e+10  2.53556e+11 -4.62242e+10 -6.39323e+11 -3.19623e+11   1.0518e+10   1.7523e+11 -7.54445e+11  1.18831e+10  -1.4301e+11  5.30794e+12  2.61446e+11  -2.4825e+11  1.11155e+10 -1.43786e+11 -1.50761e+11  5.23729e+11 -3.47288e+10 -7.26402e+10  5.43688e+10  1.28444e+11  2.53259e+11  1.26911e+11 -6.23877e+11  2.13746e+11   6.8253e+11  2.66528e+11 -3.88432e+11  1.72414e+11 -6.06498e+11 -1.69635e+11 -1.48781e+11  1.47416e+11 -4.95788e+09 -5.99198e+11 -4.11543e+10  4.43782e+11  5.59394e+11 -5.61647e+10  1.56072e+11 -3.94498e+11 -2.23358e+11  1.25367e+11 -4.60223e+11   2.2805e+11  -3.5205e+11  1.08697e+11  -2.0269e+11 -2.55263e+11  1.74643e+11  4.05324e+11 -3.14138e+10  6.10638e+11 -1.48129e+11   1.0922e+11  3.99913e+11 -5.05301e+10 -2.97723e+10  1.64349e+11  6.29949e+10 -3.46151e+11  1.47037e+11 -2.26187e+11  5.82348e+10  8.26629e+10 -4.22778e+11  1.02982e+11 -3.49488e+11  2.71213e+11  1.25381e+11 -1.90323e+11  3.82506e+10  6.73083e+10 -2.10196e+11  9.74003e+10  2.53964e+11 -1.95362e+10  1.88979e+11  3.04085e+10 -2.79084e+11  2.97643e+11  1.18942e+11 -1.72852e+11  4.63632e+11  1.46678e+11 -1.53598e+11  1.59555e+11 -2.31248e+11  4.54428e+11  2.59155e+11 -2.20566e+11  2.56971e+11  2.84286e+11    3.958e+11 -2.23856e+11  2.42679e+11 -2.61692e+11  1.49358e+11 -7.74601e+10 -1.12332e+11  9.67375e+09  1.14287e+11  7.75688e+10  1.78407e+11 -1.65774e+10 -2.63825e+11 -1.00267e+11  3.16606e+11 -1.94538e+11 -4.03429e+10  4.23692e+11 -1.82688e+11 -9.00583e+10  3.50238e+11  1.68727e+11 -4.72464e+10 -4.20291e+11 -2.82376e+11 -7.85337e+09 -2.15823e+10  4.57588e+11  2.70525e+11 -3.79334e+11 -1.26231e+11  4.72668e+11  1.35176e+11 -1.57241e+11  4.35492e+11  5.10751e+09 -1.84697e+11 -9.39008e+10 -2.83161e+11 -3.99047e+11 -2.17721e+11  4.60851e+10  6.21375e+11 -3.81296e+11  2.66154e+11  2.08459e+11  4.45835e+10   2.3135e+11  1.87644e+11   6.4985e+10 -3.85842e+11 -3.33509e+11 -3.71795e+11  4.84349e+10  -1.8804e+11 -1.13305e+11 -2.28677e+11 -7.52069e+10  1.13449e+11  -1.7528e+10 -1.39552e+10   5.5234e+10 -3.07953e+11  6.01015e+10  2.50245e+11 -2.44529e+10 -2.04018e+11 -1.28916e+10
 5.58097e+11 -1.82075e+12  1.30744e+12  -1.3625e+11 -7.71623e+10 -1.13958e+11 -1.29841e+12 -6.23911e+11 -3.85992e+11 -3.93292e+10  7.97261e+11 -1.07123e+11 -1.05869e+12  2.61446e+11  6.72148e+12 -3.28017e+11  2.70081e+11  8.91035e+09  2.58397e+10  5.74433e+11  3.46962e+10  8.05771e+10 -3.56885e+11  1.15067e+11 -1.21053e+10  2.72128e+11  8.90513e+10  1.86224e+11 -2.02358e+11  4.51681e+11 -3.78207e+11  -7.9271e+11 -2.55517e+11  5.48696e+11   8.2739e+10  5.40132e+11 -5.51895e+11   9.8906e+10 -3.52403e+11  -4.2912e+11 -3.56888e+11  3.39299e+11  1.61777e+11 -5.82636e+10  5.48757e+11 -5.37272e+11 -3.42282e+11  3.42319e+11 -5.50561e+10  2.10621e+11 -6.53068e+11 -2.24401e+11 -3.17891e+11 -5.23832e+11 -2.47973e+11  2.80437e+11 -1.27113e+11 -1.20426e+11 -4.57859e+11  -2.0052e+11 -3.23936e+11   2.1176e+11  1.23712e+10 -3.15969e+11   6.5188e+10  3.91822e+11 -2.54367e+11  4.60334e+11  8.89747e+10  -1.3946e+11 -1.14963e+10  9.87328e+10  -2.4728e+11 -3.31474e+11  9.02353e+10  9.94657e+10 -1.87082e+11  1.74193e+09 -1.76438e+11  5.81967e+11  2.49299e+10 -5.18411e+11 -1.86932e+11  8.16323e+11  -9.3022e+10  5.68934e+11 -8.38043e+10 -1.03976e+11 -7.39389e+11 -2.05287e+11  4.98187e+11 -1.25352e+10 -4.30741e+11  7.49503e+09  4.38909e+11  1.64615e+11   2.4571e+11  3.50304e+11  6.19271e+10  2.04639e+11  8.34221e+10 -1.97463e+11  2.54519e+11  5.85359e+11  1.11389e+11 -4.13736e+11 -6.00509e+10  2.58328e+11 -4.79626e+11 -3.32655e+11  9.27339e+10 -3.63839e+11  1.96498e+11  3.25587e+11   2.1206e+11 -1.15415e+11 -3.99321e+10  -4.9027e+10  1.39248e+11    2.853e+10  1.34163e+11  1.46793e+11 -8.56639e+09  -5.3576e+10    6.356e+11 -1.53956e+11  3.41104e+11 -1.54709e+11  2.31714e+11 -7.94648e+10 -1.70856e+11  -1.3244e+11  2.26808e+11  4.51629e+11 -1.79486e+11  2.29284e+11  2.78229e+11 -3.74934e+10   5.2764e+10 -1.94025e+11 -1.29706e+11  4.04984e+11 -7.91774e+10  5.37925e+10   1.7557e+11  3.96067e+11  4.41585e+11 -2.59765e+11  1.79138e+11 -2.42694e+10 -3.24602e+11 -2.15737e+11 -3.89058e+11 -2.60961e+11  2.57484e+11 -3.14357e+11  3.06032e+10 -2.49695e+11 -2.08827e+11  4.29378e+11   1.5571e+11  2.78997e+10  4.03879e+09 -3.46094e+11
-2.38306e+10  2.59945e+11 -2.19517e+11    6.775e+11  4.86292e+11  9.89222e+09  1.95688e+11   1.9946e+11 -5.44088e+10 -2.82566e+11  3.86502e+11  2.08971e+10  -1.5336e+11  -2.4825e+11 -3.28017e+11  5.52981e+12  6.37687e+10 -8.37779e+10 -6.41172e+10  1.24354e+11  1.69169e+11  2.18928e+11  3.41002e+11 -2.08035e+11   -2.257e+11  4.56224e+10 -2.44233e+11  -1.7893e+11 -4.69198e+10  -1.8187e+11  1.29337e+11 -1.11144e+11 -1.97659e+11 -1.46636e+11 -1.51807e+11 -3.89001e+11   3.1594e+11 -5.54534e+09 -3.58535e+11 -2.85338e+11  1.39239e+11 -4.10428e+11  5.42468e+11 -2.29495e+11  4.85631e+10 -2.64518e+11  7.07953e+11 -1.38948e+11 -2.81561e+10 -6.41451e+11 -3.59269e+10  4.29525e+10  8.84841e+10  1.17445e+11 -1.90411e+11 -8.91477e+10  1.02109e+11  1.37244e+11  -5.6675e+11 -2.37469e+10 -1.12049e+11  8.82128e+10  2.65849e+11  2.13923e+11   1.5513e+11  2.88342e+11  1.17906e+11  7.67642e+08  3.35575e+11   1.5959e+11  3.45305e+11 -4.47955e+11 -1.21498e+11  1.89375e+11 -2.00964e+11  7.47081e+10 -1.88518e+11 -3.39087e+11 -3.49685e+10 -4.99223e+10 -3.81178e+11 -1.86247e+11 -1.81998e+10  4.75892e+10 -4.10689e+11  4.82903e+11 -2.33047e+11 -2.28095e+11  1.40231e+11 -3.10987e+11  1.05818e+11  4.41438e+11 -1.60266e+11 -1.55313e+10  2.92796e+11  4.55164e+11 -2.09593e+11 -3.69329e+10 -3.40595e+11   3.2726e+11 -4.10081e+10  -7.6177e+10  1.92714e+11 -1.40723e+11 -1.96127e+11  3.07748e+11   3.0922e+11 -3.59186e+11 -2.80122e+11 -1.65749e+11  1.32567e+11  8.90175e+07  4.79549e+10 -3.63417e+11  1.11657e+11  4.44213e+11  1.48738e+10 -2.55283e+11  6.15724e+10 -2.10121e+10  -7.1057e+10 -1.72896e+11  1.54387e+11 -3.21504e+10  1.27871e+11 -1.68508e+11 -1.91913e+11   1.3454e+10  4.48592e+11 -1.09035e+11 -1.23666e+11 -5.91731e+10  2.22219e+09   1.0366e+11 -6.22633e+10  3.33481e+10  6.66031e+10  3.45898e+11  -4.4006e+10  1.37674e+11    4.016e+10 -8.81406e+09  7.48093e+10  -1.6434e+11 -2.44576e+11 -1.63083e+10 -6.53569e+10  3.17442e+11 -2.26992e+11 -1.44958e+11 -5.74316e+11  3.15982e+11  2.35985e+11  7.36501e+10  9.89857e+10  1.32682e+11  3.26523e+10  -1.8077e+11 -1.50786e+10  1.15271e+11  2.52326e+10 -1.05072e+10  2.09803e+11 -7.24123e+10
-2.07182e+11 -3.71274e+10  1.43591e+10  2.88099e+11 -1.26344e+11 -1.33226e+11  2.99685e+11  1.18542e+11  4.67166e+11 -4.58901e+11   3.1425e+11 -1.45967e+11  4.08198e+11  1.11155e+10  2.70081e+11  6.37687e+10  5.38802e+12 -5.09368e+11  4.53214e+11  4.98954e+11  4.84837e+11  9.29724e+10 -5.61711e+10  2.12398e+11  1.09864e+11  3.72873e+11  5.31511e+11  7.10472e+10  3.95116e+11  5.12952e+10  1.38615e+11  1.45963e+11  5.22588e+11 -1.64764e+11  4.94392e+10 -5.21699e+10 -7.00886e+09 -2.77193e+11 -5.51943e+11  3.45176e+11  3.22692e+10  3.69543e+09   1.6397e+11 -4.31851e+11  1.14884e+11  9.93215e+09  1.63338e+11  3.85658e+11 -8.74241e+10 -1.95564e+11  5.23506e+11 -2.07672e+11  9.32395e+10 -1.96537e+10  -4.2538e+11  -2.1062e+11 -6.44423e+11 -1.07958e+09  8.08122e+11  1.40312e+11 -3.87762e+10  1.41845e+11  3.58408e+11  -5.0215e+10  7.73567e+10  9.16844e+10  3.05588e+11  1.29875e+11 -2.43433e+11 -3.77092e+10  5.34504e+10  3.76928e+11 -2.30566e+10  2.04433e+11 -3.11865e+10 -5.17589e+11 -5.38759e+11  2.56781e+11  2.99601e+11 -8.22929e+10  2.47545e+10 -2.65385e+11 -4.34651e+11  2.68863e+11 -2.80736e+10  3.55947e+11  5.58252e+10 -3.49013e+11 -2.39951e+11  -2.3473e+11 -5.25394e+10 -4.63929e+11  1.32825e+11  4.54029e+11  3.15665e+11 -5.53967e+10  2.70078e+11  4.04097e+11  5.73235e+10  1.84804e+11 -3.41153e+11  1.64117e+10  2.20279e+11  2.28694e+11 -2.95081e+11  -3.2004e+11  3.62059e+11 -1.40902e+11 -4.25565e+11  1.76379e+08  1.33499e+11  -4.0355e+11 -1.23764e+10 -6.88062e+10 -2.84548e+11  2.92914e+11  2.68286e+11 -2.21181e+11 -5.02438e+11  2.06291e+11  6.12516e+10 -7.75853e+10  8.42937e+10  1.25324e+11  2.84777e+11 -1.19185e+11  1.17261e+11  9.66646e+10  4.73335e+10  1.61844e+11 -1.68114e+11 -2.88706e+10  1.51562e+11  1.02531e+11  -7.5266e+10  -9.3436e+10  2.29216e+11 -5.74035e+09 -2.60383e+11   1.1231e+11 -7.45872e+10  3.26163e+11 -1.46718e+11  -1.9435e+11  4.67549e+11 -2.49352e+11 -2.17142e+11  2.33527e+11  5.09413e+11  2.78926e+10 -3.47405e+10  -3.4961e+11 -5.05484e+10 -3.24255e+10 -9.06362e+10   2.9726e+11  2.95137e+11  3.30889e+11  3.78911e+10 -7.53949e+10  3.21755e+11 -5.48993e+10 -9.65646e+10  9.73572e+10
  1.8149e+10 -1.90158e+11  4.30114e+11 -1.66045e+11  -4.6548e+10 -3.36404e+11 -1.93365e+11  6.23068e+11 -4.63811e+11   9.5216e+11  6.14059e+11 -4.48453e+11 -1.75003e+11 -1.43786e+11  8.91035e+09 -8.37779e+10 -5.09368e+11  5.48796e+12  3.08581e+11  1.00161e+11 -2.94989e+10  -4.8204e+09  3.43782e+10   4.0003e+11  3.11494e+11 -3.25906e+11  1.44053e+11  -3.4895e+10  8.08051e+10 -5.51222e+10  1.84028e+11 -3.35147e+11  -8.6729e+09  9.31758e+10  4.83548e+11 -2.28516e+11  1.17787e+11  4.56537e+11 -5.42636e+11 -4.81755e+10 -3.93224e+10 -8.32844e+10   1.2803e+11  1.10404e+11   1.2677e+11  5.94466e+11  1.44931e+11 -4.82816e+11    8.288e+10 -1.88761e+11 -4.68306e+11 -2.96954e+11 -4.85432e+11  4.53286e+11  1.28198e+11  2.20973e+11  3.80097e+11  2.51534e+11  -1.1187e+11 -1.34178e+10 -1.58608e+11 -5.83983e+10  9.84259e+10 -4.03719e+11 -4.28191e+11 -1.21903e+11 -4.89431e+11 -4.42139e+11 -1.25398e+11   1.0246e+11  3.37712e+11  1.67508e+10 -8.31258e+10  2.07018e+11  1.73941e+11 -4.11581e+11 -2.46314e+11 -4.18865e+11 -1.27341e+10  6.30501e+11 -5.20295e+10  2.03718e+11  1.41424e+11  2.47064e+11  1.47834e+10  7.39725e+10 -8.79274e+10  9.39055e+10 -2.50214e+11  1.61321e+11 -5.80424e+10  3.23843e+11   4.4353e+11  2.61268e+10 -3.49341e+11 -2.89397e+11 -5.15977e+10 -1.06226e+11  8.26658e+10 -3.09751e+11  9.17125e+10 -2.01425e+11 -3.70951e+10   2.7726e+11  3.11239e+11  7.24838e+10  1.56486e+11  -2.3837e+11  5.31012e+11 -1.55852e+11  -1.0563e+11 -5.81428e+10  1.40494e+11  -2.1704e+10  2.57446e+11 -1.54524e+11  1.75211e+11 -1.23485e+11 -1.53248e+11 -5.65487e+11  2.19354e+11  3.41834e+11  6.63381e+10   1.3879e+11 -2.13719e+10 -1.72935e+11  2.70239e+10  2.14941e+11  2.26312e+11  3.74101e+11  -4.2994e+10 -1.21583e+11  3.30227e+11  2.09447e+11  5.70276e+10  1.47196e+11 -4.26668e+11 -3.29312e+11 -2.39293e+11  1.51765e+11 -3.51485e+11 -2.62094e+11 -5.62261e+10   4.7649e+11 -6.06682e+11 -4.03794e+11  1.58208e+11  4.08524e+11  2.50632e+11  9.94639e+10 -5.01208e+11 -1.24008e+10  3.04469e+11  1.76225e+11  3.22124e+10   1.3444e+11  9.23001e+10  8.76622e+10 -6.96162e+10  6.02315e+11 -4.02919e+11 -1.28514e+11  3.62498e+11 -2.41467e+11
