  2.9944e+11 -4.02304e+11  1.33205e+11 -7.34934e+10  5.52875e+10 -7.65966e+10 -3.53372e+11 -2.09463e+11  5.06763e+10 -3.97845e+10 -5.72007e+10 -8.22633e+10 -2.47538e+11  8.11684e+10  2.79048e+11 -1.19153e+10 -1.03591e+11  9.07448e+09 -6.80121e+09   -1.497e+10 -7.23977e+09 -2.50299e+10 -4.53408e+10 -2.55785e+10  2.69801e+08 -1.25687e+10 -1.31064e+10 -9.19519e+07   8.0177e+08  9.51728e+10 -7.14243e+10 -5.51729e+10 -6.32082e+10  4.49595e+10  3.74186e+09  3.49735e+10   3.7695e+10 -3.72907e+10 -1.95407e+07 -3.60752e+10  1.16368e+11  1.15011e+10  1.02546e+11  1.29051e+10  1.07439e+11  -6.8373e+10  1.53447e+10  2.22463e+10  9.48361e+10  -7.6069e+09 -1.11775e+11    1.749e+10  -6.8046e+10 -9.03683e+10  -1.1399e+11 -2.85753e+09  9.95669e+10 -7.11648e+08 -1.33849e+10  5.41944e+10 -7.52069e+09  4.59154e+10 -4.79307e+10 -2.70542e+10  3.32711e+10  -5.9016e+10 -4.82105e+10  1.78021e+10  2.40716e+10 -1.51417e+10  7.05431e+10 -8.54466e+10   2.6976e+09 -1.70477e+10  4.05539e+10  7.80014e+10 -7.88545e+10  -1.5213e+11 -3.52657e+10  1.43608e+10 -1.47167e+09  3.43369e+10 -6.36088e+10    5.327e+10 -1.11547e+10  4.60889e+10  3.13851e+10  3.80168e+10 -3.86196e+10  5.23977e+10  3.88104e+09   1.4733e+10 -2.95852e+10 -1.54761e+10   1.2198e+10  5.03881e+10  8.08295e+10 -7.13901e+09  -9.3926e+09  4.54742e+10  3.02673e+09  1.49022e+10 -7.31752e+09  3.46454e+10 -2.50184e+10  5.97995e+10  2.34856e+10 -3.18986e+10 -1.06952e+11  4.02386e+10  2.87708e+10  1.97493e+10   6.2896e+10  9.68659e+10  6.31778e+10 -3.79871e+09 -1.21657e+09  7.23621e+10  3.77159e+10 -2.87825e+10   6.6415e+10 -1.42591e+10 -8.78978e+10  6.53661e+10  2.95884e+10  -2.3204e+10 -2.17239e+10  4.53729e+10 -1.03528e+11  -2.3217e+10  9.90231e+09 -2.40329e+10 -5.45328e+10   7.7037e+10  3.70351e+10  3.28346e+10 -1.08041e+10  3.13284e+10  5.25521e+10 -3.78395e+10  6.96627e+10  1.17095e+10 -3.98307e+10  1.95158e+10 -1.36261e+10 -1.59874e+10  7.04874e+10 -5.05425e+10   2.3287e+10 -1.09351e+10 -5.93106e+09 -7.58779e+10 -1.22863e+10 -2.94575e+10  6.42515e+10 -4.57862e+10 -5.45002e+10 -3.36239e+10 -4.28465e+10  2.46707e+10  4.55013e+10  1.90823e+10 -1.59672e+10 -1.69789e+09
-4.02304e+11    2.825e+12  -4.9845e+11  5.34721e+11  3.56252e+11  2.70529e+11   1.0395e+12  4.67609e+11  9.98528e+10  1.16109e+11 -5.01203e+11   2.8943e+11  4.15704e+11  -2.7511e+11 -9.10376e+11  1.29972e+11 -1.85637e+10 -9.50788e+10 -6.43102e+10 -2.10603e+11  1.00162e+11 -4.13675e+11  1.20455e+11 -2.59285e+11  3.53502e+10  2.77971e+10    4.643e+09  1.00404e+10 -1.84785e+11 -5.63119e+10  5.29465e+10  9.57555e+10  5.37412e+10 -1.98899e+11  -2.8745e+11  4.99489e+09  1.21189e+10  1.03628e+11 -1.15769e+09  1.17993e+11 -1.84693e+11 -6.01945e+09 -2.76343e+11  3.07854e+11 -1.87847e+11 -6.26659e+10  1.22574e+11  3.44216e+10  4.24929e+09 -1.98552e+10  2.96745e+11  2.90047e+11   9.0797e+10   1.7846e+11  1.57669e+11 -1.94504e+11 -5.27429e+10 -3.00932e+11 -5.36955e+10 -8.72493e+10  1.69928e+11 -2.58982e+11  3.66651e+10  1.56925e+11 -9.78395e+10 -2.23719e+11 -1.79795e+10 -3.13551e+11  2.48991e+10 -2.85587e+11  -1.0965e+11  7.62478e+09 -1.71505e+11  4.89406e+10 -1.42053e+11 -3.43478e+10  9.29129e+10  7.23598e+10  8.88109e+10  -1.1678e+11  1.13151e+11 -1.62513e+11 -1.50235e+10 -2.32124e+11  1.57802e+11 -8.52565e+10  3.74791e+10   1.2249e+11 -1.56998e+10 -2.36785e+11 -5.52599e+09 -7.84403e+10  1.59286e+11 -3.13531e+11   -4.083e+10  6.45733e+10 -2.42891e+11  -1.8125e+11  1.70496e+11 -7.16293e+10  1.16551e+10  5.62563e+10 -6.17351e+10 -1.65483e+11  8.62909e+10  7.01048e+10  8.84291e+10 -1.46753e+10  2.96546e+11 -1.97319e+11  9.88596e+10  7.46656e+10 -9.19407e+10 -1.06856e+11 -1.77608e+11 -1.37887e+11  8.99312e+10  -1.4446e+11 -1.84404e+10 -4.82475e+10 -1.18234e+11  2.17909e+11 -1.78074e+10 -1.08701e+11  3.82463e+10  4.73711e+10 -4.20838e+09 -9.03666e+10  1.83276e+10  2.12531e+10  1.12949e+11  2.16189e+10 -1.34631e+11 -1.04476e+11 -7.91857e+10 -2.44928e+11 -1.21981e+11   6.6132e+10  1.61496e+11   1.7278e+11  2.60292e+10  3.01151e+11 -2.14085e+10 -2.47293e+09  1.31891e+11  8.46023e+09 -2.43441e+10 -3.19825e+09 -2.06194e+11 -1.60052e+10  7.00776e+10  1.65811e+11  1.06844e+11 -2.55095e+10   -1.117e+11  5.80241e+10  -9.5545e+10 -1.19866e+11  9.57358e+10 -1.49438e+11  1.96882e+10 -8.03654e+09  3.52482e+10  9.44477e+10
 1.33205e+11  -4.9845e+11  2.13266e+12 -2.87925e+10  1.04798e+11 -2.34321e+11 -3.63494e+11 -1.77299e+11  2.25247e+11  1.56766e+11  2.86497e+11 -1.45625e+11 -4.35033e+11 -1.96724e+11  6.53721e+11 -1.09758e+11  7.17956e+09  2.15057e+11   -9.398e+10 -7.23259e+10  1.19009e+11 -3.35407e+10 -1.38989e+10 -3.28475e+10  8.73164e+10  1.03199e+11  3.27763e+10 -5.76926e+10 -4.92114e+10  2.58117e+11  2.45656e+10  4.51243e+10 -7.54192e+10  1.89657e+11 -6.04951e+10 -5.85243e+10  7.62571e+10  1.17087e+11  -1.8556e+11  7.43343e+10 -4.62339e+10  1.00637e+11  3.77061e+10 -4.93229e+10  1.99569e+11  1.41638e+11 -7.91933e+10 -3.32748e+10 -4.55057e+10  -5.9166e+10 -9.49236e+10 -8.20015e+10 -8.30962e+10 -8.62262e+10 -2.94847e+11  1.17775e+11 -3.78895e+10  -9.0728e+10  1.04444e+11 -1.18629e+11 -6.40721e+10 -7.30653e+10  4.34276e+10 -2.61382e+11  5.13896e+10 -3.74938e+10  2.68042e+09 -5.67656e+10     1.47e+11 -1.07981e+11  1.73276e+11 -6.10524e+10  9.90745e+10 -1.79932e+11  -1.1179e+10 -6.47961e+10 -2.99791e+11 -3.80305e+10 -7.62264e+10   6.8806e+09 -1.56805e+10   1.7439e+10  1.64497e+09 -2.32193e+10  6.98621e+10  9.72596e+10 -1.25897e+10  1.20292e+11 -3.70866e+11  5.88128e+10  1.20441e+11 -2.11139e+10 -3.07435e+10  1.53306e+11  9.09035e+10 -7.58648e+10 -6.19995e+09  1.94762e+11  1.57309e+11 -6.84111e+10 -1.82703e+11 -4.30788e+10  4.43375e+10  1.28915e+11  7.17855e+10  1.50858e+11 -5.63536e+10 -1.22176e+11   -6.831e+09 -7.84128e+10 -8.28991e+10 -5.13879e+10   1.9547e+11 -8.88677e+10 -4.83286e+08 -1.65568e+10  1.24655e+11 -5.68132e+10 -1.24071e+10 -1.75333e+11  1.66784e+10 -3.51356e+10  1.14361e+11  1.50623e+11 -1.88193e+09  2.04273e+11 -1.88957e+11  8.81999e+10  -1.0112e+11  1.81029e+10 -2.38643e+11 -1.29101e+11  1.31623e+10  9.75303e+08  1.49816e+11  2.06748e+10  6.79547e+10  1.72811e+11 -9.20251e+10 -1.44781e+11 -1.68418e+11  1.69392e+10  1.17739e+11 -1.21216e+11  8.32739e+09 -1.09813e+11  8.40162e+10  2.39743e+10  2.04392e+11  9.74584e+09 -1.98936e+10 -5.24035e+09 -1.29363e+11  6.56046e+10  1.62812e+11 -2.18504e+11  2.17942e+10 -5.12834e+10 -6.65972e+10  5.55263e+10  8.50764e+10 -1.25087e+10  4.77834e+10 -1.01049e+11
-7.34934e+10  5.34721e+11 -2.87925e+10  2.71366e+12  3.90505e+11  2.16373e+11  2.14784e+10 -1.77101e+11  -3.3716e+11  3.26226e+11 -4.36416e+09 -9.30885e+09  2.78237e+09 -1.03853e+10  -6.8125e+10   3.3875e+11  1.44049e+11 -8.30226e+10  1.09733e+11  -1.1806e+10 -1.13121e+11  -4.7865e+10  7.33523e+10  5.98448e+10 -1.49823e+11  9.16432e+10 -1.38266e+11  -3.1315e+11 -4.35869e+10 -1.80343e+11  6.55133e+08 -1.05603e+11 -2.71112e+11  1.93215e+10 -5.96155e+10 -1.76635e+11 -2.26783e+10  1.96982e+11 -1.75114e+11  1.93831e+11  -1.0333e+11  1.28922e+11  4.91524e+10  -1.2441e+11 -6.43288e+10 -1.77143e+11   6.2682e+10     4.29e+10  5.22082e+10  -7.4113e+10  5.51748e+10  2.40619e+11 -8.58515e+10 -4.40345e+10 -7.00253e+10  1.37064e+11  1.86541e+10  -1.0129e+11 -1.45659e+11 -1.26275e+11  1.70399e+10 -4.20391e+10 -8.46946e+09 -4.76811e+10 -2.62908e+11 -2.74888e+10  3.60484e+11  -2.5262e+11 -6.30078e+10 -8.71958e+10 -3.73929e+10  1.19947e+11 -1.53573e+11  8.48183e+10 -1.61874e+11 -2.47637e+11  -3.9998e+10  1.92746e+11 -1.88517e+11 -3.25855e+10 -1.44374e+10 -1.07986e+11  2.04543e+10  5.90187e+10  1.90862e+10  1.05442e+11  1.45573e+11 -1.76109e+11   1.0224e+10 -3.30253e+11  1.09414e+11  7.22383e+10  9.53664e+10 -1.52931e+10  2.46258e+11  1.53962e+11  3.66348e+09  1.89482e+11  5.11353e+10 -8.81528e+10  1.67022e+11  2.20258e+11  6.86329e+10 -4.60158e+10 -1.05461e+11  3.15895e+11  1.41251e+11 -1.77658e+11  2.96826e+11 -1.90889e+11  8.03484e+10 -3.98422e+10 -1.34083e+11  3.97507e+09 -4.59623e+10  2.86143e+11  1.78606e+11 -8.77914e+10  5.26727e+10  -4.3701e+10 -3.81856e+10  7.47899e+10  2.61056e+11 -5.21282e+10  8.39574e+10 -3.12849e+11  3.40517e+10 -1.20471e+11  5.97984e+10 -1.65511e+11  1.13426e+11 -6.85755e+10 -1.58662e+11 -8.72811e+10 -4.89138e+10 -1.68732e+11 -3.14889e+09 -6.82658e+10  1.05899e+11  3.84584e+10 -7.08569e+10  7.63745e+10  6.26278e+09  4.08215e+08  1.02987e+11 -2.11576e+11 -1.65101e+11 -4.27169e+09 -1.21914e+11 -3.08551e+10 -7.53169e+10  7.53055e+10 -2.02218e+10  2.13722e+10   6.2338e+10 -3.34316e+10  2.72411e+09  -3.6552e+10  7.95849e+10 -9.89961e+10 -7.44929e+10 -2.17416e+11  3.35094e+10 -1.43821e+11
 5.52875e+10  3.56252e+11  1.04798e+11  3.90505e+11  2.09001e+12 -3.22573e+11 -1.18322e+11 -1.28051e+11  2.19483e+11  1.79209e+11 -2.24224e+11  -1.6322e+10  2.46387e+10  1.26778e+11 -3.85812e+10  2.43146e+11 -6.31719e+10  -2.3274e+10 -3.22238e+10  1.03743e+11 -8.61235e+10 -1.34857e+11   1.3158e+11 -2.65735e+11  7.41531e+09  1.96959e+10 -2.83705e+11 -1.12727e+11 -1.28661e+11 -5.07969e+10 -1.31992e+11 -2.85307e+10 -1.05802e+11 -5.51519e+10 -1.85091e+11  9.11459e+10  4.31074e+10  9.00307e+10 -2.95881e+10  1.28701e+11  -6.1187e+10  1.90142e+11  6.99862e+10  5.59557e+10 -9.00082e+10 -2.67669e+11  1.56096e+11 -9.91112e+10  1.41826e+11  4.53262e+10  8.03124e+10  2.13592e+11   5.6256e+10 -3.60376e+10 -1.45622e+11 -3.57497e+10   7.0951e+10  -1.2653e+11 -1.89288e+11 -9.94501e+10 -3.11015e+10 -2.64646e+11 -1.65597e+11   5.9987e+10 -1.16593e+11 -7.91816e+10 -7.41149e+10 -2.37273e+11  1.46207e+11 -1.71366e+11  5.07248e+10  1.24629e+11  1.07818e+10  4.56874e+10 -1.57342e+11  5.90779e+10 -9.80933e+10   -1.004e+10 -1.74385e+11 -5.09852e+10  1.52915e+11  5.19188e+10    3.114e+10 -1.87418e+11  2.49242e+11 -3.86851e+10  1.07098e+11   1.2303e+11 -1.34413e+11 -4.21687e+10  1.26541e+10   5.6875e+10  1.30025e+11 -1.00672e+11  1.02282e+11 -4.85395e+10 -4.60155e+10 -3.96483e+10 -3.01394e+10  1.50372e+10  8.59928e+10  1.59034e+11 -1.71983e+11 -5.18348e+10 -5.08157e+10  1.52117e+11  1.52781e+11 -1.08114e+11  8.46204e+10   7.6395e+10  1.42766e+11  5.84069e+10  -1.5741e+11  1.14903e+11  5.57743e+10 -2.44296e+10  2.03389e+11 -6.40273e+10 -6.90367e+10 -1.04549e+11 -9.49278e+10  1.82521e+11  5.55301e+10  5.79221e+09  4.46989e+10 -1.02054e+11  6.93899e+10  6.07826e+10 -5.70558e+10 -1.05354e+10  2.22027e+11 -8.12596e+10 -1.18724e+11 -1.32738e+11  1.08198e+11 -1.60271e+11  6.91039e+10 -4.74875e+10  1.38325e+11  4.76564e+10   5.6681e+10  6.87631e+10 -2.14345e+11  1.45546e+11 -2.03742e+10 -1.05437e+11  3.87824e+10 -1.74701e+11 -1.48565e+10 -6.47134e+10 -1.02021e+11  1.38941e+10  1.28949e+11  4.94146e+10  1.32244e+11 -3.97063e+10  4.47615e+09 -1.22341e+11 -6.57882e+10 -1.13477e+11   6.3725e+10  5.51029e+10  1.29312e+11 -5.21138e+10
-7.65966e+10  2.70529e+11 -2.34321e+11  2.16373e+11 -3.22573e+11  2.35081e+12 -2.12381e+11  2.65015e+11 -3.33164e+10  -2.0725e+11 -3.17442e+11  7.39712e+10  6.48294e+10 -2.31121e+10 -5.69789e+10  4.94611e+09 -6.66132e+10 -1.68202e+11  -4.9939e+10  3.15052e+11 -2.56306e+10 -3.01013e+11 -2.32988e+11  1.21338e+11  3.54885e+10  2.09981e+11 -1.03186e+10  7.76754e+10  1.17942e+11 -1.38436e+11  8.13796e+10 -7.86344e+09  5.23059e+10  6.07773e+09 -2.66881e+11 -4.21353e+09 -1.00808e+11  9.21204e+10 -1.77434e+11 -4.09412e+10  1.62462e+11   1.8125e+11  2.44746e+10  6.25081e+10  1.50617e+11  1.42038e+11  1.23409e+10  1.39043e+10  5.65475e+10 -9.79182e+10  8.48583e+10  2.06538e+10  1.74236e+10 -1.62103e+11 -1.54613e+11 -1.10816e+11  1.66127e+11  1.86174e+11  1.85785e+10  2.14247e+11   9.7673e+10 -7.94691e+10  8.23706e+10  3.50739e+10  1.20797e+10 -4.31447e+10 -3.17488e+10 -1.56798e+11   9.2382e+10 -4.76707e+10  7.53725e+10  1.25926e+11  1.49428e+11 -7.78254e+10 -1.49065e+11 -4.23351e+07  1.28841e+11 -3.91091e+10 -4.19747e+10  1.00069e+11  1.52953e+10 -1.79872e+11  9.31761e+10  2.21588e+09 -2.63443e+10  6.62391e+10  5.20079e+09 -2.20645e+10  -1.1944e+11 -1.38555e+11  6.42659e+10  -9.1081e+10 -1.56869e+10 -1.53425e+11 -8.88863e+10  2.69253e+10  8.76479e+10  9.94063e+10  -1.8991e+11 -6.71505e+10   2.0059e+11  5.54498e+09  2.32916e+10 -1.77594e+11 -1.17357e+11  3.65743e+10 -1.52432e+11  1.41294e+11  3.79888e+10  5.96803e+10 -1.31874e+11  7.36379e+10 -1.04291e+11  2.00715e+10 -6.19863e+10 -1.87664e+10 -1.05093e+11 -2.94582e+10  9.61363e+10  5.93102e+09  3.18834e+10 -1.02869e+11 -9.00477e+10 -2.07374e+11 -4.66898e+10 -2.72238e+11   1.1496e+11 -1.99663e+11  3.58325e+10 -2.82457e+10  9.18611e+10  1.21813e+11    5.547e+10 -6.89383e+10  1.09207e+11  1.02902e+11   1.1532e+11  4.57616e+10 -7.41045e+10  6.90267e+10  1.72906e+11  1.14749e+11 -1.33488e+11 -9.71888e+10 -6.42256e+10  4.83723e+10  1.17309e+11  3.10412e+10 -8.47806e+10 -1.75848e+10 -2.41868e+10  1.39935e+11 -1.55306e+11  3.64757e+10 -1.57135e+11 -1.31246e+11  -2.1358e+11 -3.40381e+10 -7.42855e+09 -4.49567e+10 -5.97428e+10 -1.84989e+10 -9.43624e+09 -1.01597e+11
-3.53372e+11   1.0395e+12 -3.63494e+11  2.14784e+10 -1.18322e+11 -2.12381e+11  3.04838e+12  4.33904e+11  1.91502e+09 -6.28892e+10  1.55752e+11  -1.3871e+11  6.76873e+11 -3.19662e+11 -6.49205e+11  9.78438e+10  1.49843e+11 -9.66827e+10  5.45434e+10 -1.89927e+11  -1.2552e+11   1.5179e+11 -2.19822e+11 -3.15285e+11  1.52702e+11 -1.29783e+11  1.63433e+11  4.02198e+11 -8.82241e+08  -2.1824e+10 -9.78096e+10 -7.60633e+09  1.95843e+11  1.46185e+10 -2.84472e+11 -1.95314e+11  1.05648e+11  3.22205e+11  1.94698e+10 -1.08057e+11  5.53374e+10 -4.00517e+10 -3.53695e+10   5.3772e+10 -1.18502e+11  -1.9293e+11 -1.13985e+10 -9.70277e+10  1.78808e+11 -1.25163e+11  2.17423e+11 -1.34132e+11 -7.56961e+09  1.74746e+11  2.07642e+11 -3.82915e+10 -3.31804e+11  -1.1348e+11 -9.42723e+10 -1.45846e+11   1.1852e+08 -9.31453e+10  1.06589e+10  5.66087e+09  5.22501e+10 -1.38533e+11  1.06114e+11 -4.94669e+10 -4.21579e+10 -3.46498e+10 -5.57202e+10 -2.41523e+11  1.43569e+11  1.79011e+11 -9.60318e+10 -1.22852e+11  2.44652e+10  1.75301e+11  3.69941e+09 -1.61303e+11  5.83574e+10  1.98419e+11  2.36934e+11 -2.63807e+11  8.74002e+10  6.87097e+10 -1.86984e+10  1.46583e+11 -1.18103e+11 -7.41779e+10 -2.14116e+11 -2.21769e+10  6.29633e+10 -6.60473e+10 -4.18494e+10  4.25034e+10 -2.17145e+11 -1.01877e+11  2.27692e+11  2.12733e+11 -9.07355e+10  2.20575e+11  1.03228e+11 -1.34832e+11  1.06431e+07 -2.60585e+11  3.99066e+08    1.165e+11  2.32067e+11 -2.96853e+10  2.21563e+11 -1.12829e+11 -8.18559e+10 -1.19055e+11 -4.80029e+10 -4.61026e+10 -2.97523e+10 -6.69551e+10 -3.28959e+10  4.34815e+10 -5.56692e+10  1.99254e+10  4.51496e+10  4.51985e+10 -8.52708e+10  1.87649e+11 -2.22664e+11  8.83071e+09 -8.62634e+10  3.62398e+10  2.06055e+11  4.81969e+10 -1.77662e+11 -1.37022e+11 -2.45306e+11 -1.00412e+11 -2.93198e+11 -2.05436e+10  5.97346e+10 -3.67272e+10 -4.32418e+10  9.75296e+10   1.8255e+11   8.3269e+10  2.12132e+11  6.51427e+10  2.06219e+10  7.83814e+09 -1.92453e+11  2.39396e+11  1.51662e+11  -5.2885e+10  5.52687e+10  2.90177e+10 -4.50243e+10  1.32374e+10 -1.45821e+09  1.85393e+11  1.04454e+10  2.64518e+10 -3.18376e+10  2.87508e+10  7.15682e+10 -6.72946e+09
-2.09463e+11  4.67609e+11 -1.77299e+11 -1.77101e+11 -1.28051e+11  2.65015e+11  4.33904e+11  2.96154e+12 -4.23915e+11   5.2222e+10  1.57809e+11 -2.49195e+11  3.21321e+11 -1.59812e+11 -3.11955e+11    9.973e+10  5.92709e+10  3.11534e+11  8.75709e+09  2.00959e+11  3.56285e+10  3.08224e+11 -4.72804e+11  1.80223e+11  7.80805e+10  8.53927e+09  1.05334e+11  2.36959e+11  1.52754e+11 -3.94967e+11  1.80915e+11  2.98684e+11  1.92631e+11 -1.61684e+11  2.87283e+10 -1.76028e+11 -2.58946e+11  2.51149e+11 -9.49486e+10 -7.38738e+09 -1.37348e+11  2.58221e+09  4.71588e+10  5.31484e+10  2.34361e+11  2.10821e+11 -1.13567e+10  1.08646e+11 -9.81097e+10   6.7784e+10  1.11938e+11 -9.56457e+10 -7.08002e+10  2.62981e+08  1.74744e+11  5.34968e+09  6.60207e+10 -3.14587e+10  1.36336e+11  5.20048e+10 -6.11153e+10  1.75325e+11  6.87109e+10  3.02616e+10 -6.83887e+10  1.82047e+11  1.01951e+10 -7.39037e+10  1.80521e+11  1.96825e+11  8.24737e+10 -1.98367e+11 -1.09831e+11  9.62898e+10 -6.69652e+10  -2.1349e+11 -7.95597e+10  1.11177e+11 -1.34948e+11 -3.05563e+10 -7.17072e+10  1.51323e+11  1.70602e+11  6.77275e+10 -7.19472e+10  2.58658e+11  2.83715e+10  2.99332e+10  -7.1957e+10  2.08476e+10 -1.64557e+11 -8.67264e+10 -2.34723e+10 -3.97187e+10 -2.41794e+11 -2.03029e+11  3.68265e+10 -3.18587e+10 -2.10208e+10  6.52924e+10  8.23491e+10   2.2244e+11  2.19212e+11  1.96714e+10  2.22674e+11 -2.04875e+11 -2.18895e+11 -1.37381e+11 -2.79932e+11 -5.90994e+10  6.68115e+09 -8.86451e+10  1.24552e+11 -1.88744e+11 -1.84315e+11 -4.63303e+10  1.94405e+11  3.80022e+10 -1.06649e+10  5.60873e+10  2.79172e+10  1.82841e+11 -1.92926e+11 -5.88901e+10 -1.30325e+11  5.28448e+10   2.2905e+11  1.26335e+11  1.07616e+11   2.0669e+11 -1.65536e+11  6.07171e+10  2.29871e+11  -1.8068e+10 -1.04761e+11  -3.3343e+10  1.23318e+11 -8.04025e+10 -1.89889e+11  1.80818e+11 -3.24681e+11 -9.62574e+10 -6.22953e+09  9.37913e+09 -1.12713e+11 -2.44644e+10   2.1631e+10  1.47072e+11  5.58218e+10 -4.64759e+10 -6.76448e+10 -7.36432e+09 -3.52793e+10 -1.23706e+10  -5.6765e+10  1.39364e+11  2.29975e+11  2.30144e+11  1.37147e+11  4.25086e+10 -1.46366e+11  2.90935e+10  5.09251e+10 -5.76399e+10
 5.06763e+10  9.98528e+10  2.25247e+11  -3.3716e+11  2.19483e+11 -3.33164e+10  1.91502e+09 -4.23915e+11   2.5261e+12  8.05027e+10 -3.22737e+10 -2.64054e+11  1.15232e+11  5.25902e+09 -1.92996e+11 -2.72044e+10  2.33583e+11 -2.31906e+11 -4.12102e+10 -4.75756e+09  2.21784e+11 -2.55817e+11 -8.67016e+10 -1.57557e+11 -3.73551e+10 -3.83723e+10 -4.75994e+10 -6.59626e+09 -2.09064e+11  1.49277e+11 -5.77681e+10  7.66436e+10 -3.66647e+10 -1.76309e+11  2.74537e+09  2.21452e+11  7.14185e+10 -1.31276e+11 -5.16056e+10 -5.68163e+10  6.56564e+10 -1.02322e+11 -1.71404e+11 -5.09668e+10 -5.69884e+10 -2.86105e+11  1.71832e+11 -4.19831e+10  4.06465e+09 -2.08653e+09  -9.6269e+10  1.30623e+10 -1.73701e+11  3.76609e+10 -7.76716e+10 -2.75939e+11 -1.72295e+11 -4.03368e+10 -7.26792e+10 -4.05366e+08 -8.41054e+10 -1.04535e+11  1.24459e+11  5.96105e+10  9.88357e+10 -3.13654e+11  6.66606e+10  5.44149e+10  2.51333e+11 -4.05673e+10 -3.27235e+10 -1.67464e+11  -7.3598e+10  3.98884e+10  1.90471e+11  1.58982e+11  -2.3564e+10  9.23833e+09  2.70588e+10  6.37471e+10 -8.05231e+10  1.10124e+11 -2.08791e+11 -2.66527e+11 -8.30929e+10 -3.27259e+10  7.02952e+10  -5.6376e+10  1.57064e+11 -4.72118e+10  9.66568e+10 -3.10715e+10  1.91503e+11  1.99217e+10  6.04562e+10  2.95037e+10 -5.64256e+10  8.87271e+10  -2.9992e+11  1.22239e+11 -5.05135e+10 -7.52896e+10  -1.6875e+11   8.9438e+10 -4.94408e+10 -6.31293e+10  7.67814e+10  1.57517e+11 -6.38671e+09  5.61935e+09  1.48052e+11 -1.03927e+11  1.17917e+10  2.48757e+10 -9.21679e+10 -9.44335e+10 -3.70526e+10 -8.88404e+10 -6.51871e+09 -1.77189e+11  1.54609e+10  1.19182e+11  1.81533e+11  -9.2126e+10   1.3922e+11  6.18329e+10  3.02554e+10  -1.6792e+10   3.0799e+10 -8.43477e+10 -1.19834e+10 -2.34505e+11 -2.76039e+11  1.22414e+10 -6.31566e+10 -1.44206e+11 -2.27317e+09 -1.89586e+11  1.70166e+11  6.53892e+10  1.72216e+11   1.0103e+11  -2.3082e+10 -8.46759e+10 -2.33628e+11  1.77013e+11 -9.72894e+10 -1.52186e+11  1.89954e+11  1.29828e+11  1.17295e+11  5.73639e+09   8.1061e+10  3.93385e+10  5.89967e+10 -1.00154e+11 -5.22966e+10 -1.18862e+11 -8.46343e+10 -1.34924e+11  1.27399e+11  9.37338e+10  1.84299e+11  2.73993e+11
-3.97845e+10  1.16109e+11  1.56766e+11  3.26226e+11  1.79209e+11  -2.0725e+11 -6.28892e+10   5.2222e+10  8.05027e+10  2.60695e+12   3.8873e+10 -1.72882e+11 -1.50748e+11  8.76151e+10 -1.96646e+10 -1.41283e+11  -2.2945e+11   4.7608e+11 -1.73926e+11 -4.00971e+10 -1.01717e+11   2.2255e+11  1.06533e+11 -3.16826e+09  1.27145e+11 -1.00686e+09 -1.61729e+11 -1.51518e+11 -4.17089e+11 -1.41011e+11   9.2409e+10  -5.7536e+10 -1.65684e+11 -5.56257e+10  1.04403e+11  2.41988e+11 -1.15798e+11  7.19969e+10 -1.93129e+11  1.42924e+09 -1.74108e+11  3.73131e+10  1.58817e+11 -1.86841e+11  5.10734e+10  1.46595e+11 -4.50639e+10  1.20304e+11 -1.16814e+11   2.4479e+11 -6.44535e+10 -3.81674e+10  2.09231e+10  2.18512e+11 -9.00612e+10  1.16625e+10  8.71516e+10 -1.93431e+11  6.74245e+09 -1.87639e+11 -5.87287e+10 -8.34015e+10   7.8277e+10 -1.82113e+11 -1.16951e+11  2.62668e+10  1.58531e+09 -2.18237e+10  2.14404e+11 -6.59125e+10   1.0286e+11 -8.67166e+10  1.03319e+11 -5.65347e+10   1.9493e+11 -4.69519e+10 -1.79402e+11 -5.38172e+10 -1.66654e+11  1.29282e+11 -5.45512e+10  1.00708e+11 -8.60196e+10  6.76541e+10  1.50939e+11  1.02149e+11 -3.92301e+10  1.01192e+11  -5.0495e+10 -8.11051e+09 -2.10325e+10  8.22825e+10 -6.32342e+10  4.10838e+11  4.89445e+10 -2.35947e+11 -9.97349e+10 -6.59866e+10   1.2431e+11  -2.1889e+11   1.6434e+10  7.08732e+10  3.28192e+10  1.82954e+11  8.16922e+10 -1.12597e+11  5.45256e+09 -7.25712e+10  1.45528e+10 -7.01039e+10  1.25234e+11 -1.04795e+11  1.27501e+11  3.35572e+10  1.17425e+11 -1.15376e+11  3.48868e+10  5.40512e+10  8.45419e+10 -1.10095e+11 -1.94329e+11  1.64091e+11 -1.03403e+11 -6.18495e+10  9.41181e+10  3.79535e+10 -1.03445e+11  6.13182e+10  9.36431e+10 -7.15281e+10 -1.55835e+11 -1.10349e+11  -7.3364e+10 -1.06291e+10 -1.32889e+11  1.04967e+11 -2.48519e+10  1.38359e+10  2.49068e+10  7.36341e+10 -2.26568e+11  1.68184e+11 -3.07627e+11  2.22242e+11 -2.71471e+11  5.70377e+10   1.0573e+11 -3.82122e+09 -1.00758e+11  6.82639e+10    2.017e+11  1.61265e+11  3.66524e+11 -1.08148e+10  5.15798e+10  1.30562e+10 -5.40782e+09 -1.29385e+11 -9.56675e+10 -7.42701e+08 -1.55556e+11 -3.48918e+10  1.16133e+11  6.39772e+10
-5.72007e+10 -5.01203e+11  2.86497e+11 -4.36416e+09 -2.24224e+11 -3.17442e+11  1.55752e+11  1.57809e+11 -3.22737e+10   3.8873e+10  3.11167e+12 -1.38758e+11 -1.03925e+11 -3.77223e+11   3.9863e+11  1.93251e+11  1.57125e+11   3.0703e+11  2.17682e+11 -3.87889e+11 -1.55632e+11  2.67005e+11 -2.09786e+09 -3.53173e+10  2.03253e+11  6.22651e+10  2.94707e+11 -2.20114e+10  2.82969e+10 -6.35089e+10   2.7128e+11  5.34415e+10  3.64565e+10  2.93172e+10  1.53201e+11 -3.10016e+11 -3.56996e+11  3.79378e+11 -6.86652e+10 -1.16507e+11 -2.47689e+11  5.48181e+10 -6.36024e+10 -4.83608e+10   1.5284e+11 -1.15479e+10 -1.06512e+11  1.09855e+08 -2.69286e+11  2.32931e+10 -2.75993e+11 -1.76431e+11  4.01991e+10 -1.24292e+11  1.24699e+11  9.42613e+10 -5.50396e+10  7.96325e+10 -3.43047e+10  1.80012e+11 -1.28834e+11  1.78581e+10  1.78278e+11  2.47486e+11  -2.7278e+11  1.62938e+11  1.23491e+11  8.91024e+10  1.60337e+11  -1.1216e+11  2.11019e+11  1.06837e+11 -1.14328e+11 -5.80166e+10  3.60625e+10 -3.44197e+11 -9.61551e+10 -9.37712e+10  1.39236e+11  1.73012e+11 -4.93419e+10 -1.18295e+11  1.41283e+11 -2.42368e+10 -1.09192e+10  4.77561e+10  4.92596e+10 -2.14283e+11 -7.08886e+10  1.74552e+08 -1.64154e+11  3.33308e+10 -9.92905e+10  8.00011e+10  1.06785e+11 -1.30214e+11   5.2249e+09  2.88005e+11 -7.63371e+10  1.00313e+11  8.81004e+10 -1.39117e+11  1.09365e+11  1.83713e+11 -1.45963e+11 -1.05228e+11   1.9166e+10 -1.07764e+11 -7.75734e+10 -6.23015e+10  3.00456e+10 -1.20949e+11 -6.16782e+10  -1.4111e+11  2.48082e+10  1.13443e+11 -1.83901e+11 -1.34564e+11 -6.13209e+10 -5.23014e+10 -7.64468e+09 -1.15857e+10 -3.61629e+10 -1.88016e+11 -1.47008e+11   2.7496e+10  1.53606e+11 -1.05987e+11  4.42835e+09 -4.37877e+10 -3.73372e+10  6.42477e+10  4.71586e+10  2.14385e+11 -1.70467e+11  2.63494e+11 -2.81182e+10 -2.29969e+11 -3.53495e+11 -4.37552e+10  -2.4903e+11 -1.61403e+11   7.0717e+09   1.3549e+11 -8.52454e+10 -1.00675e+10   6.9713e+10  1.99732e+11  1.95238e+11 -5.67446e+10  -1.9593e+11  3.95844e+10 -1.52757e+11  1.79997e+11 -1.75172e+11  1.58409e+11  6.40942e+10  2.35391e+10 -1.33871e+11  1.15963e+11  -1.0859e+11 -1.05734e+11  -8.6027e+10 -2.57942e+11
-8.22633e+10   2.8943e+11 -1.45625e+11 -9.30885e+09  -1.6322e+10  7.39712e+10  -1.3871e+11 -2.49195e+11 -2.64054e+11 -1.72882e+11 -1.38758e+11  2.66729e+12 -2.76043e+11  5.94154e+09 -5.35613e+10  1.04486e+10 -7.29837e+10 -2.24227e+11 -1.00885e+11 -6.49479e+10 -4.63024e+10  8.45096e+10 -1.26372e+11  -7.1503e+10 -7.55355e+10  2.68357e+11  3.81991e+10 -2.06232e+11 -3.90922e+10 -1.07024e+11  6.57692e+10  -1.3362e+11  4.94154e+10 -1.54065e+11 -1.43233e+11  3.26644e+10  2.09797e+09 -9.15619e+09  2.43263e+11 -6.69192e+10  2.06962e+11 -2.58876e+11  1.99724e+11  8.45208e+10 -3.24841e+11  2.96612e+11  1.12448e+11 -9.17622e+10 -2.02551e+11   6.1257e+10  5.96717e+10  4.09502e+09  8.49971e+10   7.4287e+10 -2.36475e+10 -8.62475e+10  1.53454e+10  1.45437e+11 -1.81002e+11  4.55873e+10  2.55882e+11  1.00301e+11  1.14957e+11  1.27886e+11  6.10798e+10   1.6729e+11  9.99911e+09  1.87383e+11 -7.06647e+10 -8.34378e+10  -6.2513e+10  8.79783e+10  -1.7693e+11  8.95346e+10  2.36258e+11 -5.41007e+09  2.91699e+11 -8.77877e+10  3.10702e+11 -1.71914e+10 -9.68673e+09  2.78136e+10 -1.43723e+10  7.25137e+10 -1.59155e+11  -3.6129e+10 -6.63718e+10 -7.08342e+10  2.71865e+11 -2.43887e+10  6.51198e+10 -8.18358e+10 -9.96803e+10 -5.61658e+10  8.46245e+10 -4.20912e+10 -2.12025e+11 -1.02355e+11 -6.01042e+10 -1.04951e+11  2.01476e+11 -2.92991e+11 -3.88524e+11 -1.37678e+11  1.57102e+11  1.42662e+11   1.1037e+11 -5.55514e+10  1.07967e+11  -1.7254e+10 -5.05847e+10  3.59957e+10  8.62704e+10  5.15531e+10  5.91149e+10 -2.75605e+10 -1.06948e+11  2.15487e+11  1.04515e+11 -7.01454e+10  1.65535e+10 -1.71669e+11 -5.12253e+10 -8.24426e+10  2.63532e+10  -1.0779e+11  -3.5061e+10  1.12352e+11 -1.80287e+11 -2.24212e+11  1.03837e+11  1.69868e+11  1.55401e+11  9.92955e+10  1.22299e+11 -2.59119e+10 -1.16398e+11  1.11951e+11  1.72653e+11  3.36542e+11 -1.57134e+10  4.56737e+10 -5.03683e+10  4.27623e+10  1.00294e+11  3.32318e+11 -5.43056e+10 -5.80841e+10 -1.28034e+11  -1.8993e+11 -1.41401e+10 -1.96572e+10  1.16152e+11  -2.0833e+11  6.72048e+10  3.61315e+10 -5.24853e+10  2.29811e+10 -1.37054e+11 -3.24496e+10  3.64674e+10 -1.33221e+11 -1.95939e+11 -7.12542e+10
-2.47538e+11  4.15704e+11 -4.35033e+11  2.78237e+09  2.46387e+10  6.48294e+10  6.76873e+11  3.21321e+11  1.15232e+11 -1.50748e+11 -1.03925e+11 -2.76043e+11  3.32754e+12  -7.1505e+10 -5.29346e+11 -7.66802e+10  2.04099e+11 -8.75017e+10  3.24154e+11   1.4783e+11 -2.66251e+10  6.15478e+10 -1.65229e+11  1.19187e+11 -6.53169e+10 -2.62441e+10   4.7107e+11 -1.26504e+11 -7.87242e+10  4.89823e+09  1.05778e+11  3.17125e+11  2.48545e+10 -1.90624e+11  1.01328e+11 -1.40189e+11  1.44939e+11 -1.88866e+11   1.4965e+11 -1.02483e+11  -2.3289e+11  1.86813e+11 -1.07437e+11  3.26822e+11 -1.74021e+11 -1.29399e+11  2.77748e+11 -8.33961e+10 -1.55682e+11 -1.43808e+09  7.89225e+10 -9.55407e+10  8.77601e+10 -5.81229e+10  1.35066e+11 -1.13932e+10 -3.27978e+11 -1.13315e+11  4.02967e+10 -3.13579e+10 -3.26836e+11 -1.92406e+11 -2.17869e+11  -1.5983e+11  1.47978e+10 -2.10152e+11  2.16901e+11 -4.98881e+10 -2.42181e+10   1.5823e+11 -4.49775e+10 -1.34504e+11  1.15427e+10  7.25703e+10 -1.52974e+11  2.73865e+10   2.7697e+11  2.04153e+11 -1.06467e+11  1.64355e+11   1.4868e+11  2.60897e+10  1.87173e+11 -7.83944e+10  4.04944e+10  4.12971e+10  9.50542e+10  3.54431e+10  4.69128e+10 -1.41928e+11 -3.48774e+10  -9.3816e+10 -1.10293e+10 -1.72139e+11    7.072e+10  1.37444e+11  2.18254e+11 -7.60339e+10 -1.35163e+11  8.42674e+10  1.18626e+11  1.21593e+11 -2.53617e+10  2.62861e+11 -5.58999e+10 -7.16432e+10  1.16295e+11  1.26051e+10  8.96335e+10  1.56552e+10  5.35451e+10  9.68555e+10 -4.17182e+10  1.45834e+10 -7.94821e+09 -9.12174e+10    1.316e+11 -1.21987e+11 -3.06102e+11  2.01243e+11    4.708e+10  8.08936e+10 -1.03714e+09 -2.52994e+10 -2.21289e+11 -9.67481e+10  1.97547e+11 -1.01125e+11  1.01289e+11  2.62373e+11  1.10869e+11  3.04883e+10 -1.17992e+11  3.02872e+10 -3.41205e+11 -4.97879e+10 -1.15001e+10 -7.81445e+10 -1.06688e+11 -8.43789e+10   2.1182e+11 -8.64459e+10  1.06556e+11  1.87741e+11  8.34242e+10  -1.8724e+11  -3.6336e+10 -2.77749e+10  1.42429e+11   2.0943e+11  1.86375e+11  -3.0233e+10  1.36314e+11 -2.16472e+11 -4.41985e+10 -1.61215e+11 -1.20748e+11 -3.25475e+10  1.48617e+11 -1.04807e+11  1.04025e+11 -9.95221e+10   5.9748e+10  6.87052e+10
 8.11684e+10  -2.7511e+11 -1.96724e+11 -1.03853e+10  1.26778e+11 -2.31121e+10 -3.19662e+11 -1.59812e+11  5.25902e+09  8.76151e+10 -3.77223e+11  5.94154e+09  -7.1505e+10  2.65397e+12  1.30723e+11 -1.24125e+11  5.55776e+09  -7.1893e+10 -7.53807e+10  2.61865e+11 -1.73644e+10 -3.63201e+10  2.71844e+10  6.42219e+10   1.2663e+11  6.34553e+10 -3.11938e+11  1.06873e+11  3.41265e+11  1.33264e+11 -1.94216e+11  8.62068e+10 -3.03249e+11 -8.48175e+10 -7.43904e+10  7.37078e+10 -2.47894e+09 -2.99599e+11 -2.05771e+10  2.21891e+11  2.79697e+11 -2.80824e+10  7.80358e+10 -1.97249e+11 -1.11679e+11  6.26833e+10 -2.30112e+11  1.14025e+11 -1.76025e+11  5.43487e+10 -1.01345e+11 -1.27632e+11  8.73215e+10  2.02662e+11 -1.57069e+10  3.05319e+11 -7.40644e+10  5.46099e+10  1.99957e+11 -2.52651e+10 -1.48862e+10  8.21747e+10  3.14974e+10 -1.73075e+11  7.35183e+10 -1.13093e+11  2.91174e+10  4.13315e+10 -2.11389e+11   5.1491e+10 -1.74744e+11  1.35606e+11  6.26904e+10 -9.51615e+10  1.91253e+10  3.36542e+10 -1.05098e+11  4.87001e+10  1.26982e+11  -9.7681e+09  9.44895e+10  1.52042e+10 -1.39542e+11  1.48821e+11  5.94711e+10 -8.64261e+10  2.31816e+11  7.33389e+10 -7.67988e+10  7.97773e+10 -1.15624e+11  2.27214e+11  1.29577e+11 -1.10283e+11  1.28485e+11  1.42143e+11    1.979e+11 -1.11928e+11  1.21339e+11 -1.30846e+11  7.46791e+10   -3.873e+10 -5.61658e+10  4.83688e+09  5.71435e+10  3.87844e+10  8.92035e+10  -8.2887e+09 -1.31912e+11 -5.01333e+10  1.58303e+11  -9.7269e+10 -2.01714e+10  2.11846e+11 -9.13438e+10 -4.50291e+10  1.75119e+11  8.43635e+10 -2.36232e+10 -2.10145e+11 -1.41188e+11 -3.92668e+09 -1.07912e+10  2.28794e+11  1.35262e+11 -1.89667e+11 -6.31153e+10  2.36334e+11  6.75878e+10 -7.86206e+10  2.17746e+11  2.55375e+09 -9.23487e+10 -4.69504e+10 -1.41581e+11 -1.99524e+11  -1.0886e+11  2.30426e+10  3.10688e+11 -1.90648e+11  1.33077e+11   1.0423e+11  2.22918e+10  1.15675e+11  9.38221e+10  3.24925e+10 -1.92921e+11 -1.66755e+11 -1.85897e+11  2.42174e+10   -9.402e+10 -5.66526e+10 -1.14338e+11 -3.76035e+10  5.67243e+10 -8.76402e+09  -6.9776e+09   2.7617e+10 -1.53977e+11  3.00508e+10  1.25122e+11 -1.22264e+10 -1.02009e+11 -6.44578e+09
 2.79048e+11 -9.10376e+11  6.53721e+11  -6.8125e+10 -3.85812e+10 -5.69789e+10 -6.49205e+11 -3.11955e+11 -1.92996e+11 -1.96646e+10   3.9863e+11 -5.35613e+10 -5.29346e+11  1.30723e+11  3.36074e+12 -1.64008e+11   1.3504e+11  4.45517e+09  1.29199e+10  2.87216e+11  1.73481e+10  4.02886e+10 -1.78443e+11  5.75333e+10 -6.05267e+09  1.36064e+11  4.45257e+10  9.31118e+10 -1.01179e+11  2.25841e+11 -1.89103e+11 -3.96355e+11 -1.27759e+11  2.74348e+11  4.13695e+10  2.70066e+11 -2.75948e+11   4.9453e+10 -1.76201e+11  -2.1456e+11 -1.78444e+11   1.6965e+11  8.08883e+10 -2.91318e+10  2.74379e+11 -2.68636e+11 -1.71141e+11  1.71159e+11  -2.7528e+10   1.0531e+11 -3.26534e+11   -1.122e+11 -1.58946e+11 -2.61916e+11 -1.23987e+11  1.40218e+11 -6.35566e+10 -6.02129e+10  -2.2893e+11  -1.0026e+11 -1.61968e+11   1.0588e+11  6.18558e+09 -1.57984e+11   3.2594e+10  1.95911e+11 -1.27183e+11  2.30167e+11  4.44873e+10   -6.973e+10 -5.74813e+09  4.93664e+10  -1.2364e+11 -1.65737e+11  4.51177e+10  4.97329e+10  -9.3541e+10  8.70967e+08 -8.82191e+10  2.90983e+11  1.24649e+10 -2.59205e+11 -9.34658e+10  4.08161e+11  -4.6511e+10  2.84467e+11 -4.19022e+10 -5.19878e+10 -3.69695e+11 -1.02643e+11  2.49093e+11 -6.26762e+09 -2.15371e+11  3.74751e+09  2.19455e+11  8.23073e+10  1.22855e+11  1.75152e+11  3.09635e+10  1.02319e+11  4.17111e+10 -9.87313e+10  1.27259e+11   2.9268e+11  5.56947e+10 -2.06868e+11 -3.00254e+10  1.29164e+11 -2.39813e+11 -1.66328e+11  4.63669e+10 -1.81919e+11  9.82488e+10  1.62794e+11   1.0603e+11 -5.77073e+10  -1.9966e+10 -2.45135e+10   6.9624e+10   1.4265e+10  6.70815e+10  7.33967e+10 -4.28319e+09  -2.6788e+10    3.178e+11  -7.6978e+10  1.70552e+11 -7.73547e+10  1.15857e+11 -3.97324e+10 -8.54279e+10 -6.62201e+10  1.13404e+11  2.25814e+11  -8.9743e+10  1.14642e+11  1.39115e+11 -1.87467e+10   2.6382e+10 -9.70126e+10 -6.48531e+10  2.02492e+11 -3.95887e+10  2.68962e+10  8.77848e+10  1.98034e+11  2.20793e+11 -1.29883e+11  8.95692e+10 -1.21347e+10 -1.62301e+11 -1.07868e+11 -1.94529e+11 -1.30481e+11  1.28742e+11 -1.57178e+11  1.53016e+10 -1.24847e+11 -1.04413e+11  2.14689e+11   7.7855e+10  1.39499e+10  2.01939e+09 -1.73047e+11
-1.19153e+10  1.29972e+11 -1.09758e+11   3.3875e+11  2.43146e+11  4.94611e+09  9.78438e+10    9.973e+10 -2.72044e+10 -1.41283e+11  1.93251e+11  1.04486e+10 -7.66802e+10 -1.24125e+11 -1.64008e+11   2.7649e+12  3.18843e+10  -4.1889e+10 -3.20586e+10   6.2177e+10  8.45844e+10  1.09464e+11  1.70501e+11 -1.04017e+11  -1.1285e+11  2.28112e+10 -1.22116e+11 -8.94649e+10 -2.34599e+10 -9.09351e+10  6.46686e+10 -5.55719e+10 -9.88295e+10 -7.33179e+10 -7.59036e+10 -1.94501e+11   1.5797e+11 -2.77267e+09 -1.79267e+11 -1.42669e+11  6.96194e+10 -2.05214e+11  2.71234e+11 -1.14748e+11  2.42816e+10 -1.32259e+11  3.53977e+11  -6.9474e+10 -1.40781e+10 -3.20726e+11 -1.79634e+10  2.14763e+10  4.42421e+10  5.87223e+10 -9.52056e+10 -4.45739e+10  5.10546e+10  6.86218e+10 -2.83375e+11 -1.18735e+10 -5.60246e+10  4.41064e+10  1.32925e+11  1.06961e+11   7.7565e+10  1.44171e+11  5.89529e+10  3.83821e+08  1.67787e+11  7.97951e+10  1.72652e+11 -2.23978e+11 -6.07488e+10  9.46876e+10 -1.00482e+11   3.7354e+10 -9.42592e+10 -1.69544e+11 -1.74842e+10 -2.49612e+10 -1.90589e+11 -9.31234e+10  -9.0999e+09  2.37946e+10 -2.05344e+11  2.41452e+11 -1.16523e+11 -1.14047e+11  7.01153e+10 -1.55494e+11  5.29089e+10  2.20719e+11 -8.01329e+10 -7.76567e+09  1.46398e+11  2.27582e+11 -1.04797e+11 -1.84664e+10 -1.70298e+11   1.6363e+11 -2.05041e+10 -3.80885e+10   9.6357e+10 -7.03617e+10 -9.80636e+10  1.53874e+11   1.5461e+11 -1.79593e+11 -1.40061e+11 -8.28747e+10  6.62837e+10  4.45088e+07  2.39775e+10 -1.81708e+11  5.58287e+10  2.22106e+11  7.43692e+09 -1.27642e+11  3.07862e+10 -1.05061e+10 -3.55285e+10 -8.64479e+10  7.71935e+10 -1.60752e+10  6.39357e+10 -8.42539e+10 -9.59563e+10  6.72701e+09  2.24296e+11 -5.45175e+10 -6.18329e+10 -2.95865e+10   1.1111e+09  5.18301e+10 -3.11317e+10   1.6674e+10  3.33016e+10  1.72949e+11  -2.2003e+10   6.8837e+10    2.008e+10 -4.40703e+09  3.74047e+10 -8.21698e+10 -1.22288e+11 -8.15413e+09 -3.26785e+10  1.58721e+11 -1.13496e+11 -7.24792e+10 -2.87158e+11  1.57991e+11  1.17992e+11  3.68251e+10  4.94928e+10  6.63411e+10  1.63262e+10 -9.03848e+10 -7.53932e+09  5.76354e+10  1.26163e+10  -5.2536e+09  1.04901e+11 -3.62061e+10
-1.03591e+11 -1.85637e+10  7.17956e+09  1.44049e+11 -6.31719e+10 -6.66132e+10  1.49843e+11  5.92709e+10  2.33583e+11  -2.2945e+11  1.57125e+11 -7.29837e+10  2.04099e+11  5.55776e+09   1.3504e+11  3.18843e+10  2.69401e+12 -2.54684e+11  2.26607e+11  2.49477e+11  2.42418e+11  4.64862e+10 -2.80855e+10  1.06199e+11  5.49322e+10  1.86436e+11  2.65756e+11  3.55236e+10  1.97558e+11  2.56476e+10  6.93074e+10  7.29814e+10  2.61294e+11 -8.23822e+10  2.47196e+10  -2.6085e+10 -3.50443e+09 -1.38596e+11 -2.75972e+11  1.72588e+11  1.61346e+10  1.84771e+09   8.1985e+10 -2.15926e+11  5.74418e+10  4.96608e+09  8.16688e+10  1.92829e+11  -4.3712e+10 -9.77821e+10  2.61753e+11 -1.03836e+11  4.66197e+10 -9.82686e+09  -2.1269e+11  -1.0531e+11 -3.22212e+11 -5.39791e+08  4.04061e+11  7.01562e+10 -1.93881e+10  7.09226e+10  1.79204e+11 -2.51075e+10  3.86783e+10  4.58422e+10  1.52794e+11  6.49375e+10 -1.21716e+11 -1.88546e+10  2.67252e+10  1.88464e+11 -1.15283e+10  1.02216e+11 -1.55933e+10 -2.58795e+11 -2.69379e+11   1.2839e+11  1.49801e+11 -4.11464e+10  1.23773e+10 -1.32692e+11 -2.17326e+11  1.34431e+11 -1.40368e+10  1.77973e+11  2.79126e+10 -1.74506e+11 -1.19975e+11 -1.17365e+11 -2.62697e+10 -2.31965e+11  6.64127e+10  2.27015e+11  1.57833e+11 -2.76983e+10  1.35039e+11  2.02048e+11  2.86617e+10  9.24021e+10 -1.70576e+11  8.20585e+09  1.10139e+11  1.14347e+11 -1.47541e+11  -1.6002e+11   1.8103e+11  -7.0451e+10 -2.12782e+11  8.81893e+07  6.67495e+10 -2.01775e+11 -6.18819e+09 -3.44031e+10 -1.42274e+11  1.46457e+11  1.34143e+11 -1.10591e+11 -2.51219e+11  1.03145e+11  3.06258e+10 -3.87926e+10  4.21468e+10  6.26618e+10  1.42389e+11 -5.95926e+10  5.86303e+10  4.83323e+10  2.36668e+10  8.09219e+10  -8.4057e+10 -1.44353e+10  7.57812e+10  5.12656e+10  -3.7633e+10  -4.6718e+10  1.14608e+11 -2.87018e+09 -1.30192e+11  5.61552e+10 -3.72936e+10  1.63081e+11 -7.33589e+10 -9.71752e+10  2.33774e+11 -1.24676e+11 -1.08571e+11  1.16763e+11  2.54706e+11  1.39463e+10 -1.73702e+10 -1.74805e+11 -2.52742e+10 -1.62128e+10 -4.53181e+10   1.4863e+11  1.47569e+11  1.65444e+11  1.89455e+10 -3.76975e+10  1.60877e+11 -2.74497e+10 -4.82823e+10  4.86786e+10
 9.07448e+09 -9.50788e+10  2.15057e+11 -8.30226e+10  -2.3274e+10 -1.68202e+11 -9.66827e+10  3.11534e+11 -2.31906e+11   4.7608e+11   3.0703e+11 -2.24227e+11 -8.75017e+10  -7.1893e+10  4.45517e+09  -4.1889e+10 -2.54684e+11  2.74398e+12  1.54291e+11  5.00804e+10 -1.47494e+10  -2.4102e+09  1.71891e+10  2.00015e+11  1.55747e+11 -1.62953e+11  7.20267e+10 -1.74475e+10  4.04026e+10 -2.75611e+10  9.20142e+10 -1.67574e+11 -4.33645e+09  4.65879e+10  2.41774e+11 -1.14258e+11  5.88934e+10  2.28268e+11 -2.71318e+11 -2.40877e+10 -1.96612e+10 -4.16422e+10  6.40149e+10  5.52021e+10  6.33852e+10  2.97233e+11  7.24655e+10 -2.41408e+11    4.144e+10 -9.43806e+10 -2.34153e+11 -1.48477e+11 -2.42716e+11  2.26643e+11  6.40989e+10  1.10487e+11  1.90049e+11  1.25767e+11 -5.59351e+10 -6.70891e+09 -7.93042e+10 -2.91991e+10   4.9213e+10  -2.0186e+11 -2.14095e+11 -6.09516e+10 -2.44715e+11  -2.2107e+11 -6.26988e+10  5.12302e+10  1.68856e+11  8.37542e+09 -4.15629e+10  1.03509e+11  8.69707e+10  -2.0579e+11 -1.23157e+11 -2.09433e+11 -6.36703e+09  3.15251e+11 -2.60147e+10  1.01859e+11  7.07119e+10  1.23532e+11  7.39168e+09  3.69863e+10 -4.39637e+10  4.69527e+10 -1.25107e+11  8.06605e+10 -2.90212e+10  1.61921e+11  2.21765e+11  1.30634e+10  -1.7467e+11 -1.44698e+11 -2.57989e+10 -5.31132e+10  4.13329e+10 -1.54875e+11  4.58563e+10 -1.00713e+11 -1.85476e+10   1.3863e+11   1.5562e+11  3.62419e+10  7.82432e+10 -1.19185e+11  2.65506e+11 -7.79262e+10 -5.28151e+10 -2.90714e+10  7.02469e+10  -1.0852e+10  1.28723e+11 -7.72618e+10  8.76055e+10 -6.17424e+10  -7.6624e+10 -2.82743e+11  1.09677e+11  1.70917e+11   3.3169e+10  6.93952e+10 -1.06859e+10 -8.64675e+10  1.35119e+10   1.0747e+11  1.13156e+11  1.87051e+11  -2.1497e+10 -6.07913e+10  1.65113e+11  1.04724e+11  2.85138e+10  7.35981e+10 -2.13334e+11 -1.64656e+11 -1.19647e+11  7.58825e+10 -1.75742e+11 -1.31047e+11  -2.8113e+10  2.38245e+11 -3.03341e+11 -2.01897e+11  7.91038e+10  2.04262e+11  1.25316e+11  4.97319e+10 -2.50604e+11  -6.2004e+09  1.52234e+11  8.81127e+10  1.61062e+10  6.72198e+10    4.615e+10  4.38311e+10 -3.48081e+10  3.01158e+11 -2.01459e+11  -6.4257e+10  1.81249e+11 -1.20734e+11
