 9.58207e+12 -1.28737e+13  4.26257e+12 -2.35179e+12   1.7692e+12 -2.45109e+12 -1.13079e+13 -6.70282e+12  1.62164e+12  -1.2731e+12 -1.83042e+12 -2.63243e+12 -7.92122e+12  2.59739e+12  8.92955e+12 -3.81289e+11 -3.31492e+12  2.90383e+11 -2.17639e+11 -4.79039e+11 -2.31673e+11 -8.00958e+11  -1.4509e+12 -8.18512e+11  8.63362e+09 -4.02199e+11 -4.19404e+11 -2.94246e+09  2.56566e+10  3.04553e+12 -2.28558e+12 -1.76553e+12 -2.02266e+12   1.4387e+12   1.1974e+11  1.11915e+12  1.20624e+12  -1.1933e+12 -6.25303e+08 -1.15441e+12  3.72376e+12  3.68035e+11  3.28146e+12  4.12962e+11  3.43804e+12 -2.18794e+12  4.91029e+11  7.11883e+11  3.03476e+12 -2.43421e+11 -3.57679e+12  5.59681e+11 -2.17747e+12 -2.89179e+12 -3.64768e+12 -9.14411e+10  3.18614e+12 -2.27728e+10 -4.28316e+11  1.73422e+12 -2.40662e+11  1.46929e+12 -1.53378e+12 -8.65736e+11  1.06468e+12 -1.88851e+12 -1.54273e+12  5.69668e+11  7.70292e+11 -4.84535e+11  2.25738e+12 -2.73429e+12  8.63231e+10 -5.45525e+11  1.29773e+12  2.49604e+12 -2.52334e+12 -4.86816e+12  -1.1285e+12  4.59545e+11 -4.70934e+10  1.09878e+12 -2.03548e+12  1.70464e+12  -3.5695e+11  1.47484e+12  1.00432e+12  1.21654e+12 -1.23583e+12  1.67673e+12  1.24193e+11  4.71457e+11 -9.46727e+11 -4.95236e+11  3.90336e+11  1.61242e+12  2.58654e+12 -2.28448e+11 -3.00563e+11  1.45517e+12  9.68553e+10  4.76871e+11 -2.34161e+11  1.10865e+12 -8.00588e+11  1.91358e+12   7.5154e+11 -1.02076e+12 -3.42247e+12  1.28763e+12  9.20667e+11  6.31979e+11  2.01267e+12  3.09971e+12  2.02169e+12 -1.21559e+11 -3.89302e+10  2.31559e+12  1.20691e+12  -9.2104e+11  2.12528e+12 -4.56291e+11 -2.81273e+12  2.09171e+12  9.46829e+11 -7.42529e+11 -6.95165e+11  1.45193e+12 -3.31291e+12 -7.42945e+11  3.16874e+11 -7.69051e+11 -1.74505e+12  2.46519e+12  1.18512e+12  1.05071e+12  -3.4573e+11  1.00251e+12  1.68167e+12 -1.21086e+12  2.22921e+12  3.74704e+11 -1.27458e+12  6.24507e+11 -4.36036e+11 -5.11595e+11   2.2556e+12 -1.61736e+12  7.45183e+11 -3.49924e+11 -1.89794e+11 -2.42809e+12 -3.93162e+11 -9.42641e+11  2.05605e+12 -1.46516e+12 -1.74401e+12 -1.07597e+12 -1.37109e+12  7.89461e+11  1.45604e+12  6.10632e+11 -5.10951e+11 -5.43326e+10
-1.28737e+13     9.04e+13 -1.59504e+13  1.71111e+13  1.14001e+13  8.65694e+12   3.3264e+13  1.49635e+13  3.19529e+12  3.71549e+12 -1.60385e+13  9.26174e+12  1.33025e+13  -8.8035e+12  -2.9132e+13  4.15912e+12 -5.94039e+11 -3.04252e+12 -2.05793e+12 -6.73928e+12  3.20517e+12 -1.32376e+13  3.85456e+12 -8.29713e+12  1.13121e+12  8.89507e+11  1.48576e+11  3.21294e+11 -5.91312e+12 -1.80198e+12  1.69429e+12  3.06418e+12  1.71972e+12 -6.36476e+12  -9.1984e+12  1.59837e+11  3.87806e+11  3.31611e+12  -3.7046e+10  3.77577e+12 -5.91018e+12 -1.92622e+11 -8.84299e+12  9.85133e+12 -6.01109e+12 -2.00531e+12  3.92236e+12  1.10149e+12  1.35977e+11 -6.35367e+11  9.49584e+12  9.28152e+12   2.9055e+12  5.71071e+12   5.0454e+12 -6.22414e+12 -1.68777e+12 -9.62983e+12 -1.71826e+12 -2.79198e+12  5.43768e+12 -8.28741e+12  1.17328e+12   5.0216e+12 -3.13086e+12 -7.15901e+12 -5.75345e+11 -1.00336e+13  7.96773e+11 -9.13877e+12 -3.50879e+12  2.43993e+11 -5.48815e+12   1.5661e+12 -4.54569e+12 -1.09913e+12  2.97321e+12  2.31551e+12  2.84195e+12 -3.73697e+12  3.62083e+12 -5.20041e+12 -4.80752e+11 -7.42797e+12  5.04968e+12 -2.72821e+12  1.19933e+12  3.91967e+12 -5.02395e+11 -7.57713e+12 -1.76832e+11 -2.51009e+12  5.09715e+12  -1.0033e+13 -1.30656e+12  2.06635e+12 -7.77252e+12 -5.80001e+12  5.45588e+12 -2.29214e+12  3.72963e+11   1.8002e+12 -1.97552e+12 -5.29547e+12  2.76131e+12  2.24335e+12  2.82973e+12 -4.69609e+11  9.48946e+12  -6.3142e+12  3.16351e+12   2.3893e+12  -2.9421e+12 -3.41939e+12 -5.68347e+12 -4.41238e+12   2.8778e+12 -4.62273e+12 -5.90092e+11 -1.54392e+12  -3.7835e+12  6.97309e+12 -5.69836e+11 -3.47842e+12  1.22388e+12  1.51587e+12 -1.34668e+11 -2.89173e+12  5.86483e+11    6.801e+11  3.61436e+12  6.91806e+11  -4.3082e+12 -3.34323e+12 -2.53394e+12 -7.83771e+12 -3.90339e+12  2.11622e+12  5.16788e+12  5.52898e+12  8.32935e+11  9.63682e+12 -6.85072e+11 -7.91339e+10   4.2205e+12  2.70727e+11 -7.79011e+11 -1.02344e+11  -6.5982e+12 -5.12166e+11  2.24248e+12  5.30596e+12  3.41899e+12 -8.16304e+11 -3.57439e+12  1.85677e+12 -3.05744e+12 -3.83572e+12  3.06354e+12 -4.78203e+12  6.30022e+11 -2.57169e+11  1.12794e+12  3.02233e+12
 4.26257e+12 -1.59504e+13  6.82452e+13 -9.21359e+11  3.35354e+12 -7.49827e+12 -1.16318e+13 -5.67356e+12  7.20792e+12  5.01651e+12  9.16791e+12 -4.65999e+12 -1.39211e+13 -6.29517e+12  2.09191e+13 -3.51227e+12  2.29746e+11  6.88183e+12 -3.00736e+12 -2.31443e+12  3.80828e+12  -1.0733e+12 -4.44765e+11 -1.05112e+12  2.79412e+12  3.30238e+12  1.04884e+12 -1.84616e+12 -1.57476e+12  8.25974e+12  7.86099e+11  1.44398e+12 -2.41342e+12  6.06902e+12 -1.93584e+12 -1.87278e+12  2.44023e+12  3.74678e+12 -5.93791e+12   2.3787e+12 -1.47948e+12  3.22039e+12  1.20659e+12 -1.57833e+12   6.3862e+12  4.53242e+12 -2.53419e+12 -1.06479e+12 -1.45618e+12 -1.89331e+12 -3.03755e+12 -2.62405e+12 -2.65908e+12 -2.75924e+12 -9.43509e+12  3.76881e+12 -1.21246e+12  -2.9033e+12  3.34222e+12 -3.79614e+12 -2.05031e+12 -2.33809e+12  1.38968e+12 -8.36421e+12  1.64447e+12  -1.1998e+12  8.57733e+10  -1.8165e+12    4.704e+12  -3.4554e+12  5.54485e+12 -1.95368e+12  3.17038e+12 -5.75782e+12 -3.57729e+11 -2.07347e+12  -9.5933e+12 -1.21698e+12 -2.43924e+12  2.20179e+11 -5.01775e+11  5.58049e+11   5.2639e+10 -7.43017e+11  2.23559e+12  3.11231e+12  -4.0287e+11  3.84934e+12 -1.18677e+13  1.88201e+12   3.8541e+12 -6.75646e+11 -9.83792e+11   4.9058e+12  2.90891e+12 -2.42767e+12 -1.98398e+11  6.23237e+12  5.03388e+12 -2.18916e+12 -5.84649e+12 -1.37852e+12   1.4188e+12  4.12527e+12  2.29713e+12  4.82746e+12 -1.80331e+12 -3.90963e+12 -2.18592e+11 -2.50921e+12 -2.65277e+12 -1.64441e+12  6.25503e+12 -2.84377e+12 -1.54652e+10 -5.29818e+11  3.98895e+12 -1.81802e+12 -3.97027e+11 -5.61066e+12   5.3371e+11 -1.12434e+12  3.65955e+12  4.81992e+12 -6.02217e+10  6.53674e+12 -6.04662e+12   2.8224e+12 -3.23584e+12  5.79293e+11 -7.63657e+12 -4.13123e+12  4.21194e+11  3.12097e+10   4.7941e+12  6.61594e+11  2.17455e+12  5.52997e+12  -2.9448e+12 -4.63301e+12 -5.38938e+12  5.42054e+11  3.76764e+12  -3.8789e+12  2.66476e+11 -3.51401e+12  2.68852e+12  7.67179e+11  6.54054e+12  3.11867e+11 -6.36595e+11 -1.67691e+11 -4.13962e+12  2.09935e+12  5.20999e+12 -6.99213e+12  6.97414e+11 -1.64107e+12 -2.13111e+12  1.77684e+12  2.72244e+12 -4.00279e+11  1.52907e+12 -3.23356e+12
-2.35179e+12  1.71111e+13 -9.21359e+11  8.68372e+13  1.24962e+13  6.92395e+12   6.8731e+11 -5.66723e+12 -1.07891e+13  1.04392e+13 -1.39653e+11 -2.97883e+11  8.90357e+10 -3.32331e+11    -2.18e+12    1.084e+13  4.60958e+12 -2.65672e+12  3.51147e+12 -3.77792e+11 -3.61988e+12 -1.53168e+12  2.34727e+12  1.91503e+12 -4.79434e+12  2.93258e+12 -4.42451e+12 -1.00208e+13 -1.39478e+12 -5.77097e+12  2.09642e+10  -3.3793e+12 -8.67559e+12  6.18289e+11 -1.90769e+12 -5.65232e+12 -7.25706e+11  6.30344e+12 -5.60366e+12  6.20259e+12 -3.30656e+12  4.12551e+12  1.57288e+12 -3.98113e+12 -2.05852e+12 -5.66859e+12  2.00582e+12   1.3728e+12  1.67066e+12 -2.37162e+12  1.76559e+12  7.69981e+12 -2.74725e+12  -1.4091e+12 -2.24081e+12  4.38604e+12   5.9693e+11  -3.2413e+12 -4.66107e+12  -4.0408e+12  5.45277e+11 -1.34525e+12 -2.71023e+11 -1.52579e+12 -8.41306e+12 -8.79642e+11  1.15355e+13 -8.08382e+12 -2.01625e+12 -2.79026e+12 -1.19657e+12   3.8383e+12 -4.91434e+12  2.71418e+12 -5.17995e+12 -7.92439e+12 -1.27994e+12  6.16786e+12 -6.03253e+12 -1.04274e+12 -4.61998e+11 -3.45554e+12  6.54538e+11   1.8886e+12  6.10759e+11  3.37414e+12  4.65834e+12 -5.63549e+12  3.27169e+11 -1.05681e+13  3.50126e+12  2.31162e+12  3.05172e+12 -4.89378e+11  7.88025e+12  4.92678e+12  1.17231e+11  6.06343e+12  1.63633e+12 -2.82089e+12  5.34472e+12  7.04827e+12  2.19625e+12  -1.4725e+12 -3.37476e+12  1.01086e+13  4.52004e+12 -5.68505e+12  9.49844e+12 -6.10846e+12  2.57115e+12 -1.27495e+12 -4.29067e+12  1.27202e+11 -1.47079e+12  9.15659e+12  5.71538e+12 -2.80932e+12  1.68553e+12 -1.39843e+12 -1.22194e+12  2.39328e+12   8.3538e+12  -1.6681e+12  2.68664e+12 -1.00112e+13  1.08965e+12 -3.85507e+12  1.91355e+12 -5.29637e+12  3.62964e+12 -2.19442e+12  -5.0772e+12 -2.79299e+12 -1.56524e+12 -5.39944e+12 -1.00764e+11 -2.18451e+12  3.38878e+12  1.23067e+12 -2.26742e+12  2.44398e+12  2.00409e+11  1.30629e+10  3.29558e+12 -6.77042e+12 -5.28325e+12 -1.36694e+11 -3.90124e+12 -9.87364e+11 -2.41014e+12  2.40977e+12 -6.47096e+11  6.83911e+11  1.99481e+12 -1.06981e+12  8.71714e+10 -1.16966e+12  2.54672e+12 -3.16787e+12 -2.38377e+12  -6.9573e+12   1.0723e+12 -4.60226e+12
  1.7692e+12  1.14001e+13  3.35354e+12  1.24962e+13  6.68805e+13 -1.03223e+13 -3.78632e+12 -4.09762e+12  7.02346e+12  5.73468e+12 -7.17515e+12 -5.22303e+11  7.88438e+11   4.0569e+12  -1.2346e+12  7.78067e+12  -2.0215e+12 -7.44768e+11 -1.03116e+12  3.31977e+12 -2.75595e+12 -4.31544e+12  4.21057e+12 -8.50352e+12   2.3729e+11  6.30268e+11 -9.07856e+12 -3.60726e+12 -4.11715e+12  -1.6255e+12 -4.22374e+12 -9.12984e+11 -3.38568e+12 -1.76486e+12 -5.92293e+12  2.91667e+12  1.37944e+12  2.88098e+12 -9.46818e+11  4.11843e+12 -1.95798e+12  6.08453e+12  2.23956e+12  1.79058e+12 -2.88026e+12 -8.56541e+12  4.99508e+12 -3.17156e+12  4.53843e+12  1.45044e+12     2.57e+12  6.83495e+12  1.80019e+12  -1.1532e+12  -4.6599e+12 -1.14399e+12  2.27043e+12 -4.04897e+12  -6.0572e+12  -3.1824e+12 -9.95247e+11 -8.46868e+12 -5.29912e+12  1.91958e+12 -3.73098e+12 -2.53381e+12 -2.37168e+12 -7.59273e+12  4.67862e+12  -5.4837e+12  1.62319e+12  3.98812e+12  3.45018e+11    1.462e+12 -5.03494e+12  1.89049e+12 -3.13898e+12 -3.21281e+11 -5.58032e+12 -1.63153e+12  4.89329e+12   1.6614e+12  9.96479e+11 -5.99737e+12  7.97576e+12 -1.23792e+12  3.42713e+12  3.93696e+12 -4.30123e+12  -1.3494e+12   4.0493e+11     1.82e+12  4.16081e+12 -3.22151e+12  3.27304e+12 -1.55326e+12  -1.4725e+12 -1.26874e+12 -9.64459e+11  4.81191e+11  2.75177e+12   5.0891e+12 -5.50345e+12 -1.65872e+12  -1.6261e+12  4.86774e+12  4.88899e+12 -3.45965e+12  2.70785e+12  2.44464e+12   4.5685e+12  1.86902e+12 -5.03711e+12   3.6769e+12  1.78478e+12 -7.81747e+11  6.50845e+12 -2.04887e+12 -2.20917e+12 -3.34556e+12 -3.03769e+12  5.84066e+12  1.77696e+12  1.85351e+11  1.43036e+12 -3.26574e+12  2.22048e+12  1.94504e+12 -1.82579e+12 -3.37134e+11  7.10486e+12 -2.60031e+12 -3.79916e+12 -4.24761e+12  3.46234e+12 -5.12867e+12  2.21132e+12  -1.5196e+12  4.42641e+12    1.525e+12  1.81379e+12  2.20042e+12 -6.85905e+12  4.65746e+12 -6.51976e+11 -3.37398e+12  1.24104e+12 -5.59043e+12 -4.75409e+11 -2.07083e+12 -3.26468e+12  4.44612e+11  4.12635e+12  1.58127e+12  4.23181e+12  -1.2706e+12  1.43237e+11 -3.91491e+12 -2.10522e+12 -3.63128e+12   2.0392e+12  1.76329e+12  4.13799e+12 -1.66764e+12
-2.45109e+12  8.65694e+12 -7.49827e+12  6.92395e+12 -1.03223e+13   7.5226e+13 -6.79619e+12  8.48047e+12 -1.06613e+12 -6.63201e+12 -1.01581e+13  2.36708e+12  2.07454e+12 -7.39587e+11 -1.82332e+12  1.58275e+11 -2.13162e+12 -5.38247e+12 -1.59805e+12  1.00817e+13 -8.20178e+11 -9.63243e+12 -7.45562e+12   3.8828e+12  1.13563e+12  6.71938e+12 -3.30196e+11  2.48561e+12  3.77414e+12 -4.42995e+12  2.60415e+12  -2.5163e+11  1.67379e+12  1.94488e+11  -8.5402e+12 -1.34833e+11 -3.22587e+12  2.94785e+12 -5.67788e+12 -1.31012e+12  5.19877e+12  5.79999e+12  7.83189e+11  2.00026e+12  4.81976e+12  4.54521e+12  3.94909e+11  4.44938e+11  1.80952e+12 -3.13338e+12  2.71546e+12   6.6092e+11  5.57556e+11 -5.18729e+12 -4.94763e+12  -3.5461e+12  5.31606e+12  5.95756e+12  5.94513e+11  6.85591e+12  3.12554e+12 -2.54301e+12  2.63586e+12  1.12237e+12  3.86552e+11 -1.38063e+12 -1.01596e+12 -5.01755e+12  2.95622e+12 -1.52546e+12  2.41192e+12  4.02962e+12   4.7817e+12 -2.49041e+12 -4.77008e+12 -1.35472e+09  4.12292e+12 -1.25149e+12 -1.34319e+12  3.20222e+12   4.8945e+11 -5.75591e+12  2.98164e+12   7.0908e+10 -8.43018e+11  2.11965e+12  1.66425e+11 -7.06062e+11 -3.82208e+12 -4.43375e+12  2.05651e+12 -2.91459e+12 -5.01982e+11 -4.90961e+12 -2.84436e+12  8.61608e+11  2.80473e+12    3.181e+12 -6.07712e+12 -2.14882e+12  6.41888e+12   1.7744e+11  7.45333e+11 -5.68301e+12 -3.75542e+12  1.17038e+12 -4.87782e+12  4.52141e+12  1.21564e+12  1.90977e+12 -4.21996e+12  2.35641e+12 -3.33732e+12  6.42288e+11 -1.98356e+12 -6.00523e+11 -3.36298e+12 -9.42664e+11  3.07636e+12  1.89793e+11  1.02027e+12 -3.29182e+12 -2.88153e+12 -6.63596e+12 -1.49407e+12 -8.71161e+12  3.67872e+12 -6.38923e+12  1.14664e+12 -9.03861e+11  2.93955e+12  3.89802e+12  1.77504e+12 -2.20602e+12  3.49461e+12  3.29288e+12  3.69026e+12  1.46437e+12 -2.37134e+12  2.20886e+12  5.53299e+12  3.67198e+12 -4.27162e+12 -3.11004e+12 -2.05522e+12  1.54791e+12   3.7539e+12  9.93319e+11 -2.71298e+12 -5.62713e+11 -7.73977e+11  4.47793e+12  -4.9698e+12  1.16722e+12 -5.02833e+12 -4.19987e+12 -6.83454e+12 -1.08922e+12 -2.37714e+11 -1.43861e+12 -1.91177e+12 -5.91965e+11  -3.0196e+11 -3.25111e+12
-1.13079e+13   3.3264e+13 -1.16318e+13   6.8731e+11 -3.78632e+12 -6.79619e+12  9.75481e+13  1.38849e+13  6.12807e+10 -2.01245e+12  4.98406e+12 -4.43872e+12  2.16599e+13 -1.02292e+13 -2.07745e+13    3.131e+12  4.79497e+12 -3.09385e+12  1.74539e+12 -6.07765e+12 -4.01665e+12  4.85728e+12 -7.03429e+12 -1.00891e+13  4.88646e+12 -4.15305e+12  5.22986e+12  1.28703e+13 -2.82317e+10 -6.98369e+11 -3.12991e+12 -2.43403e+11  6.26696e+12  4.67792e+11  -9.1031e+12 -6.25006e+12  3.38073e+12  1.03105e+13  6.23035e+11 -3.45783e+12   1.7708e+12 -1.28166e+12 -1.13182e+12   1.7207e+12 -3.79205e+12 -6.17377e+12 -3.64752e+11 -3.10489e+12  5.72185e+12 -4.00523e+12  6.95752e+12 -4.29223e+12 -2.42227e+11  5.59186e+12  6.64455e+12 -1.22533e+12 -1.06177e+13 -3.63137e+12 -3.01671e+12 -4.66709e+12  3.79264e+09 -2.98065e+12  3.41085e+11  1.81148e+11    1.672e+12 -4.43304e+12  3.39565e+12 -1.58294e+12 -1.34905e+12 -1.10879e+12 -1.78305e+12 -7.72872e+12   4.5942e+12  5.72834e+12 -3.07302e+12 -3.93126e+12  7.82886e+11  5.60962e+12  1.18381e+11  -5.1617e+12  1.86744e+12  6.34942e+12  7.58187e+12 -8.44181e+12  2.79681e+12  2.19871e+12 -5.98348e+11  4.69065e+12  -3.7793e+12 -2.37369e+12 -6.85173e+12 -7.09662e+11  2.01482e+12 -2.11351e+12 -1.33918e+12  1.36011e+12 -6.94865e+12 -3.26006e+12  7.28615e+12  6.80747e+12 -2.90354e+12   7.0584e+12  3.30329e+12 -4.31463e+12  3.40578e+08  -8.3387e+12  1.27701e+10    3.728e+12  7.42615e+12 -9.49931e+11  7.09001e+12 -3.61052e+12 -2.61939e+12 -3.80976e+12 -1.53609e+12 -1.47528e+12 -9.52074e+11 -2.14256e+12 -1.05267e+12  1.39141e+12 -1.78141e+12  6.37612e+11  1.44479e+12  1.44635e+12 -2.72867e+12  6.00478e+12 -7.12525e+12  2.82583e+11 -2.76043e+12  1.15967e+12  6.59377e+12   1.5423e+12 -5.68517e+12  -4.3847e+12 -7.84978e+12  -3.2132e+12 -9.38232e+12 -6.57396e+11  1.91151e+12 -1.17527e+12 -1.38374e+12  3.12095e+12  5.84158e+12  2.66461e+12  6.78823e+12  2.08457e+12    6.599e+11  2.50821e+11 -6.15848e+12  7.66067e+12  4.85318e+12 -1.69232e+12   1.7686e+12  9.28568e+11 -1.44078e+12  4.23596e+11 -4.66627e+10  5.93258e+12  3.34254e+11  8.46458e+11  -1.0188e+12  9.20026e+11  2.29018e+12 -2.15343e+11
-6.70282e+12  1.49635e+13 -5.67356e+12 -5.66723e+12 -4.09762e+12  8.48047e+12  1.38849e+13  9.47693e+13 -1.35653e+13   1.6711e+12  5.04989e+12 -7.97424e+12  1.02823e+13 -5.11397e+12 -9.98258e+12  3.19136e+12  1.89667e+12  9.96908e+12  2.80227e+11  6.43068e+12  1.14011e+12  9.86316e+12 -1.51297e+13  5.76714e+12  2.49857e+12  2.73257e+11  3.37068e+12  7.58268e+12  4.88812e+12 -1.26389e+13  5.78928e+12  9.55789e+12   6.1642e+12  -5.1739e+12  9.19307e+11 -5.63289e+12 -8.28628e+12  8.03676e+12 -3.03835e+12 -2.36396e+11 -4.39514e+12  8.26308e+10  1.50908e+12  1.70075e+12  7.49955e+12  6.74628e+12 -3.63415e+11  3.47666e+12 -3.13951e+12  2.16909e+12  3.58202e+12 -3.06066e+12 -2.26561e+12  8.41539e+09  5.59182e+12   1.7119e+11  2.11266e+12 -1.00668e+12  4.36276e+12  1.66416e+12 -1.95569e+12  5.61041e+12  2.19875e+12  9.68372e+11 -2.18844e+12   5.8255e+12  3.26242e+11 -2.36492e+12  5.77666e+12   6.2984e+12  2.63916e+12 -6.34775e+12 -3.51461e+12  3.08128e+12 -2.14289e+12 -6.83168e+12 -2.54591e+12  3.55767e+12 -4.31833e+12 -9.77802e+11 -2.29463e+12  4.84233e+12  5.45925e+12  2.16728e+12 -2.30231e+12  8.27706e+12  9.07887e+11  9.57862e+11 -2.30262e+12  6.67124e+11 -5.26584e+12 -2.77525e+12 -7.51113e+11   -1.271e+12  -7.7374e+12 -6.49693e+12  1.17845e+12 -1.01948e+12 -6.72666e+11  2.08936e+12  2.63517e+12  7.11807e+12  7.01479e+12  6.29485e+11  7.12558e+12   -6.556e+12 -7.00465e+12 -4.39621e+12 -8.95782e+12 -1.89118e+12  2.13797e+11 -2.83664e+12  3.98565e+12 -6.03982e+12 -5.89809e+12 -1.48257e+12  6.22097e+12  1.21607e+12 -3.41277e+11  1.79479e+12  8.93352e+11  5.85091e+12 -6.17362e+12 -1.88448e+12 -4.17038e+12  1.69103e+12   7.3296e+12  4.04271e+12  3.44372e+12  6.61407e+12 -5.29716e+12  1.94295e+12  7.35587e+12 -5.78175e+11 -3.35235e+12 -1.06698e+12  3.94618e+12 -2.57288e+12 -6.07646e+12  5.78619e+12 -1.03898e+13 -3.08024e+12 -1.99345e+11  3.00132e+11 -3.60682e+12 -7.82862e+11  6.92193e+11  4.70629e+12   1.7863e+12 -1.48723e+12 -2.16463e+12 -2.35658e+11 -1.12894e+12  -3.9586e+11 -1.81648e+12  4.45966e+12  7.35919e+12  7.36462e+12  4.38872e+12  1.36028e+12  -4.6837e+12  9.30993e+11   1.6296e+12 -1.84448e+12
 1.62164e+12  3.19529e+12  7.20792e+12 -1.07891e+13  7.02346e+12 -1.06613e+12  6.12807e+10 -1.35653e+13  8.08353e+13  2.57608e+12 -1.03276e+12 -8.44973e+12  3.68742e+12  1.68289e+11 -6.17587e+12 -8.70541e+11  7.47466e+12 -7.42098e+12 -1.31873e+12 -1.52242e+11  7.09709e+12 -8.18615e+12 -2.77445e+12 -5.04181e+12 -1.19536e+12 -1.22791e+12 -1.52318e+12  -2.1108e+11 -6.69004e+12  4.77687e+12 -1.84858e+12   2.4526e+12 -1.17327e+12 -5.64189e+12  8.78518e+10  7.08648e+12  2.28539e+12 -4.20082e+12 -1.65138e+12 -1.81812e+12    2.101e+12  -3.2743e+12 -5.48494e+12 -1.63094e+12 -1.82363e+12 -9.15535e+12  5.49863e+12 -1.34346e+12  1.30069e+11 -6.67688e+10 -3.08061e+12  4.17994e+11 -5.55845e+12  1.20515e+12 -2.48549e+12 -8.83004e+12 -5.51345e+12 -1.29078e+12 -2.32574e+12 -1.29717e+10 -2.69137e+12 -3.34512e+12   3.9827e+12  1.90754e+12  3.16274e+12 -1.00369e+13  2.13314e+12  1.74128e+12  8.04266e+12 -1.29815e+12 -1.04715e+12 -5.35885e+12 -2.35514e+12  1.27643e+12  6.09508e+12  5.08743e+12 -7.54049e+11  2.95627e+11   8.6588e+11  2.03991e+12 -2.57674e+12  3.52396e+12 -6.68131e+12 -8.52887e+12 -2.65897e+12 -1.04723e+12  2.24945e+12 -1.80403e+12  5.02603e+12 -1.51078e+12  3.09302e+12 -9.94287e+11  6.12808e+12  6.37496e+11   1.9346e+12  9.44117e+11 -1.80562e+12  2.83927e+12 -9.59745e+12  3.91165e+12 -1.61643e+12 -2.40927e+12     -5.4e+12  2.86202e+12 -1.58211e+12 -2.02014e+12  2.45701e+12  5.04055e+12 -2.04375e+11  1.79819e+11  4.73766e+12 -3.32568e+12  3.77335e+11  7.96021e+11 -2.94937e+12 -3.02187e+12 -1.18568e+12 -2.84289e+12 -2.08599e+11 -5.67005e+12  4.94748e+11  3.81383e+12  5.80906e+12 -2.94803e+12  4.45505e+12  1.97865e+12  9.68173e+11 -5.37344e+11  9.85567e+11 -2.69913e+12 -3.83468e+11 -7.50416e+12 -8.83325e+12  3.91724e+11 -2.02101e+12 -4.61458e+12 -7.27414e+10 -6.06674e+12  5.44531e+12  2.09245e+12  5.51091e+12  3.23297e+12 -7.38623e+11 -2.70963e+12  -7.4761e+12  5.66441e+12 -3.11326e+12 -4.86995e+12  6.07854e+12  4.15449e+12  3.75345e+12  1.83564e+11  2.59395e+12  1.25883e+12  1.88789e+12 -3.20494e+12 -1.67349e+12 -3.80359e+12  -2.7083e+12 -4.31756e+12  4.07678e+12  2.99948e+12  5.89757e+12  8.76777e+12
 -1.2731e+12  3.71549e+12  5.01651e+12  1.04392e+13  5.73468e+12 -6.63201e+12 -2.01245e+12   1.6711e+12  2.57608e+12  8.34223e+13  1.24394e+12 -5.53223e+12 -4.82393e+12  2.80368e+12 -6.29267e+11 -4.52105e+12 -7.34241e+12  1.52346e+13 -5.56564e+12 -1.28311e+12 -3.25494e+12  7.12159e+12  3.40906e+12 -1.01384e+11  4.06863e+12 -3.22195e+10 -5.17532e+12 -4.84857e+12 -1.33469e+13 -4.51234e+12  2.95709e+12 -1.84115e+12 -5.30188e+12 -1.78002e+12  3.34089e+12  7.74362e+12 -3.70554e+12   2.3039e+12 -6.18012e+12  4.57356e+10 -5.57146e+12  1.19402e+12  5.08216e+12 -5.97892e+12  1.63435e+12  4.69106e+12 -1.44205e+12  3.84971e+12 -3.73806e+12  7.83327e+12 -2.06251e+12 -1.22136e+12  6.69538e+11  6.99238e+12 -2.88196e+12    3.732e+11  2.78885e+12 -6.18979e+12  2.15758e+11 -6.00445e+12 -1.87932e+12 -2.66885e+12  2.50486e+12 -5.82762e+12 -3.74242e+12  8.40538e+11  5.07298e+10 -6.98359e+11  6.86092e+12  -2.1092e+12  3.29153e+12 -2.77493e+12  3.30622e+12 -1.80911e+12  6.23775e+12 -1.50246e+12 -5.74085e+12 -1.72215e+12 -5.33291e+12  4.13703e+12 -1.74564e+12  3.22265e+12 -2.75263e+12  2.16493e+12  4.83004e+12  3.26878e+12 -1.25536e+12  3.23813e+12 -1.61584e+12 -2.59536e+11 -6.73039e+11  2.63304e+12 -2.02349e+12  1.31468e+13  1.56622e+12 -7.55029e+12 -3.19152e+12 -2.11157e+12  3.97792e+12 -7.00448e+12  5.25888e+11  2.26794e+12  1.05022e+12  5.85451e+12  2.61415e+12 -3.60311e+12  1.74482e+11 -2.32228e+12  4.65689e+11 -2.24332e+12  4.00748e+12 -3.35344e+12  4.08004e+12  1.07383e+12   3.7576e+12 -3.69205e+12  1.11638e+12  1.72964e+12  2.70534e+12 -3.52303e+12 -6.21852e+12  5.25091e+12  -3.3089e+12 -1.97918e+12  3.01178e+12  1.21451e+12 -3.31024e+12  1.96218e+12  2.99658e+12  -2.2889e+12 -4.98672e+12 -3.53117e+12 -2.34765e+12 -3.40131e+11 -4.25244e+12  3.35893e+12 -7.95261e+11  4.42748e+11  7.97017e+11  2.35629e+12 -7.25018e+12   5.3819e+12 -9.84406e+12  7.11175e+12 -8.68709e+12  1.82521e+12  3.38335e+12 -1.22279e+11 -3.22425e+12  2.18444e+12   6.4544e+12  5.16049e+12  1.17288e+13 -3.46072e+11  1.65055e+12    4.178e+11  -1.7305e+11 -4.14033e+12 -3.06136e+12 -2.37664e+10  -4.9778e+12 -1.11654e+12  3.71627e+12  2.04727e+12
-1.83042e+12 -1.60385e+13  9.16791e+12 -1.39653e+11 -7.17515e+12 -1.01581e+13  4.98406e+12  5.04989e+12 -1.03276e+12  1.24394e+12  9.95735e+13 -4.44027e+12 -3.32561e+12 -1.20711e+13  1.27562e+13  6.18403e+12  5.02801e+12  9.82495e+12  6.96583e+12 -1.24124e+13 -4.98021e+12  8.54417e+12 -6.71314e+10 -1.13015e+12  6.50409e+12  1.99248e+12  9.43063e+12 -7.04366e+11  9.05502e+11 -2.03228e+12  8.68097e+12  1.71013e+12  1.16661e+12   9.3815e+11  4.90242e+12 -9.92051e+12 -1.14239e+13  1.21401e+13 -2.19729e+12 -3.72824e+12 -7.92604e+12  1.75418e+12 -2.03528e+12 -1.54755e+12  4.89088e+12 -3.69532e+11 -3.40839e+12  3.51536e+09 -8.61717e+12  7.45381e+11 -8.83177e+12  -5.6458e+12  1.28637e+12 -3.97736e+12  3.99035e+12  3.01636e+12 -1.76127e+12  2.54824e+12 -1.09775e+12   5.7604e+12 -4.12269e+12  5.71459e+11   5.7049e+12  7.91954e+12 -8.72898e+12  5.21403e+12   3.9517e+12  2.85128e+12  5.13078e+12 -3.58912e+12  6.75261e+12   3.4188e+12  -3.6585e+12 -1.85653e+12    1.154e+12 -1.10143e+13 -3.07696e+12 -3.00068e+12  4.45554e+12  5.53637e+12 -1.57894e+12 -3.78542e+12  4.52107e+12 -7.75578e+11 -3.49413e+11  1.52819e+12  1.57631e+12 -6.85705e+12 -2.26843e+12  5.58568e+09 -5.25292e+12  1.06659e+12 -3.17729e+12  2.56003e+12  3.41711e+12 -4.16684e+12  1.67197e+11  9.21615e+12 -2.44279e+12  3.21001e+12  2.81921e+12 -4.45174e+12  3.49969e+12  5.87882e+12 -4.67083e+12 -3.36731e+12  6.13313e+11 -3.44846e+12 -2.48235e+12 -1.99365e+12  9.61458e+11 -3.87036e+12  -1.9737e+12 -4.51551e+12  7.93861e+11  3.63018e+12 -5.88483e+12 -4.30604e+12 -1.96227e+12 -1.67365e+12  -2.4463e+11 -3.70743e+11 -1.15721e+12 -6.01651e+12 -4.70426e+12  8.79871e+11   4.9154e+12 -3.39157e+12  1.41707e+11 -1.40121e+12 -1.19479e+12  2.05593e+12  1.50908e+12  6.86033e+12 -5.45493e+12   8.4318e+12 -8.99783e+11   -7.359e+12 -1.13119e+13 -1.40016e+12 -7.96896e+12 -5.16489e+12  2.26294e+11  4.33569e+12 -2.72785e+12 -3.22161e+11  2.23082e+12  6.39142e+12  6.24761e+12 -1.81583e+12 -6.26975e+12   1.2667e+12 -4.88823e+12  5.75991e+12 -5.60549e+12  5.06907e+12  2.05101e+12   7.5325e+11 -4.28388e+12  3.71083e+12 -3.47488e+12  -3.3835e+12 -2.75286e+12 -8.25413e+12
-2.63243e+12  9.26174e+12 -4.65999e+12 -2.97883e+11 -5.22303e+11  2.36708e+12 -4.43872e+12 -7.97424e+12 -8.44973e+12 -5.53223e+12 -4.44027e+12  8.53532e+13 -8.83338e+12  1.90129e+11 -1.71396e+12  3.34354e+11 -2.33548e+12 -7.17525e+12 -3.22831e+12 -2.07833e+12 -1.48168e+12  2.70431e+12 -4.04389e+12 -2.28809e+12 -2.41713e+12  8.58741e+12  1.22237e+12 -6.59943e+12 -1.25095e+12 -3.42477e+12  2.10461e+12 -4.27585e+12  1.58129e+12 -4.93007e+12 -4.58345e+12  1.04526e+12  6.71349e+10 -2.92998e+11  7.78441e+12 -2.14141e+12  6.62279e+12 -8.28402e+12  6.39118e+12  2.70467e+12 -1.03949e+13  9.49158e+12  3.59835e+12 -2.93639e+12 -6.48163e+12  1.96023e+12  1.90949e+12  1.31041e+11  2.71991e+12  2.37718e+12 -7.56721e+11 -2.75992e+12  4.91052e+11  4.65397e+12 -5.79208e+12  1.45879e+12  8.18823e+12  3.20963e+12  3.67864e+12  4.09235e+12  1.95455e+12  5.35328e+12  3.19971e+11  5.99625e+12 -2.26127e+12 -2.67001e+12 -2.00042e+12   2.8153e+12 -5.66177e+12  2.86511e+12  7.56024e+12 -1.73122e+11  9.33437e+12 -2.80921e+12  9.94248e+12 -5.50125e+11 -3.09975e+11  8.90036e+11 -4.59913e+11  2.32044e+12 -5.09298e+12 -1.15613e+12  -2.1239e+12  -2.2667e+12  8.69969e+12 -7.80438e+11  2.08383e+12 -2.61874e+12 -3.18977e+12 -1.79731e+12  2.70798e+12 -1.34692e+12 -6.78481e+12 -3.27536e+12 -1.92333e+12 -3.35842e+12  6.44724e+12  -9.3757e+12 -1.24328e+13 -4.40569e+12  5.02726e+12  4.56518e+12  3.53183e+12 -1.77765e+12  3.45493e+12 -5.52128e+11 -1.61871e+12  1.15186e+12  2.76065e+12   1.6497e+12  1.89168e+12 -8.81936e+11 -3.42234e+12  6.89559e+12  3.34448e+12 -2.24465e+12  5.29712e+11  -5.4934e+12 -1.63921e+12 -2.63816e+12  8.43302e+11 -3.44928e+12 -1.12195e+12  3.59526e+12 -5.76917e+12 -7.17478e+12  3.32277e+12  5.43577e+12  4.97284e+12  3.17746e+12  3.91358e+12  -8.2918e+11 -3.72473e+12  3.58243e+12  5.52488e+12  1.07693e+13 -5.02827e+11  1.46156e+12 -1.61179e+12  1.36839e+12  3.20942e+12  1.06342e+13 -1.73778e+12 -1.85869e+12 -4.09709e+12 -6.07776e+12 -4.52483e+11 -6.29031e+11  3.71686e+12 -6.66656e+12  2.15055e+12  1.15621e+12 -1.67953e+12  7.35395e+11 -4.38574e+12 -1.03839e+12  1.16696e+12 -4.26308e+12 -6.27005e+12 -2.28013e+12
-7.92122e+12  1.33025e+13 -1.39211e+13  8.90357e+10  7.88438e+11  2.07454e+12  2.16599e+13  1.02823e+13  3.68742e+12 -4.82393e+12 -3.32561e+12 -8.83338e+12  1.06481e+14 -2.28816e+12 -1.69391e+13 -2.45377e+12  6.53117e+12 -2.80005e+12  1.03729e+13  4.73056e+12 -8.52002e+11  1.96953e+12 -5.28732e+12  3.81399e+12 -2.09014e+12 -8.39811e+11  1.50742e+13 -4.04811e+12 -2.51918e+12  1.56743e+11  3.38489e+12   1.0148e+13  7.95344e+11 -6.09998e+12   3.2425e+12 -4.48603e+12  4.63805e+12 -6.04371e+12  4.78881e+12 -3.27946e+12 -7.45247e+12    5.978e+12   -3.438e+12  1.04583e+13 -5.56869e+12 -4.14077e+12  8.88794e+12 -2.66867e+12 -4.98181e+12 -4.60186e+10  2.52552e+12  -3.0573e+12  2.80832e+12 -1.85993e+12  4.32212e+12 -3.64583e+11 -1.04953e+13 -3.62609e+12   1.2895e+12 -1.00345e+12 -1.04587e+13   -6.157e+12  -6.9718e+12 -5.11457e+12  4.73531e+11 -6.72487e+12  6.94083e+12 -1.59642e+12 -7.74978e+11  5.06336e+12 -1.43928e+12 -4.30412e+12  3.69366e+11  2.32225e+12 -4.89515e+12  8.76367e+11  8.86304e+12  6.53289e+12 -3.40694e+12  5.25937e+12  4.75775e+12  8.34869e+11  5.98955e+12 -2.50862e+12  1.29582e+12  1.32151e+12  3.04173e+12  1.13418e+12  1.50121e+12 -4.54169e+12 -1.11608e+12 -3.00211e+12 -3.52939e+11 -5.50844e+12  2.26304e+12  4.39822e+12  6.98413e+12 -2.43308e+12  -4.3252e+12  2.69656e+12  3.79603e+12  3.89098e+12 -8.11574e+11  8.41156e+12  -1.7888e+12 -2.29258e+12  3.72145e+12  4.03362e+11  2.86827e+12  5.00967e+11  1.71344e+12  3.09937e+12 -1.33498e+12  4.66669e+11 -2.54343e+11 -2.91896e+12  4.21119e+12  -3.9036e+12 -9.79525e+12  6.43979e+12  1.50656e+12   2.5886e+12 -3.31884e+10  -8.0958e+11 -7.08126e+12 -3.09594e+12  6.32149e+12   -3.236e+12  3.24124e+12  8.39594e+12  3.54781e+12  9.75625e+11 -3.77576e+12  9.69189e+11 -1.09185e+13 -1.59321e+12 -3.68004e+11 -2.50062e+12   -3.414e+12 -2.70012e+12  6.77823e+12 -2.76627e+12  3.40978e+12  6.00771e+12  2.66958e+12  -5.9917e+12 -1.16275e+12 -8.88797e+11  4.55774e+12  6.70175e+12    5.964e+12 -9.67457e+11  4.36205e+12  -6.9271e+12 -1.41435e+12 -5.15887e+12 -3.86393e+12 -1.04152e+12  4.75575e+12 -3.35382e+12   3.3288e+12 -3.18471e+12  1.91194e+12  2.19857e+12
 2.59739e+12  -8.8035e+12 -6.29517e+12 -3.32331e+11   4.0569e+12 -7.39587e+11 -1.02292e+13 -5.11397e+12  1.68289e+11  2.80368e+12 -1.20711e+13  1.90129e+11 -2.28816e+12   8.4927e+13  4.18314e+12 -3.97201e+12  1.77848e+11 -2.30058e+12 -2.41218e+12  8.37967e+12 -5.55661e+11 -1.16224e+12  8.69901e+11   2.0551e+12  4.05215e+12  2.03057e+12 -9.98202e+12  3.41993e+12  1.09205e+13  4.26444e+12 -6.21491e+12  2.75862e+12 -9.70397e+12 -2.71416e+12 -2.38049e+12  2.35865e+12  -7.9326e+10 -9.58717e+12 -6.58469e+11  7.10052e+12   8.9503e+12 -8.98636e+11  2.49715e+12 -6.31197e+12 -3.57372e+12  2.00587e+12 -7.36357e+12   3.6488e+12  -5.6328e+12  1.73916e+12 -3.24304e+12 -4.08421e+12  2.79429e+12  6.48519e+12 -5.02621e+11  9.77021e+12 -2.37006e+12  1.74752e+12  6.39861e+12 -8.08482e+11 -4.76357e+11  2.62959e+12  1.00792e+12 -5.53841e+12  2.35258e+12 -3.61899e+12  9.31756e+11  1.32261e+12 -6.76445e+12  1.64771e+12 -5.59181e+12   4.3394e+12  2.00609e+12 -3.04517e+12  6.12009e+11  1.07693e+12 -3.36314e+12   1.5584e+12  4.06342e+12 -3.12579e+11  3.02366e+12  4.86536e+11 -4.46534e+12  4.76228e+12  1.90308e+12 -2.76564e+12  7.41811e+12  2.34684e+12 -2.45756e+12  2.55287e+12 -3.69996e+12  7.27085e+12  4.14648e+12 -3.52906e+12  4.11154e+12  4.54857e+12  6.33279e+12  -3.5817e+12  3.88286e+12 -4.18707e+12  2.38973e+12 -1.23936e+12  -1.7973e+12   1.5478e+11  1.82859e+12   1.2411e+12  2.85451e+12 -2.65239e+11 -4.22119e+12 -1.60426e+12  5.06569e+12 -3.11261e+12 -6.45486e+11  6.77908e+12   -2.923e+12 -1.44093e+12  5.60381e+12  2.69963e+12 -7.55942e+11 -6.72465e+12 -4.51801e+12 -1.25654e+11 -3.45317e+11  7.32141e+12   4.3284e+12 -6.06935e+12 -2.01969e+12  7.56269e+12  2.16281e+12 -2.51586e+12  6.96787e+12  8.17201e+10 -2.95516e+12 -1.50241e+12 -4.53058e+12 -6.38475e+12 -3.48353e+12  7.37362e+11    9.942e+12 -6.10074e+12  4.25846e+12  3.33535e+12  7.13337e+11   3.7016e+12  3.00231e+12  1.03976e+12 -6.17348e+12 -5.33615e+12 -5.94872e+12  7.74958e+11 -3.00864e+12 -1.81288e+12 -3.65882e+12 -1.20331e+12  1.81518e+12 -2.80449e+11 -2.23283e+11  8.83744e+11 -4.92725e+12  9.61624e+11  4.00392e+12 -3.91246e+11 -3.26428e+12 -2.06265e+11
 8.92955e+12  -2.9132e+13  2.09191e+13    -2.18e+12  -1.2346e+12 -1.82332e+12 -2.07745e+13 -9.98258e+12 -6.17587e+12 -6.29267e+11  1.27562e+13 -1.71396e+12 -1.69391e+13  4.18314e+12  1.07544e+14 -5.24827e+12  4.32129e+12  1.42566e+11  4.13436e+11  9.19093e+12  5.55139e+11  1.28923e+12 -5.71017e+12  1.84107e+12 -1.93685e+11  4.35405e+12  1.42482e+12  2.97958e+12 -3.23773e+12   7.2269e+12  -6.0513e+12 -1.26834e+13 -4.08828e+12  8.77914e+12  1.32382e+12  8.64211e+12 -8.83032e+12   1.5825e+12 -5.63844e+12 -6.86591e+12 -5.71021e+12  5.42879e+12  2.58843e+12 -9.32217e+11  8.78011e+12 -8.59636e+12 -5.47651e+12   5.4771e+12 -8.80897e+11  3.36993e+12 -1.04491e+13 -3.59041e+12 -5.08626e+12 -8.38131e+12 -3.96758e+12  4.48699e+12 -2.03381e+12 -1.92681e+12 -7.32575e+12 -3.20832e+12 -5.18297e+12  3.38815e+12  1.97939e+11  -5.0555e+12  1.04301e+12  6.26915e+12 -4.06987e+12  7.36535e+12  1.42359e+12 -2.23136e+12  -1.8394e+11  1.57972e+12 -3.95647e+12 -5.30359e+12  1.44377e+12  1.59145e+12 -2.99331e+12   2.7871e+10 -2.82301e+12  9.31147e+12  3.98878e+11 -8.29457e+12 -2.99091e+12  1.30612e+13 -1.48835e+12  9.10294e+12 -1.34087e+12 -1.66361e+12 -1.18302e+13 -3.28459e+12  7.97099e+12 -2.00564e+11 -6.89186e+12   1.1992e+11  7.02255e+12  2.63383e+12  3.93136e+12  5.60486e+12  9.90833e+11  3.27422e+12  1.33475e+12  -3.1594e+12   4.0723e+12  9.36575e+12  1.78223e+12 -6.61977e+12 -9.60814e+11  4.13324e+12 -7.67402e+12 -5.32248e+12  1.48374e+12 -5.82142e+12  3.14396e+12  5.20939e+12  3.39296e+12 -1.84663e+12 -6.38913e+11 -7.84432e+11  2.22797e+12   4.5648e+11  2.14661e+12   2.3487e+12 -1.37062e+11 -8.57216e+11  1.01696e+13  -2.4633e+12  5.45766e+12 -2.47535e+12  3.70742e+12 -1.27144e+12 -2.73369e+12 -2.11904e+12  3.62893e+12  7.22606e+12 -2.87178e+12  3.66854e+12  4.45166e+12 -5.99895e+11  8.44223e+11  -3.1044e+12  -2.0753e+12  6.47975e+12 -1.26684e+12  8.60679e+11  2.80911e+12  6.33708e+12  7.06536e+12 -4.15625e+12  2.86622e+12  -3.8831e+11 -5.19363e+12 -3.45179e+12 -6.22493e+12 -4.17538e+12  4.11974e+12 -5.02971e+12  4.89651e+11 -3.99511e+12 -3.34122e+12  6.87004e+12  2.49136e+12  4.46396e+11  6.46206e+10  -5.5375e+12
-3.81289e+11  4.15912e+12 -3.51227e+12    1.084e+13  7.78067e+12  1.58275e+11    3.131e+12  3.19136e+12 -8.70541e+11 -4.52105e+12  6.18403e+12  3.34354e+11 -2.45377e+12 -3.97201e+12 -5.24827e+12  8.84769e+13   1.0203e+12 -1.34045e+12 -1.02587e+12  1.98966e+12   2.7067e+12  3.50284e+12  5.45604e+12 -3.32856e+12  -3.6112e+12  7.29958e+11 -3.90772e+12 -2.86288e+12 -7.50716e+11 -2.90992e+12  2.06939e+12  -1.7783e+12 -3.16254e+12 -2.34617e+12 -2.42891e+12 -6.22402e+12  5.05504e+12 -8.87254e+10 -5.73656e+12 -4.56541e+12  2.22782e+12 -6.56685e+12  8.67949e+12 -3.67193e+12   7.7701e+11 -4.23229e+12  1.13273e+13 -2.22317e+12 -4.50498e+11 -1.02632e+13  -5.7483e+11   6.8724e+11  1.41575e+12  1.87911e+12 -3.04658e+12 -1.42636e+12  1.63375e+12   2.1959e+12   -9.068e+12 -3.79951e+11 -1.79279e+12   1.4114e+12  4.25359e+12  3.42276e+12  2.48208e+12  4.61347e+12  1.88649e+12  1.22823e+10   5.3692e+12  2.55344e+12  5.52488e+12 -7.16728e+12 -1.94396e+12     3.03e+12 -3.21542e+12  1.19533e+12 -3.01629e+12 -5.42539e+12 -5.59495e+11 -7.98757e+11 -6.09885e+12 -2.97995e+12 -2.91197e+11  7.61426e+11 -6.57102e+12  7.72645e+12 -3.72874e+12 -3.64952e+12  2.24369e+12  -4.9758e+12  1.69309e+12    7.063e+12 -2.56425e+12 -2.48501e+11  4.68473e+12  7.28262e+12  -3.3535e+12 -5.90926e+11 -5.44953e+12  5.23616e+12  -6.5613e+11 -1.21883e+12  3.08342e+12 -2.25157e+12 -3.13804e+12  4.92397e+12  4.94753e+12 -5.74698e+12 -4.48195e+12 -2.65199e+12  2.12108e+12  1.42428e+09  7.67279e+11 -5.81467e+12  1.78652e+12  7.10741e+12  2.37981e+11 -4.08453e+12  9.85159e+11 -3.36194e+11 -1.13691e+12 -2.76633e+12  2.47019e+12 -5.14406e+11  2.04594e+12 -2.69613e+12  -3.0706e+12  2.15264e+11  7.17748e+12 -1.74456e+12 -1.97865e+12 -9.46769e+11  3.55551e+10  1.65856e+12 -9.96213e+11  5.33569e+11  1.06565e+12  5.53436e+12 -7.04096e+11  2.20278e+12   6.4256e+11 -1.41025e+11  1.19695e+12 -2.62943e+12 -3.91322e+12 -2.60932e+11 -1.04571e+12  5.07907e+12 -3.63187e+12 -2.31934e+12 -9.18906e+12  5.05572e+12  3.77576e+12   1.1784e+12  1.58377e+12  2.12292e+12  5.22438e+11 -2.89231e+12 -2.41258e+11  1.84433e+12  4.03721e+11 -1.68115e+11  3.35685e+12  -1.1586e+12
-3.31492e+12 -5.94039e+11  2.29746e+11  4.60958e+12  -2.0215e+12 -2.13162e+12  4.79497e+12  1.89667e+12  7.47466e+12 -7.34241e+12  5.02801e+12 -2.33548e+12  6.53117e+12  1.77848e+11  4.32129e+12   1.0203e+12  8.62084e+13 -8.14989e+12  7.25143e+12  7.98326e+12  7.75739e+12  1.48756e+12 -8.98737e+11  3.39838e+12  1.75783e+12  5.96596e+12  8.50418e+12  1.13675e+12  6.32185e+12  8.20724e+11  2.21784e+12  2.33541e+12   8.3614e+12 -2.63623e+12  7.91027e+11 -8.34719e+11 -1.12142e+11 -4.43509e+12 -8.83109e+12  5.52282e+12  5.16308e+11  5.91269e+10  2.62352e+12 -6.90962e+12  1.83814e+12  1.58914e+11   2.6134e+12  6.17053e+12 -1.39878e+12 -3.12903e+12   8.3761e+12 -3.32276e+12  1.49183e+12 -3.14459e+11 -6.80608e+12 -3.36993e+12 -1.03108e+13 -1.72733e+10    1.293e+13    2.245e+12 -6.20419e+11  2.26952e+12  5.73452e+12  -8.0344e+11  1.23771e+12  1.46695e+12  4.88941e+12    2.078e+12 -3.89493e+12 -6.03348e+11  8.55207e+11  6.03086e+12 -3.68905e+11  3.27092e+12 -4.98984e+11 -8.28143e+12 -8.62014e+12  4.10849e+12  4.79362e+12 -1.31669e+12  3.96072e+11 -4.24616e+12 -6.95442e+12   4.3018e+12 -4.49178e+11  5.69515e+12  8.93203e+11 -5.58421e+12 -3.83922e+12 -3.75568e+12 -8.40631e+11 -7.42287e+12  2.12521e+12  7.26447e+12  5.05065e+12 -8.86347e+11  4.32125e+12  6.46555e+12  9.17176e+11  2.95687e+12 -5.45844e+12  2.62587e+11  3.52446e+12   3.6591e+12  -4.7213e+12 -5.12064e+12  5.79295e+12 -2.25443e+12 -6.80903e+12  2.82206e+09  2.13599e+12  -6.4568e+12 -1.98022e+11  -1.1009e+12 -4.55277e+12  4.68663e+12  4.29257e+12  -3.5389e+12 -8.03901e+12  3.30065e+12  9.80026e+11 -1.24136e+12   1.3487e+12  2.00518e+12  4.55644e+12 -1.90696e+12  1.87617e+12  1.54663e+12  7.57337e+11   2.5895e+12 -2.68982e+12 -4.61929e+11    2.425e+12   1.6405e+12 -1.20426e+12 -1.49498e+12  3.66745e+12 -9.18456e+10 -4.16613e+12  1.79697e+12  -1.1934e+12   5.2186e+12 -2.34748e+12 -3.10961e+12  7.48078e+12 -3.98964e+12 -3.47427e+12  3.73643e+12   8.1506e+12  4.46282e+11 -5.55848e+11 -5.59376e+12 -8.08775e+11 -5.18808e+11 -1.45018e+12  4.75616e+12   4.7222e+12  5.29422e+12  6.06257e+11 -1.20632e+12  5.14808e+12 -8.78389e+11 -1.54503e+12  1.55772e+12
 2.90383e+11 -3.04252e+12  6.88183e+12 -2.65672e+12 -7.44768e+11 -5.38247e+12 -3.09385e+12  9.96908e+12 -7.42098e+12  1.52346e+13  9.82495e+12 -7.17525e+12 -2.80005e+12 -2.30058e+12  1.42566e+11 -1.34045e+12 -8.14989e+12  8.78073e+13   4.9373e+12  1.60257e+12 -4.71982e+11 -7.71263e+10  5.50051e+11  6.40049e+12   4.9839e+12  -5.2145e+12  2.30485e+12 -5.58321e+11  1.29288e+12 -8.81956e+11  2.94445e+12 -5.36236e+12 -1.38766e+11  1.49081e+12  7.73677e+12 -3.65626e+12  1.88459e+12  7.30459e+12 -8.68218e+12 -7.70808e+11 -6.29158e+11 -1.33255e+12  2.04848e+12  1.76647e+12  2.02833e+12  9.51145e+12   2.3189e+12 -7.72506e+12  1.32608e+12 -3.02018e+12  -7.4929e+12 -4.75126e+12 -7.76691e+12  7.25258e+12  2.05116e+12  3.53557e+12  6.08155e+12  4.02454e+12 -1.78992e+12 -2.14685e+11 -2.53774e+12 -9.34372e+11  1.57481e+12  -6.4595e+12 -6.85105e+12 -1.95045e+12 -7.83089e+12 -7.07423e+12 -2.00636e+12  1.63937e+12   5.4034e+12  2.68013e+11 -1.33001e+12  3.31229e+12  2.78306e+12 -6.58529e+12 -3.94103e+12 -6.70185e+12 -2.03745e+11   1.0088e+13 -8.32471e+11  3.25949e+12  2.26278e+12  3.95303e+12  2.36534e+11  1.18356e+12 -1.40684e+12  1.50249e+12 -4.00343e+12  2.58114e+12 -9.28679e+11  5.18149e+12  7.09648e+12  4.18029e+11 -5.58946e+12 -4.63035e+12 -8.25564e+11 -1.69962e+12  1.32265e+12 -4.95602e+12   1.4674e+12  -3.2228e+12 -5.93522e+11  4.43616e+12  4.97983e+12  1.15974e+12  2.50378e+12 -3.81391e+12   8.4962e+12 -2.49364e+12 -1.69008e+12 -9.30285e+11   2.2479e+12 -3.47265e+11  4.11913e+12 -2.47238e+12  2.80338e+12 -1.97576e+12 -2.45197e+12 -9.04779e+12  3.50966e+12  5.46934e+12  1.06141e+12  2.22065e+12  -3.4195e+11 -2.76696e+12  4.32382e+11  3.43906e+12  3.62099e+12  5.98562e+12 -6.87904e+11 -1.94532e+12  5.28363e+12  3.35116e+12  9.12441e+11  2.35514e+12 -6.82669e+12 -5.26899e+12 -3.82869e+12  2.42824e+12 -5.62376e+12  -4.1935e+12 -8.99617e+11  7.62384e+12 -9.70691e+12 -6.46071e+12  2.53132e+12  6.53638e+12  4.01011e+12  1.59142e+12 -8.01932e+12 -1.98413e+11   4.8715e+12  2.81961e+12  5.15399e+11  2.15103e+12   1.4768e+12   1.4026e+12 -1.11386e+12  9.63704e+12  -6.4467e+12 -2.05623e+12  5.79996e+12 -3.86348e+12
