 2.39552e+12 -3.21843e+12  1.06564e+12 -5.87947e+11    4.423e+11 -6.12772e+11 -2.82697e+12 -1.67571e+12   4.0541e+11 -3.18276e+11 -4.57606e+11 -6.58107e+11  -1.9803e+12  6.49347e+11  2.23239e+12 -9.53223e+10 -8.28729e+11  7.25958e+10 -5.44097e+10  -1.1976e+11 -5.79182e+10 -2.00239e+11 -3.62726e+11 -2.04628e+11   2.1584e+09  -1.0055e+11 -1.04851e+11 -7.35615e+08  6.41416e+09  7.61382e+11 -5.71394e+11 -4.41383e+11 -5.05666e+11  3.59676e+11  2.99349e+10  2.79788e+11   3.0156e+11 -2.98326e+11 -1.56326e+08 -2.88602e+11  9.30941e+11  9.20088e+10  8.20364e+11   1.0324e+11  8.59509e+11 -5.46984e+11  1.22757e+11  1.77971e+11  7.58689e+11 -6.08552e+10 -8.94198e+11   1.3992e+11 -5.44368e+11 -7.22946e+11 -9.11919e+11 -2.28603e+10  7.96535e+11 -5.69319e+09 -1.07079e+11  4.33555e+11 -6.01656e+10  3.67323e+11 -3.83445e+11 -2.16434e+11  2.66169e+11 -4.72128e+11 -3.85684e+11  1.42417e+11  1.92573e+11 -1.21134e+11  5.64345e+11 -6.83573e+11  2.15808e+10 -1.36381e+11  3.24432e+11  6.24011e+11 -6.30836e+11 -1.21704e+12 -2.82125e+11  1.14886e+11 -1.17734e+10  2.74695e+11  -5.0887e+11   4.2616e+11 -8.92376e+10  3.68711e+11  2.51081e+11  3.04134e+11 -3.08957e+11  4.19182e+11  3.10483e+10  1.17864e+11 -2.36682e+11 -1.23809e+11   9.7584e+10  4.03105e+11  6.46636e+11 -5.71121e+10 -7.51408e+10  3.63794e+11  2.42138e+10  1.19218e+11 -5.85401e+10  2.77163e+11 -2.00147e+11  4.78396e+11  1.87885e+11 -2.55189e+11 -8.55617e+11  3.21909e+11  2.30167e+11  1.57995e+11  5.03168e+11  7.74927e+11  5.05423e+11 -3.03896e+10 -9.73254e+09  5.78897e+11  3.01727e+11  -2.3026e+11   5.3132e+11 -1.14073e+11 -7.03183e+11  5.22929e+11  2.36707e+11 -1.85632e+11 -1.73791e+11  3.62983e+11 -8.28227e+11 -1.85736e+11  7.92185e+10 -1.92263e+11 -4.36263e+11  6.16296e+11  2.96281e+11  2.62677e+11 -8.64325e+10  2.50627e+11  4.20416e+11 -3.02716e+11  5.57302e+11  9.36761e+10 -3.18645e+11  1.56127e+11 -1.09009e+11 -1.27899e+11  5.63899e+11  -4.0434e+11  1.86296e+11 -8.74811e+10 -4.74485e+10 -6.07024e+11 -9.82905e+10  -2.3566e+11  5.14012e+11  -3.6629e+11 -4.36002e+11 -2.68991e+11 -3.42772e+11  1.97365e+11   3.6401e+11  1.52658e+11 -1.27738e+11 -1.35832e+10
-3.21843e+12     2.26e+13  -3.9876e+12  4.27776e+12  2.85001e+12  2.16423e+12  8.31601e+12  3.74087e+12  7.98822e+11  9.28873e+11 -4.00962e+12  2.31544e+12  3.32563e+12 -2.20088e+12 -7.28301e+12  1.03978e+12  -1.4851e+11 -7.60631e+11 -5.14481e+11 -1.68482e+12  8.01293e+11  -3.3094e+12  9.63639e+11 -2.07428e+12  2.82802e+11  2.22377e+11   3.7144e+10  8.03234e+10 -1.47828e+12 -4.50495e+11  4.23572e+11  7.66044e+11   4.2993e+11 -1.59119e+12  -2.2996e+12  3.99591e+10  9.69516e+10  8.29027e+11  -9.2615e+09  9.43942e+11 -1.47754e+12 -4.81556e+10 -2.21075e+12  2.46283e+12 -1.50277e+12 -5.01327e+11   9.8059e+11  2.75373e+11  3.39943e+10 -1.58842e+11  2.37396e+12  2.32038e+12  7.26376e+11  1.42768e+12  1.26135e+12 -1.55604e+12 -4.21943e+11 -2.40746e+12 -4.29564e+11 -6.97994e+11  1.35942e+12 -2.07185e+12  2.93321e+11   1.2554e+12 -7.82716e+11 -1.78975e+12 -1.43836e+11 -2.50841e+12  1.99193e+11 -2.28469e+12 -8.77199e+11  6.09983e+10 -1.37204e+12  3.91525e+11 -1.13642e+12 -2.74782e+11  7.43303e+11  5.78879e+11  7.10487e+11 -9.34242e+11  9.05207e+11  -1.3001e+12 -1.20188e+11 -1.85699e+12  1.26242e+12 -6.82052e+11  2.99833e+11  9.79917e+11 -1.25599e+11 -1.89428e+12 -4.42079e+10 -6.27523e+11  1.27429e+12 -2.50824e+12  -3.2664e+11  5.16586e+11 -1.94313e+12    -1.45e+12  1.36397e+12 -5.73034e+11  9.32408e+10   4.5005e+11 -4.93881e+11 -1.32387e+12  6.90327e+11  5.60839e+11  7.07433e+11 -1.17402e+11  2.37237e+12 -1.57855e+12  7.90877e+11  5.97325e+11 -7.35525e+11 -8.54849e+11 -1.42087e+12 -1.10309e+12   7.1945e+11 -1.15568e+12 -1.47523e+11  -3.8598e+11 -9.45874e+11  1.74327e+12 -1.42459e+11 -8.69605e+11  3.05971e+11  3.78968e+11  -3.3667e+10 -7.22933e+11  1.46621e+11  1.70025e+11   9.0359e+11  1.72951e+11 -1.07705e+12 -8.35807e+11 -6.33485e+11 -1.95943e+12 -9.75848e+11  5.29056e+11  1.29197e+12  1.38224e+12  2.08234e+11  2.40921e+12 -1.71268e+11 -1.97835e+10  1.05512e+12  6.76819e+10 -1.94753e+11  -2.5586e+10 -1.64955e+12 -1.28041e+11  5.60621e+11  1.32649e+12  8.54749e+11 -2.04076e+11 -8.93597e+11  4.64193e+11  -7.6436e+11  -9.5893e+11  7.65886e+11 -1.19551e+12  1.57505e+11 -6.42923e+10  2.81986e+11  7.55581e+11
 1.06564e+12  -3.9876e+12  1.70613e+13  -2.3034e+11  8.38385e+11 -1.87457e+12 -2.90795e+12 -1.41839e+12  1.80198e+12  1.25413e+12  2.29198e+12   -1.165e+12 -3.48026e+12 -1.57379e+12  5.22976e+12 -8.78067e+11  5.74365e+10  1.72046e+12  -7.5184e+11 -5.78607e+11  9.52069e+11 -2.68325e+11 -1.11191e+11  -2.6278e+11  6.98531e+11  8.25594e+11   2.6221e+11  -4.6154e+11 -3.93691e+11  2.06494e+12  1.96525e+11  3.60994e+11 -6.03354e+11  1.51726e+12 -4.83961e+11 -4.68194e+11  6.10057e+11  9.36696e+11 -1.48448e+12  5.94674e+11 -3.69871e+11  8.05098e+11  3.01649e+11 -3.94583e+11  1.59655e+12   1.1331e+12 -6.33546e+11 -2.66198e+11 -3.64045e+11 -4.73328e+11 -7.59388e+11 -6.56012e+11  -6.6477e+11  -6.8981e+11 -2.35877e+12  9.42202e+11 -3.03116e+11 -7.25824e+11  8.35556e+11 -9.49034e+11 -5.12577e+11 -5.84523e+11  3.47421e+11 -2.09105e+12  4.11117e+11  -2.9995e+11  2.14433e+10 -4.54125e+11    1.176e+12  -8.6385e+11  1.38621e+12 -4.88419e+11  7.92596e+11 -1.43945e+12 -8.94323e+10 -5.18369e+11 -2.39833e+12 -3.04244e+11 -6.09811e+11  5.50448e+10 -1.25444e+11  1.39512e+11  1.31597e+10 -1.85754e+11  5.58897e+11  7.78076e+11 -1.00718e+11  9.62335e+11 -2.96692e+12  4.70503e+11  9.63526e+11 -1.68911e+11 -2.45948e+11  1.22645e+12  7.27228e+11 -6.06919e+11 -4.95996e+10  1.55809e+12  1.25847e+12 -5.47289e+11 -1.46162e+12 -3.44631e+11    3.547e+11  1.03132e+12  5.74284e+11  1.20687e+12 -4.50829e+11 -9.77406e+11  -5.4648e+10 -6.27303e+11 -6.63193e+11 -4.11103e+11  1.56376e+12 -7.10941e+11 -3.86629e+09 -1.32455e+11  9.97237e+11 -4.54505e+11 -9.92566e+10 -1.40266e+12  1.33428e+11 -2.81085e+11  9.14888e+11  1.20498e+12 -1.50554e+10  1.63418e+12 -1.51165e+12  7.05599e+11  -8.0896e+11  1.44823e+11 -1.90914e+12 -1.03281e+12  1.05299e+11  7.80243e+09  1.19853e+12  1.65399e+11  5.43638e+11  1.38249e+12   -7.362e+11 -1.15825e+12 -1.34735e+12  1.35514e+11  9.41909e+11 -9.69725e+11  6.66191e+10 -8.78502e+11   6.7213e+11  1.91795e+11  1.63513e+12  7.79667e+10 -1.59149e+11 -4.19228e+10  -1.0349e+12  5.24837e+11   1.3025e+12 -1.74803e+12  1.74353e+11 -4.10267e+11 -5.32777e+11   4.4421e+11  6.80611e+11  -1.0007e+11  3.82267e+11 -8.08389e+11
-5.87947e+11  4.27776e+12  -2.3034e+11  2.17093e+13  3.12404e+12  1.73099e+12  1.71827e+11 -1.41681e+12 -2.69728e+12  2.60981e+12 -3.49133e+10 -7.44708e+10  2.22589e+10 -8.30827e+10    -5.45e+11     2.71e+12   1.1524e+12 -6.64181e+11  8.77867e+11 -9.44479e+10 -9.04969e+11  -3.8292e+11  5.86819e+11  4.78758e+11 -1.19858e+12  7.33145e+11 -1.10613e+12  -2.5052e+12 -3.48695e+11 -1.44274e+12  5.24106e+09 -8.44825e+11  -2.1689e+12  1.54572e+11 -4.76924e+11 -1.41308e+12 -1.81427e+11  1.57586e+12 -1.40092e+12  1.55065e+12  -8.2664e+11  1.03138e+12  3.93219e+11 -9.95283e+11  -5.1463e+11 -1.41715e+12  5.01456e+11    3.432e+11  4.17665e+11 -5.92904e+11  4.41398e+11  1.92495e+12 -6.86812e+11 -3.52276e+11 -5.60203e+11  1.09651e+12  1.49233e+11 -8.10324e+11 -1.16527e+12  -1.0102e+12  1.36319e+11 -3.36313e+11 -6.77557e+10 -3.81448e+11 -2.10326e+12  -2.1991e+11  2.88388e+12 -2.02096e+12 -5.04063e+11 -6.97566e+11 -2.99143e+11  9.59575e+11 -1.22859e+12  6.78546e+11 -1.29499e+12  -1.9811e+12 -3.19984e+11  1.54197e+12 -1.50813e+12 -2.60684e+11 -1.15499e+11 -8.63885e+11  1.63634e+11   4.7215e+11   1.5269e+11  8.43535e+11  1.16458e+12 -1.40887e+12  8.17923e+10 -2.64203e+12  8.75314e+11  5.77906e+11  7.62931e+11 -1.22344e+11  1.97006e+12  1.23169e+12  2.93078e+10  1.51586e+12  4.09082e+11 -7.05222e+11  1.33618e+12  1.76207e+12  5.49063e+11 -3.68126e+11 -8.43691e+11  2.52716e+12  1.13001e+12 -1.42126e+12  2.37461e+12 -1.52712e+12  6.42787e+11 -3.18737e+11 -1.07267e+12  3.18006e+10 -3.67698e+11  2.28915e+12  1.42884e+12 -7.02331e+11  4.21382e+11 -3.49608e+11 -3.05485e+11  5.98319e+11  2.08845e+12 -4.17026e+11  6.71659e+11 -2.50279e+12  2.72413e+11 -9.63768e+11  4.78387e+11 -1.32409e+12   9.0741e+11 -5.48604e+11  -1.2693e+12 -6.98249e+11  -3.9131e+11 -1.34986e+12 -2.51911e+10 -5.46126e+11  8.47194e+11  3.07667e+11 -5.66855e+11  6.10996e+11  5.01023e+10  3.26572e+09  8.23896e+11  -1.6926e+12 -1.32081e+12 -3.41735e+10  -9.7531e+11 -2.46841e+11 -6.02535e+11  6.02444e+11 -1.61774e+11  1.70978e+11  4.98704e+11 -2.67452e+11  2.17928e+10 -2.92416e+11  6.36679e+11 -7.91969e+11 -5.95943e+11 -1.73932e+12  2.68075e+11 -1.15057e+12
   4.423e+11  2.85001e+12  8.38385e+11  3.12404e+12  1.67201e+13 -2.58059e+12 -9.46579e+11 -1.02441e+12  1.75587e+12  1.43367e+12 -1.79379e+12 -1.30576e+11   1.9711e+11  1.01423e+12 -3.08649e+11  1.94517e+12 -5.05375e+11 -1.86192e+11  -2.5779e+11  8.29943e+11 -6.88988e+11 -1.07886e+12  1.05264e+12 -2.12588e+12  5.93225e+10  1.57567e+11 -2.26964e+12 -9.01815e+11 -1.02929e+12 -4.06375e+11 -1.05593e+12 -2.28246e+11 -8.46419e+11 -4.41215e+11 -1.48073e+12  7.29168e+11  3.44859e+11  7.20246e+11 -2.36705e+11  1.02961e+12 -4.89496e+11  1.52113e+12   5.5989e+11  4.47646e+11 -7.20065e+11 -2.14135e+12  1.24877e+12 -7.92889e+11  1.13461e+12  3.62609e+11  6.42499e+11  1.70874e+12  4.50048e+11 -2.88301e+11 -1.16498e+12 -2.85998e+11  5.67608e+11 -1.01224e+12  -1.5143e+12   -7.956e+11 -2.48812e+11 -2.11717e+12 -1.32478e+12  4.79896e+11 -9.32745e+11 -6.33452e+11 -5.92919e+11 -1.89818e+12  1.16965e+12 -1.37092e+12  4.05799e+11  9.97029e+11  8.62545e+10    3.655e+11 -1.25874e+12  4.72623e+11 -7.84746e+11 -8.03203e+10 -1.39508e+12 -4.07882e+11  1.22332e+12  4.15351e+11   2.4912e+11 -1.49934e+12  1.99394e+12  -3.0948e+11  8.56782e+11  9.84239e+11 -1.07531e+12  -3.3735e+11  1.01232e+11     4.55e+11   1.0402e+12 -8.05377e+11  8.18259e+11 -3.88316e+11 -3.68124e+11 -3.17186e+11 -2.41115e+11  1.20298e+11  6.87942e+11  1.27228e+12 -1.37586e+12 -4.14679e+11 -4.06526e+11  1.21694e+12  1.22225e+12 -8.64913e+11  6.76963e+11   6.1116e+11  1.14212e+12  4.67255e+11 -1.25928e+12  9.19225e+11  4.46194e+11 -1.95437e+11  1.62711e+12 -5.12218e+11 -5.52293e+11 -8.36391e+11 -7.59422e+11  1.46016e+12  4.44241e+11  4.63377e+10  3.57591e+11 -8.16434e+11  5.55119e+11  4.86261e+11 -4.56447e+11 -8.42836e+10  1.77622e+12 -6.50077e+11 -9.49789e+11  -1.0619e+12  8.65585e+11 -1.28217e+12  5.52831e+11   -3.799e+11   1.1066e+12  3.81251e+11  4.53448e+11  5.50105e+11 -1.71476e+12  1.16437e+12 -1.62994e+11 -8.43494e+11  3.10259e+11 -1.39761e+12 -1.18852e+11 -5.17707e+11  -8.1617e+11  1.11153e+11  1.03159e+12  3.95316e+11  1.05795e+12 -3.17651e+11  3.58092e+10 -9.78729e+11 -5.26306e+11 -9.07819e+11    5.098e+11  4.40823e+11   1.0345e+12  -4.1691e+11
-6.12772e+11  2.16423e+12 -1.87457e+12  1.73099e+12 -2.58059e+12  1.88065e+13 -1.69905e+12  2.12012e+12 -2.66531e+11   -1.658e+12 -2.53953e+12   5.9177e+11  5.18635e+11 -1.84897e+11 -4.55831e+11  3.95689e+10 -5.32906e+11 -1.34562e+12 -3.99512e+11  2.52041e+12 -2.05045e+11 -2.40811e+12 -1.86391e+12    9.707e+11  2.83908e+11  1.67985e+12 -8.25491e+10  6.21403e+11  9.43534e+11 -1.10749e+12  6.51037e+11 -6.29075e+10  4.18447e+11  4.86219e+10 -2.13505e+12 -3.37083e+10 -8.06468e+11  7.36963e+11 -1.41947e+12  -3.2753e+11  1.29969e+12     1.45e+12  1.95797e+11  5.00065e+11  1.20494e+12   1.1363e+12  9.87271e+10  1.11234e+11   4.5238e+11 -7.83346e+11  6.78866e+11   1.6523e+11  1.39389e+11 -1.29682e+12 -1.23691e+12 -8.86526e+11  1.32902e+12  1.48939e+12  1.48628e+11  1.71398e+12  7.81384e+11 -6.35753e+11  6.58964e+11  2.80591e+11  9.66379e+10 -3.45158e+11  -2.5399e+11 -1.25439e+12  7.39056e+11 -3.81366e+11   6.0298e+11  1.00741e+12  1.19542e+12 -6.22603e+11 -1.19252e+12 -3.38681e+08  1.03073e+12 -3.12873e+11 -3.35797e+11  8.00555e+11  1.22363e+11 -1.43898e+12  7.45409e+11   1.7727e+10 -2.10754e+11  5.29913e+11  4.16063e+10 -1.76516e+11 -9.55521e+11 -1.10844e+12  5.14127e+11 -7.28648e+11 -1.25496e+11  -1.2274e+12  -7.1109e+11  2.15402e+11  7.01184e+11  7.95251e+11 -1.51928e+12 -5.37204e+11  1.60472e+12  4.43599e+10  1.86333e+11 -1.42075e+12 -9.38855e+11  2.92595e+11 -1.21945e+12  1.13035e+12   3.0391e+11  4.77443e+11 -1.05499e+12  5.89103e+11 -8.34329e+11  1.60572e+11  -4.9589e+11 -1.50131e+11 -8.40745e+11 -2.35666e+11  7.69091e+11  4.74481e+10  2.55067e+11 -8.22954e+11 -7.20381e+11 -1.65899e+12 -3.73518e+11  -2.1779e+12   9.1968e+11 -1.59731e+12   2.8666e+11 -2.25965e+11  7.34888e+11  9.74506e+11   4.4376e+11 -5.51506e+11  8.73653e+11   8.2322e+11  9.22564e+11  3.66093e+11 -5.92836e+11  5.52214e+11  1.38325e+12  9.17996e+11  -1.0679e+12 -7.77511e+11 -5.13805e+11  3.86978e+11  9.38474e+11   2.4833e+11 -6.78245e+11 -1.40678e+11 -1.93494e+11  1.11948e+12 -1.24245e+12  2.91805e+11 -1.25708e+12 -1.04997e+12 -1.70864e+12 -2.72305e+11 -5.94284e+10 -3.59654e+11 -4.77942e+11 -1.47991e+11   -7.549e+10 -8.12778e+11
-2.82697e+12  8.31601e+12 -2.90795e+12  1.71827e+11 -9.46579e+11 -1.69905e+12   2.4387e+13  3.47123e+12  1.53202e+10 -5.03114e+11  1.24601e+12 -1.10968e+12  5.41498e+12 -2.55729e+12 -5.19364e+12   7.8275e+11  1.19874e+12 -7.73461e+11  4.36347e+11 -1.51941e+12 -1.00416e+12  1.21432e+12 -1.75857e+12 -2.52228e+12  1.22161e+12 -1.03826e+12  1.30747e+12  3.21759e+12 -7.05793e+09 -1.74592e+11 -7.82477e+11 -6.08507e+10  1.56674e+12  1.16948e+11 -2.27578e+12 -1.56252e+12  8.45184e+11  2.57764e+12  1.55759e+11 -8.64457e+11  4.42699e+11 -3.20414e+11 -2.82956e+11  4.30176e+11 -9.48013e+11 -1.54344e+12 -9.11881e+10 -7.76221e+11  1.43046e+12 -1.00131e+12  1.73938e+12 -1.07306e+12 -6.05568e+10  1.39797e+12  1.66114e+12 -3.06332e+11 -2.65443e+12 -9.07843e+11 -7.54179e+11 -1.16677e+12  9.48161e+08 -7.45163e+11  8.52711e+10   4.5287e+10  4.18001e+11 -1.10826e+12  8.48913e+11 -3.95735e+11 -3.37263e+11 -2.77199e+11 -4.45762e+11 -1.93218e+12  1.14855e+12  1.43209e+12 -7.68254e+11 -9.82815e+11  1.95722e+11   1.4024e+12  2.95953e+10 -1.29042e+12  4.66859e+11  1.58736e+12  1.89547e+12 -2.11045e+12  6.99202e+11  5.49678e+11 -1.49587e+11  1.17266e+12 -9.44826e+11 -5.93423e+11 -1.71293e+12 -1.77415e+11  5.03706e+11 -5.28378e+11 -3.34795e+11  3.40027e+11 -1.73716e+12 -8.15016e+11  1.82154e+12  1.70187e+12 -7.25884e+11   1.7646e+12  8.25823e+11 -1.07866e+12  8.51446e+07 -2.08468e+12  3.19253e+09     9.32e+11  1.85654e+12 -2.37483e+11   1.7725e+12  -9.0263e+11 -6.54848e+11  -9.5244e+11 -3.84023e+11 -3.68821e+11 -2.38019e+11 -5.35641e+11 -2.63167e+11  3.47852e+11 -4.45353e+11  1.59403e+11  3.61197e+11  3.61588e+11 -6.82166e+11  1.50119e+12 -1.78131e+12  7.06457e+10 -6.90107e+11  2.89918e+11  1.64844e+12  3.85575e+11 -1.42129e+12 -1.09618e+12 -1.96245e+12 -8.03299e+11 -2.34558e+12 -1.64349e+11  4.77877e+11 -2.93818e+11 -3.45934e+11  7.80237e+11   1.4604e+12  6.66152e+11  1.69706e+12  5.21142e+11  1.64975e+11  6.27052e+10 -1.53962e+12  1.91517e+12  1.21329e+12  -4.2308e+11  4.42149e+11  2.32142e+11 -3.60195e+11  1.05899e+11 -1.16657e+10  1.48315e+12  8.35636e+10  2.11615e+11   -2.547e+11  2.30006e+11  5.72546e+11 -5.38357e+10
-1.67571e+12  3.74087e+12 -1.41839e+12 -1.41681e+12 -1.02441e+12  2.12012e+12  3.47123e+12  2.36923e+13 -3.39132e+12  4.17776e+11  1.26247e+12 -1.99356e+12  2.57057e+12 -1.27849e+12 -2.49564e+12   7.9784e+11  4.74168e+11  2.49227e+12  7.00567e+10  1.60767e+12  2.85028e+11  2.46579e+12 -3.78243e+12  1.44178e+12  6.24644e+11  6.83142e+10  8.42669e+11  1.89567e+12  1.22203e+12 -3.15973e+12  1.44732e+12  2.38947e+12  1.54105e+12 -1.29347e+12  2.29827e+11 -1.40822e+12 -2.07157e+12  2.00919e+12 -7.59589e+11 -5.90991e+10 -1.09878e+12  2.06577e+10   3.7727e+11  4.25187e+11  1.87489e+12  1.68657e+12 -9.08537e+10  8.69164e+11 -7.84878e+11  5.42272e+11  8.95504e+11 -7.65166e+11 -5.66402e+11  2.10385e+09  1.39795e+12  4.27975e+10  5.28165e+11  -2.5167e+11  1.09069e+12  4.16039e+11 -4.88922e+11   1.4026e+12  5.49688e+11  2.42093e+11 -5.47109e+11  1.45638e+12  8.15606e+10  -5.9123e+11  1.44416e+12   1.5746e+12  6.59789e+11 -1.58694e+12 -8.78652e+11  7.70319e+11 -5.35722e+11 -1.70792e+12 -6.36478e+11  8.89418e+11 -1.07958e+12  -2.4445e+11 -5.73658e+11  1.21058e+12  1.36481e+12   5.4182e+11 -5.75578e+11  2.06926e+12  2.26972e+11  2.39466e+11 -5.75656e+11  1.66781e+11 -1.31646e+12 -6.93812e+11 -1.87778e+11  -3.1775e+11 -1.93435e+12 -1.62423e+12  2.94612e+11 -2.54869e+11 -1.68166e+11  5.22339e+11  6.58793e+11  1.77952e+12   1.7537e+12  1.57371e+11   1.7814e+12   -1.639e+12 -1.75116e+12 -1.09905e+12 -2.23945e+12 -4.72795e+11  5.34492e+10 -7.09161e+11  9.96413e+11 -1.50995e+12 -1.47452e+12 -3.70642e+11  1.55524e+12  3.04018e+11 -8.53194e+10  4.48699e+11  2.23338e+11  1.46273e+12 -1.54341e+12 -4.71121e+11  -1.0426e+12  4.22758e+11   1.8324e+12  1.01068e+12   8.6093e+11  1.65352e+12 -1.32429e+12  4.85737e+11  1.83897e+12 -1.44544e+11 -8.38088e+11 -2.66744e+11  9.86544e+11  -6.4322e+11 -1.51911e+12  1.44655e+12 -2.59745e+12 -7.70059e+11 -4.98363e+10  7.50331e+10 -9.01704e+11 -1.95715e+11  1.73048e+11  1.17657e+12  4.46574e+11 -3.71807e+11 -5.41158e+11 -5.89145e+10 -2.82235e+11 -9.89649e+10  -4.5412e+11  1.11492e+12   1.8398e+12  1.84116e+12  1.09718e+12  3.40069e+11 -1.17092e+12  2.32748e+11  4.07401e+11 -4.61119e+11
  4.0541e+11  7.98822e+11  1.80198e+12 -2.69728e+12  1.75587e+12 -2.66531e+11  1.53202e+10 -3.39132e+12  2.02088e+13  6.44021e+11 -2.58189e+11 -2.11243e+12  9.21855e+11  4.20721e+10 -1.54397e+12 -2.17635e+11  1.86867e+12 -1.85524e+12 -3.29682e+11 -3.80605e+10  1.77427e+12 -2.04654e+12 -6.93613e+11 -1.26045e+12  -2.9884e+11 -3.06978e+11 -3.80795e+11 -5.27701e+10 -1.67251e+12  1.19422e+12 -4.62145e+11  6.13149e+11 -2.93317e+11 -1.41047e+12  2.19629e+10  1.77162e+12  5.71348e+11 -1.05021e+12 -4.12845e+11 -4.54531e+11  5.25251e+11 -8.18574e+11 -1.37124e+12 -4.07734e+11 -4.55907e+11 -2.28884e+12  1.37466e+12 -3.35865e+11  3.25172e+10 -1.66922e+10 -7.70152e+11  1.04498e+11 -1.38961e+12  3.01287e+11 -6.21373e+11 -2.20751e+12 -1.37836e+12 -3.22694e+11 -5.81434e+11 -3.24293e+09 -6.72843e+11 -8.36281e+11  9.95676e+11  4.76884e+11  7.90685e+11 -2.50923e+12  5.33285e+11  4.35319e+11  2.01066e+12 -3.24538e+11 -2.61788e+11 -1.33971e+12 -5.88784e+11  3.19107e+11  1.52377e+12  1.27186e+12 -1.88512e+11  7.39066e+10   2.1647e+11  5.09976e+11 -6.44185e+11   8.8099e+11 -1.67033e+12 -2.13222e+12 -6.64743e+11 -2.61807e+11  5.62361e+11 -4.51008e+11  1.25651e+12 -3.77695e+11  7.73254e+11 -2.48572e+11  1.53202e+12  1.59374e+11   4.8365e+11  2.36029e+11 -4.51405e+11  7.09817e+11 -2.39936e+12  9.77913e+11 -4.04108e+11 -6.02317e+11    -1.35e+12  7.15504e+11 -3.95526e+11 -5.05034e+11  6.14251e+11  1.26014e+12 -5.10937e+10  4.49548e+10  1.18442e+12  -8.3142e+11  9.43338e+10  1.99005e+11 -7.37343e+11 -7.55468e+11 -2.96421e+11 -7.10724e+11 -5.21497e+10 -1.41751e+12  1.23687e+11  9.53458e+11  1.45227e+12 -7.37008e+11  1.11376e+12  4.94663e+11  2.42043e+11 -1.34336e+11  2.46392e+11 -6.74781e+11  -9.5867e+10 -1.87604e+12 -2.20831e+12  9.79309e+10 -5.05253e+11 -1.15364e+12 -1.81854e+10 -1.51669e+12  1.36133e+12  5.23114e+11  1.37773e+12  8.08243e+11 -1.84656e+11 -6.77407e+11 -1.86903e+12   1.4161e+12 -7.78315e+11 -1.21749e+12  1.51963e+12  1.03862e+12  9.38362e+11  4.58911e+10  6.48488e+11  3.14708e+11  4.71973e+11 -8.01235e+11 -4.18373e+11 -9.50897e+11 -6.77074e+11 -1.07939e+12   1.0192e+12  7.49871e+11  1.47439e+12  2.19194e+12
-3.18276e+11  9.28873e+11  1.25413e+12  2.60981e+12  1.43367e+12   -1.658e+12 -5.03114e+11  4.17776e+11  6.44021e+11  2.08556e+13  3.10984e+11 -1.38306e+12 -1.20598e+12  7.00921e+11 -1.57317e+11 -1.13026e+12  -1.8356e+12  3.80864e+12 -1.39141e+12 -3.20777e+11 -8.13736e+11   1.7804e+12  8.52266e+11 -2.53461e+10  1.01716e+12 -8.05487e+09 -1.29383e+12 -1.21214e+12 -3.33672e+12 -1.12809e+12  7.39272e+11 -4.60288e+11 -1.32547e+12 -4.45006e+11  8.35223e+11  1.93591e+12 -9.26386e+11  5.75976e+11 -1.54503e+12  1.14339e+10 -1.39286e+12  2.98505e+11  1.27054e+12 -1.49473e+12  4.08587e+11  1.17276e+12 -3.60511e+11  9.62428e+11 -9.34515e+11  1.95832e+12 -5.15628e+11 -3.05339e+11  1.67384e+11  1.74809e+12  -7.2049e+11  9.32999e+10  6.97213e+11 -1.54745e+12  5.39396e+10 -1.50111e+12 -4.69829e+11 -6.67212e+11  6.26216e+11  -1.4569e+12 -9.35605e+11  2.10134e+11  1.26824e+10  -1.7459e+11  1.71523e+12   -5.273e+11  8.22882e+11 -6.93733e+11  8.26555e+11 -4.52278e+11  1.55944e+12 -3.75615e+11 -1.43521e+12 -4.30538e+11 -1.33323e+12  1.03426e+12  -4.3641e+11  8.05662e+11 -6.88157e+11  5.41232e+11  1.20751e+12  8.17195e+11 -3.13841e+11  8.09534e+11  -4.0396e+11 -6.48841e+10  -1.6826e+11   6.5826e+11 -5.05873e+11  3.28671e+12  3.91556e+11 -1.88757e+12 -7.97879e+11 -5.27893e+11   9.9448e+11 -1.75112e+12  1.31472e+11  5.66986e+11  2.62554e+11  1.46363e+12  6.53537e+11 -9.00777e+11  4.36205e+10 -5.80569e+11  1.16422e+11 -5.60831e+11  1.00187e+12  -8.3836e+11  1.02001e+12  2.68457e+11    9.394e+11 -9.23011e+11  2.79094e+11   4.3241e+11  6.76335e+11 -8.80757e+11 -1.55463e+12  1.31273e+12 -8.27225e+11 -4.94796e+11  7.52945e+11  3.03628e+11 -8.27559e+11  4.90545e+11  7.49145e+11 -5.72225e+11 -1.24668e+12 -8.82792e+11 -5.86912e+11 -8.50327e+10 -1.06311e+12  8.39734e+11 -1.98815e+11  1.10687e+11  1.99254e+11  5.89073e+11 -1.81255e+12  1.34548e+12 -2.46102e+12  1.77794e+12 -2.17177e+12  4.56302e+11  8.45836e+11 -3.05698e+10 -8.06062e+11  5.46111e+11   1.6136e+12  1.29012e+12  2.93219e+12  -8.6518e+10  4.12638e+11   1.0445e+11 -4.32626e+10 -1.03508e+12  -7.6534e+11  -5.9416e+09 -1.24445e+12 -2.79134e+11  9.29068e+11  5.11818e+11
-4.57606e+11 -4.00962e+12  2.29198e+12 -3.49133e+10 -1.79379e+12 -2.53953e+12  1.24601e+12  1.26247e+12 -2.58189e+11  3.10984e+11  2.48934e+13 -1.11007e+12 -8.31403e+11 -3.01778e+12  3.18904e+12  1.54601e+12    1.257e+12  2.45624e+12  1.74146e+12 -3.10311e+12 -1.24505e+12  2.13604e+12 -1.67829e+10 -2.82539e+11  1.62602e+12  4.98121e+11  2.35766e+12 -1.76091e+11  2.26376e+11 -5.08071e+11  2.17024e+12  4.27532e+11  2.91652e+11  2.34538e+11   1.2256e+12 -2.48013e+12 -2.85597e+12  3.03503e+12 -5.49322e+11 -9.32059e+11 -1.98151e+12  4.38545e+11  -5.0882e+11 -3.86887e+11  1.22272e+12 -9.23831e+10 -8.52096e+11  8.78839e+08 -2.15429e+12  1.86345e+11 -2.20794e+12 -1.41145e+12  3.21592e+11  -9.9434e+11  9.97588e+11   7.5409e+11 -4.40317e+11   6.3706e+11 -2.74438e+11   1.4401e+12 -1.03067e+12  1.42865e+11  1.42622e+12  1.97989e+12 -2.18224e+12  1.30351e+12  9.87924e+11  7.12819e+11  1.28269e+12 -8.97279e+11  1.68815e+12  8.54699e+11 -9.14624e+11 -4.64133e+11    2.885e+11 -2.75357e+12 -7.69241e+11  -7.5017e+11  1.11388e+12  1.38409e+12 -3.94735e+11 -9.46356e+11  1.13027e+12 -1.93894e+11 -8.73533e+10  3.82048e+11  3.94077e+11 -1.71426e+12 -5.67109e+11  1.39642e+09 -1.31323e+12  2.66646e+11 -7.94324e+11  6.40009e+11  8.54276e+11 -1.04171e+12  4.17992e+10  2.30404e+12 -6.10697e+11  8.02503e+11  7.04803e+11 -1.11293e+12  8.74922e+11  1.46971e+12 -1.16771e+12 -8.41827e+11  1.53328e+11 -8.62115e+11 -6.20587e+11 -4.98412e+11  2.40364e+11  -9.6759e+11 -4.93425e+11 -1.12888e+12  1.98465e+11  9.07545e+11 -1.47121e+12 -1.07651e+12 -4.90567e+11 -4.18411e+11 -6.11574e+10 -9.26857e+10 -2.89303e+11 -1.50413e+12 -1.17606e+12  2.19968e+11  1.22885e+12 -8.47893e+11  3.54268e+10 -3.50301e+11 -2.98698e+11  5.13982e+11  3.77269e+11  1.71508e+12 -1.36373e+12  2.10795e+12 -2.24946e+11 -1.83975e+12 -2.82796e+12 -3.50041e+11 -1.99224e+12 -1.29122e+12  5.65736e+10  1.08392e+12 -6.81963e+11 -8.05401e+10  5.57704e+11  1.59786e+12   1.5619e+12 -4.53957e+11 -1.56744e+12  3.16675e+11 -1.22206e+12  1.43998e+12 -1.40137e+12  1.26727e+12  5.12753e+11  1.88313e+11 -1.07097e+12  9.27707e+11  -8.6872e+11 -8.45874e+11 -6.88216e+11 -2.06353e+12
-6.58107e+11  2.31544e+12   -1.165e+12 -7.44708e+10 -1.30576e+11   5.9177e+11 -1.10968e+12 -1.99356e+12 -2.11243e+12 -1.38306e+12 -1.11007e+12  2.13383e+13 -2.20835e+12  4.75323e+10  -4.2849e+11  8.35886e+10 -5.83869e+11 -1.79381e+12 -8.07078e+11 -5.19583e+11 -3.70419e+11  6.76077e+11 -1.01097e+12 -5.72024e+11 -6.04284e+11  2.14685e+12  3.05593e+11 -1.64986e+12 -3.12738e+11 -8.56194e+11  5.26153e+11 -1.06896e+12  3.95323e+11 -1.23252e+12 -1.14586e+12  2.61315e+11  1.67837e+10 -7.32495e+10   1.9461e+12 -5.35353e+11   1.6557e+12   -2.071e+12   1.5978e+12  6.76167e+11 -2.59873e+12   2.3729e+12  8.99587e+11 -7.34098e+11 -1.62041e+12  4.90056e+11  4.77374e+11  3.27601e+10  6.79977e+11  5.94296e+11  -1.8918e+11  -6.8998e+11  1.22763e+11  1.16349e+12 -1.44802e+12  3.64698e+11  2.04706e+12  8.02408e+11  9.19659e+11  1.02309e+12  4.88638e+11  1.33832e+12  7.99929e+10  1.49906e+12 -5.65318e+11 -6.67502e+11 -5.00104e+11  7.03826e+11 -1.41544e+12  7.16276e+11  1.89006e+12 -4.32806e+10  2.33359e+12 -7.02302e+11  2.48562e+12 -1.37531e+11 -7.74938e+10  2.22509e+11 -1.14978e+11  5.80109e+11 -1.27324e+12 -2.89032e+11 -5.30974e+11 -5.66674e+11  2.17492e+12  -1.9511e+11  5.20958e+11 -6.54686e+11 -7.97443e+11 -4.49327e+11  6.76996e+11  -3.3673e+11  -1.6962e+12  -8.1884e+11 -4.80833e+11 -8.39604e+11  1.61181e+12 -2.34392e+12 -3.10819e+12 -1.10142e+12  1.25682e+12  1.14129e+12  8.82958e+11 -4.44411e+11  8.63733e+11 -1.38032e+11 -4.04678e+11  2.87966e+11  6.90163e+11  4.12425e+11   4.7292e+11 -2.20484e+11 -8.55586e+11   1.7239e+12   8.3612e+11 -5.61163e+11  1.32428e+11 -1.37335e+12 -4.09803e+11 -6.59541e+11  2.10826e+11 -8.62319e+11 -2.80488e+11  8.98814e+11 -1.44229e+12 -1.79369e+12  8.30693e+11  1.35894e+12  1.24321e+12  7.94364e+11  9.78396e+11 -2.07295e+11 -9.31184e+11  8.95606e+11  1.38122e+12  2.69234e+12 -1.25707e+11   3.6539e+11 -4.02947e+11  3.42098e+11  8.02354e+11  2.65854e+12 -4.34445e+11 -4.64673e+11 -1.02427e+12 -1.51944e+12 -1.13121e+11 -1.57258e+11  9.29215e+11 -1.66664e+12  5.37638e+11  2.89052e+11 -4.19882e+11  1.83849e+11 -1.09644e+12 -2.59597e+11  2.91739e+11 -1.06577e+12 -1.56751e+12 -5.70034e+11
 -1.9803e+12  3.32563e+12 -3.48026e+12  2.22589e+10   1.9711e+11  5.18635e+11  5.41498e+12  2.57057e+12  9.21855e+11 -1.20598e+12 -8.31403e+11 -2.20835e+12  2.66203e+13  -5.7204e+11 -4.23477e+12 -6.13441e+11  1.63279e+12 -7.00014e+11  2.59323e+12  1.18264e+12    -2.13e+11  4.92382e+11 -1.32183e+12  9.53496e+11 -5.22535e+11 -2.09953e+11  3.76856e+12 -1.01203e+12 -6.29794e+11  3.91858e+10  8.46222e+11    2.537e+12  1.98836e+11   -1.525e+12  8.10626e+11 -1.12151e+12  1.15951e+12 -1.51093e+12   1.1972e+12 -8.19865e+11 -1.86312e+12   1.4945e+12   -8.595e+11  2.61458e+12 -1.39217e+12 -1.03519e+12  2.22198e+12 -6.67169e+11 -1.24545e+12 -1.15047e+10   6.3138e+11 -7.64325e+11  7.02081e+11 -4.64983e+11  1.08053e+12 -9.11458e+10 -2.62383e+12 -9.06522e+11  3.22374e+11 -2.50864e+11 -2.61469e+12 -1.53925e+12 -1.74295e+12 -1.27864e+12  1.18383e+11 -1.68122e+12  1.73521e+12 -3.99105e+11 -1.93745e+11  1.26584e+12  -3.5982e+11 -1.07603e+12  9.23415e+10  5.80562e+11 -1.22379e+12  2.19092e+11  2.21576e+12  1.63322e+12 -8.51734e+11  1.31484e+12  1.18944e+12  2.08717e+11  1.49739e+12 -6.27155e+11  3.23955e+11  3.30377e+11  7.60434e+11  2.83545e+11  3.75302e+11 -1.13542e+12 -2.79019e+11 -7.50528e+11 -8.82348e+10 -1.37711e+12   5.6576e+11  1.09956e+12  1.74603e+12 -6.08271e+11  -1.0813e+12  6.74139e+11  9.49008e+11  9.72746e+11 -2.02894e+11  2.10289e+12 -4.47199e+11 -5.73145e+11  9.30362e+11   1.0084e+11  7.17068e+11  1.25242e+11  4.28361e+11  7.74844e+11 -3.33745e+11  1.16667e+11 -6.35857e+10 -7.29739e+11   1.0528e+12 -9.75899e+11 -2.44881e+12  1.60995e+12   3.7664e+11  6.47149e+11  -8.2971e+09 -2.02395e+11 -1.77031e+12 -7.73985e+11  1.58037e+12 -8.08999e+11  8.10311e+11  2.09899e+12  8.86953e+11  2.43906e+11  -9.4394e+11  2.42297e+11 -2.72964e+12 -3.98303e+11 -9.20009e+10 -6.25156e+11   -8.535e+11 -6.75031e+11  1.69456e+12 -6.91567e+11  8.52446e+11  1.50193e+12  6.67394e+11 -1.49792e+12 -2.90688e+11 -2.22199e+11  1.13944e+12  1.67544e+12    1.491e+12 -2.41864e+11  1.09051e+12 -1.73177e+12 -3.53588e+11 -1.28972e+12 -9.65982e+11  -2.6038e+11  1.18894e+12 -8.38455e+11  8.32201e+11 -7.96177e+11  4.77984e+11  5.49641e+11
 6.49347e+11 -2.20088e+12 -1.57379e+12 -8.30827e+10  1.01423e+12 -1.84897e+11 -2.55729e+12 -1.27849e+12  4.20721e+10  7.00921e+11 -3.01778e+12  4.75323e+10  -5.7204e+11  2.12317e+13  1.04578e+12 -9.93001e+11  4.44621e+10 -5.75144e+11 -6.03045e+11  2.09492e+12 -1.38915e+11 -2.90561e+11  2.17475e+11  5.13776e+11  1.01304e+12  5.07642e+11 -2.49551e+12  8.54983e+11  2.73012e+12  1.06611e+12 -1.55373e+12  6.89654e+11 -2.42599e+12  -6.7854e+11 -5.95123e+11  5.89663e+11 -1.98315e+10 -2.39679e+12 -1.64617e+11  1.77513e+12  2.23758e+12 -2.24659e+11  6.24287e+11 -1.57799e+12  -8.9343e+11  5.01467e+11 -1.84089e+12    9.122e+11  -1.4082e+12   4.3479e+11 -8.10761e+11 -1.02105e+12  6.98572e+11   1.6213e+12 -1.25655e+11  2.44255e+12 -5.92515e+11  4.36879e+11  1.59965e+12 -2.02121e+11 -1.19089e+11  6.57397e+11  2.51979e+11  -1.3846e+12  5.88146e+11 -9.04747e+11  2.32939e+11  3.30652e+11 -1.69111e+12  4.11928e+11 -1.39795e+12  1.08485e+12  5.01523e+11 -7.61292e+11  1.53002e+11  2.69233e+11 -8.40786e+11  3.89601e+11  1.01585e+12 -7.81448e+10  7.55916e+11  1.21634e+11 -1.11634e+12  1.19057e+12  4.75769e+11 -6.91409e+11  1.85453e+12  5.86711e+11 -6.14391e+11  6.38218e+11 -9.24991e+11  1.81771e+12  1.03662e+12 -8.82264e+11  1.02788e+12  1.13714e+12   1.5832e+12 -8.95425e+11  9.70714e+11 -1.04677e+12  5.97433e+11  -3.0984e+11 -4.49326e+11   3.8695e+10  4.57148e+11  3.10275e+11  7.13628e+11 -6.63096e+10  -1.0553e+12 -4.01066e+11  1.26642e+12 -7.78152e+11 -1.61371e+11  1.69477e+12  -7.3075e+11 -3.60233e+11  1.40095e+12  6.74908e+11 -1.88986e+11 -1.68116e+12  -1.1295e+12 -3.14135e+10 -8.63293e+10  1.83035e+12   1.0821e+12 -1.51734e+12 -5.04923e+11  1.89067e+12  5.40703e+11 -6.28965e+11  1.74197e+12    2.043e+10  -7.3879e+11 -3.75603e+11 -1.13265e+12 -1.59619e+12 -8.70882e+11   1.8434e+11   2.4855e+12 -1.52518e+12  1.06461e+12  8.33836e+11  1.78334e+11  9.25399e+11  7.50577e+11   2.5994e+11 -1.54337e+12 -1.33404e+12 -1.48718e+12  1.93739e+11  -7.5216e+11 -4.53221e+11 -9.14706e+11 -3.00828e+11  4.53795e+11 -7.01122e+10 -5.58208e+10  2.20936e+11 -1.23181e+12  2.40406e+11  1.00098e+12 -9.78116e+10  -8.1607e+11 -5.15662e+10
 2.23239e+12 -7.28301e+12  5.22976e+12    -5.45e+11 -3.08649e+11 -4.55831e+11 -5.19364e+12 -2.49564e+12 -1.54397e+12 -1.57317e+11  3.18904e+12  -4.2849e+11 -4.23477e+12  1.04578e+12  2.68859e+13 -1.31207e+12  1.08032e+12  3.56414e+10  1.03359e+11  2.29773e+12  1.38785e+11  3.22309e+11 -1.42754e+12  4.60266e+11 -4.84213e+10  1.08851e+12  3.56205e+11  7.44895e+11 -8.09433e+11  1.80672e+12 -1.51283e+12 -3.17084e+12 -1.02207e+12  2.19478e+12  3.30956e+11  2.16053e+12 -2.20758e+12  3.95624e+11 -1.40961e+12 -1.71648e+12 -1.42755e+12   1.3572e+12  6.47107e+11 -2.33054e+11  2.19503e+12 -2.14909e+12 -1.36913e+12  1.36927e+12 -2.20224e+11  8.42484e+11 -2.61227e+12 -8.97603e+11 -1.27157e+12 -2.09533e+12 -9.91894e+11  1.12175e+12 -5.08453e+11 -4.81703e+11 -1.83144e+12  -8.0208e+11 -1.29574e+12  8.47039e+11  4.94847e+10 -1.26388e+12  2.60752e+11  1.56729e+12 -1.01747e+12  1.84134e+12  3.55899e+11  -5.5784e+11 -4.59851e+10  3.94931e+11 -9.89119e+11  -1.3259e+12  3.60941e+11  3.97863e+11 -7.48328e+11  6.96774e+09 -7.05753e+11  2.32787e+12  9.97195e+10 -2.07364e+12 -7.47727e+11  3.26529e+12 -3.72088e+11  2.27574e+12 -3.35217e+11 -4.15902e+11 -2.95756e+12 -8.21147e+11  1.99275e+12 -5.01409e+10 -1.72297e+12  2.99801e+10  1.75564e+12  6.58458e+11  9.82839e+11  1.40122e+12  2.47708e+11  8.18555e+11  3.33688e+11  -7.8985e+11  1.01807e+12  2.34144e+12  4.45558e+11 -1.65494e+12 -2.40203e+11  1.03331e+12 -1.91851e+12 -1.33062e+12  3.70936e+11 -1.45535e+12   7.8599e+11  1.30235e+12  8.48241e+11 -4.61658e+11 -1.59728e+11 -1.96108e+11  5.56992e+11   1.1412e+11  5.36652e+11  5.87174e+11 -3.42656e+10 -2.14304e+11   2.5424e+12 -6.15824e+11  1.36442e+12 -6.18838e+11  9.26855e+11 -3.17859e+11 -6.83423e+11 -5.29761e+11  9.07231e+11  1.80651e+12 -7.17944e+11  9.17134e+11  1.11292e+12 -1.49974e+11  2.11056e+11 -7.76101e+11 -5.18825e+11  1.61994e+12  -3.1671e+11   2.1517e+11  7.02279e+11  1.58427e+12  1.76634e+12 -1.03906e+12  7.16554e+11 -9.70775e+10 -1.29841e+12 -8.62946e+11 -1.55623e+12 -1.04384e+12  1.02994e+12 -1.25743e+12  1.22413e+11 -9.98778e+11 -8.35306e+11  1.71751e+12   6.2284e+11  1.11599e+11  1.61551e+10 -1.38438e+12
-9.53223e+10  1.03978e+12 -8.78067e+11     2.71e+12  1.94517e+12  3.95689e+10   7.8275e+11   7.9784e+11 -2.17635e+11 -1.13026e+12  1.54601e+12  8.35886e+10 -6.13441e+11 -9.93001e+11 -1.31207e+12  2.21192e+13  2.55075e+11 -3.35112e+11 -2.56469e+11  4.97416e+11  6.76675e+11  8.75711e+11  1.36401e+12 -8.32139e+11   -9.028e+11   1.8249e+11 -9.76931e+11 -7.15719e+11 -1.87679e+11 -7.27481e+11  5.17349e+11 -4.44575e+11 -7.90636e+11 -5.86544e+11 -6.07229e+11 -1.55601e+12  1.26376e+12 -2.21813e+10 -1.43414e+12 -1.14135e+12  5.56955e+11 -1.64171e+12  2.16987e+12 -9.17982e+11  1.94253e+11 -1.05807e+12  2.83181e+12 -5.55792e+11 -1.12625e+11  -2.5658e+12 -1.43708e+11   1.7181e+11  3.53936e+11  4.69778e+11 -7.61645e+11 -3.56591e+11  4.08437e+11  5.48974e+11   -2.267e+12 -9.49876e+10 -4.48197e+11  3.52851e+11   1.0634e+12   8.5569e+11   6.2052e+11  1.15337e+12  4.71623e+11  3.07057e+09   1.3423e+12  6.38361e+11  1.38122e+12 -1.79182e+12 -4.85991e+11  7.57501e+11 -8.03855e+11  2.98832e+11 -7.54073e+11 -1.35635e+12 -1.39874e+11 -1.99689e+11 -1.52471e+12 -7.44987e+11 -7.27992e+10  1.90357e+11 -1.64275e+12  1.93161e+12 -9.32186e+11  -9.1238e+11  5.60922e+11 -1.24395e+12  4.23272e+11  1.76575e+12 -6.41064e+11 -6.21253e+10  1.17118e+12  1.82066e+12 -8.38374e+11 -1.47731e+11 -1.36238e+12  1.30904e+12 -1.64033e+11 -3.04708e+11  7.70856e+11 -5.62894e+11 -7.84509e+11  1.23099e+12  1.23688e+12 -1.43675e+12 -1.12049e+12 -6.62998e+11   5.3027e+11   3.5607e+08   1.9182e+11 -1.45367e+12  4.46629e+11  1.77685e+12  5.94953e+10 -1.02113e+12   2.4629e+11 -8.40484e+10 -2.84228e+11 -6.91583e+11  6.17548e+11 -1.28602e+11  5.11486e+11 -6.74032e+11  -7.6765e+11  5.38161e+10  1.79437e+12  -4.3614e+11 -4.94663e+11 -2.36692e+11  8.88877e+09  4.14641e+11 -2.49053e+11  1.33392e+11  2.66412e+11  1.38359e+12 -1.76024e+11  5.50696e+11   1.6064e+11 -3.52562e+10  2.99237e+11 -6.57359e+11 -9.78306e+11  -6.5233e+10 -2.61428e+11  1.26977e+12 -9.07967e+11 -5.79834e+11 -2.29727e+12  1.26393e+12  9.43939e+11    2.946e+11  3.95943e+11  5.30729e+11  1.30609e+11 -7.23079e+11 -6.03145e+10  4.61083e+11   1.0093e+11 -4.20288e+10  8.39212e+11 -2.89649e+11
-8.28729e+11  -1.4851e+11  5.74365e+10   1.1524e+12 -5.05375e+11 -5.32906e+11  1.19874e+12  4.74168e+11  1.86867e+12  -1.8356e+12    1.257e+12 -5.83869e+11  1.63279e+12  4.44621e+10  1.08032e+12  2.55075e+11  2.15521e+13 -2.03747e+12  1.81286e+12  1.99581e+12  1.93935e+12   3.7189e+11 -2.24684e+11  8.49594e+11  4.39458e+11  1.49149e+12  2.12604e+12  2.84189e+11  1.58046e+12  2.05181e+11   5.5446e+11  5.83851e+11  2.09035e+12 -6.59058e+11  1.97757e+11  -2.0868e+11 -2.80354e+10 -1.10877e+12 -2.20777e+12   1.3807e+12  1.29077e+11  1.47817e+10   6.5588e+11  -1.7274e+12  4.59535e+11  3.97286e+10  6.53351e+11  1.54263e+12 -3.49696e+11 -7.82257e+11  2.09403e+12 -8.30689e+11  3.72958e+11 -7.86149e+10 -1.70152e+12 -8.42481e+11 -2.57769e+12 -4.31833e+09  3.23249e+12  5.61249e+11 -1.55105e+11  5.67381e+11  1.43363e+12  -2.0086e+11  3.09427e+11  3.66738e+11  1.22235e+12    5.195e+11 -9.73732e+11 -1.50837e+11  2.13802e+11  1.50771e+12 -9.22263e+10   8.1773e+11 -1.24746e+11 -2.07036e+12 -2.15503e+12  1.02712e+12   1.1984e+12 -3.29171e+11   9.9018e+10 -1.06154e+12  -1.7386e+12  1.07545e+12 -1.12294e+11  1.42379e+12  2.23301e+11 -1.39605e+12 -9.59804e+11  -9.3892e+11 -2.10158e+11 -1.85572e+12  5.31302e+11  1.81612e+12  1.26266e+12 -2.21587e+11  1.08031e+12  1.61639e+12  2.29294e+11  7.39216e+11 -1.36461e+12  6.56468e+10  8.81116e+11  9.14776e+11 -1.18032e+12 -1.28016e+12  1.44824e+12 -5.63608e+11 -1.70226e+12  7.05515e+08  5.33996e+11  -1.6142e+12 -4.95055e+10 -2.75225e+11 -1.13819e+12  1.17166e+12  1.07314e+12 -8.84726e+11 -2.00975e+12  8.25163e+11  2.45006e+11 -3.10341e+11  3.37175e+11  5.01294e+11  1.13911e+12 -4.76741e+11  4.69042e+11  3.86658e+11  1.89334e+11  6.47375e+11 -6.72456e+11 -1.15482e+11  6.06249e+11  4.10125e+11 -3.01064e+11 -3.73744e+11  9.16862e+11 -2.29614e+10 -1.04153e+12  4.49241e+11 -2.98349e+11  1.30465e+12 -5.86871e+11 -7.77402e+11  1.87019e+12  -9.9741e+11 -8.68568e+11  9.34108e+11  2.03765e+12   1.1157e+11 -1.38962e+11 -1.39844e+12 -2.02194e+11 -1.29702e+11 -3.62545e+11  1.18904e+12  1.18055e+12  1.32356e+12  1.51564e+11  -3.0158e+11  1.28702e+12 -2.19597e+11 -3.86259e+11  3.89429e+11
 7.25958e+10 -7.60631e+11  1.72046e+12 -6.64181e+11 -1.86192e+11 -1.34562e+12 -7.73461e+11  2.49227e+12 -1.85524e+12  3.80864e+12  2.45624e+12 -1.79381e+12 -7.00014e+11 -5.75144e+11  3.56414e+10 -3.35112e+11 -2.03747e+12  2.19518e+13  1.23432e+12  4.00643e+11 -1.17996e+11 -1.92816e+10  1.37513e+11  1.60012e+12  1.24598e+12 -1.30362e+12  5.76214e+11  -1.3958e+11   3.2322e+11 -2.20489e+11  7.36113e+11 -1.34059e+12 -3.46916e+10  3.72703e+11  1.93419e+12 -9.14064e+11  4.71147e+11  1.82615e+12 -2.17054e+12 -1.92702e+11  -1.5729e+11 -3.33138e+11  5.12119e+11  4.41617e+11  5.07082e+11  2.37786e+12  5.79724e+11 -1.93127e+12   3.3152e+11 -7.55045e+11 -1.87323e+12 -1.18781e+12 -1.94173e+12  1.81315e+12  5.12791e+11  8.83893e+11  1.52039e+12  1.00614e+12  -4.4748e+11 -5.36713e+10 -6.34434e+11 -2.33593e+11  3.93704e+11 -1.61488e+12 -1.71276e+12 -4.87613e+11 -1.95772e+12 -1.76856e+12  -5.0159e+11  4.09841e+11  1.35085e+12  6.70034e+10 -3.32503e+11  8.28073e+11  6.95766e+11 -1.64632e+12 -9.85256e+11 -1.67546e+12 -5.09362e+10    2.522e+12 -2.08118e+11  8.14871e+11  5.65695e+11  9.88257e+11  5.91334e+10   2.9589e+11  -3.5171e+11  3.75622e+11 -1.00086e+12  6.45284e+11  -2.3217e+11  1.29537e+12  1.77412e+12  1.04507e+11 -1.39736e+12 -1.15759e+12 -2.06391e+11 -4.24906e+11  3.30663e+11   -1.239e+12   3.6685e+11   -8.057e+11 -1.48381e+11  1.10904e+12  1.24496e+12  2.89935e+11  6.25946e+11 -9.53478e+11  2.12405e+12  -6.2341e+11 -4.22521e+11 -2.32571e+11  5.61975e+11 -8.68162e+10  1.02978e+12 -6.18094e+11  7.00844e+11 -4.93939e+11 -6.12992e+11 -2.26195e+12  8.77416e+11  1.36733e+12  2.65352e+11  5.55162e+11 -8.54876e+10  -6.9174e+11  1.08096e+11  8.59764e+11  9.05246e+11  1.49641e+12 -1.71976e+11  -4.8633e+11  1.32091e+12   8.3779e+11   2.2811e+11  5.88785e+11 -1.70667e+12 -1.31725e+12 -9.57174e+11   6.0706e+11 -1.40594e+12 -1.04838e+12 -2.24904e+11  1.90596e+12 -2.42673e+12 -1.61518e+12  6.32831e+11   1.6341e+12  1.00253e+12  3.97855e+11 -2.00483e+12 -4.96032e+10  1.21788e+12  7.04902e+11   1.2885e+11  5.37758e+11    3.692e+11  3.50649e+11 -2.78465e+11  2.40926e+12 -1.61167e+12 -5.14056e+11  1.44999e+12 -9.65869e+11
