 1.91641e+13 -2.57474e+13  8.52514e+12 -4.70358e+12   3.5384e+12 -4.90218e+12 -2.26158e+13 -1.34056e+13  3.24328e+12 -2.54621e+12 -3.66085e+12 -5.26485e+12 -1.58424e+13  5.19478e+12  1.78591e+13 -7.62578e+11 -6.62983e+12  5.80767e+11 -4.35277e+11 -9.58077e+11 -4.63345e+11 -1.60192e+12 -2.90181e+12 -1.63702e+12  1.72672e+10 -8.04397e+11 -8.38808e+11 -5.88492e+09  5.13133e+10  6.09106e+12 -4.57115e+12 -3.53106e+12 -4.04532e+12  2.87741e+12  2.39479e+11   2.2383e+12  2.41248e+12  -2.3866e+12 -1.25061e+09 -2.30881e+12  7.44752e+12  7.36071e+11  6.56291e+12  8.25923e+11  6.87608e+12 -4.37587e+12  9.82059e+11  1.42377e+12  6.06951e+12 -4.86842e+11 -7.15358e+12  1.11936e+12 -4.35494e+12 -5.78357e+12 -7.29535e+12 -1.82882e+11  6.37228e+12 -4.55455e+10 -8.56633e+11  3.46844e+12 -4.81324e+11  2.93859e+12 -3.06756e+12 -1.73147e+12  2.12935e+12 -3.77702e+12 -3.08547e+12  1.13934e+12  1.54058e+12  -9.6907e+11  4.51476e+12 -5.46858e+12  1.72646e+11 -1.09105e+12  2.59545e+12  4.99209e+12 -5.04669e+12 -9.73632e+12   -2.257e+12   9.1909e+11 -9.41868e+10  2.19756e+12 -4.07096e+12  3.40928e+12 -7.13901e+11  2.94969e+12  2.00865e+12  2.43307e+12 -2.47165e+12  3.35345e+12  2.48387e+11  9.42915e+11 -1.89345e+12 -9.90472e+11  7.80672e+11  3.22484e+12  5.17309e+12 -4.56897e+11 -6.01126e+11  2.91035e+12  1.93711e+11  9.53742e+11 -4.68321e+11  2.21731e+12 -1.60118e+12  3.82717e+12  1.50308e+12 -2.04151e+12 -6.84494e+12  2.57527e+12  1.84133e+12  1.26396e+12  4.02534e+12  6.19942e+12  4.04338e+12 -2.43117e+11 -7.78603e+10  4.63118e+12  2.41381e+12 -1.84208e+12  4.25056e+12 -9.12583e+11 -5.62546e+12  4.18343e+12  1.89366e+12 -1.48506e+12 -1.39033e+12  2.90386e+12 -6.62582e+12 -1.48589e+12  6.33748e+11  -1.5381e+12  -3.4901e+12  4.93037e+12  2.37025e+12  2.10141e+12  -6.9146e+11  2.00502e+12  3.36333e+12 -2.42173e+12  4.45841e+12  7.49409e+11 -2.54916e+12  1.24901e+12 -8.72073e+11 -1.02319e+12  4.51119e+12 -3.23472e+12  1.49037e+12 -6.99849e+11 -3.79588e+11 -4.85619e+12 -7.86324e+11 -1.88528e+12   4.1121e+12 -2.93032e+12 -3.48801e+12 -2.15193e+12 -2.74218e+12  1.57892e+12  2.91208e+12  1.22126e+12  -1.0219e+12 -1.08665e+11
-2.57474e+13    1.808e+14 -3.19008e+13  3.42221e+13  2.28001e+13  1.73139e+13   6.6528e+13   2.9927e+13  6.39058e+12  7.43098e+12  -3.2077e+13  1.85235e+13  2.66051e+13  -1.7607e+13  -5.8264e+13  8.31823e+12 -1.18808e+12 -6.08504e+12 -4.11585e+12 -1.34786e+13  6.41035e+12 -2.64752e+13  7.70911e+12 -1.65943e+13  2.26241e+12  1.77901e+12  2.97152e+11  6.42587e+11 -1.18262e+13 -3.60396e+12  3.38858e+12  6.12835e+12  3.43944e+12 -1.27295e+13 -1.83968e+13  3.19673e+11  7.75613e+11  6.63222e+12  -7.4092e+10  7.55154e+12 -1.18204e+13 -3.85245e+11  -1.7686e+13  1.97027e+13 -1.20222e+13 -4.01062e+12  7.84472e+12  2.20298e+12  2.71954e+11 -1.27073e+12  1.89917e+13   1.8563e+13  5.81101e+12  1.14214e+13  1.00908e+13 -1.24483e+13 -3.37554e+12 -1.92597e+13 -3.43651e+12 -5.58395e+12  1.08754e+13 -1.65748e+13  2.34657e+12  1.00432e+13 -6.26173e+12  -1.4318e+13 -1.15069e+12 -2.00673e+13  1.59355e+12 -1.82775e+13 -7.01759e+12  4.87986e+11 -1.09763e+13   3.1322e+12 -9.09138e+12 -2.19826e+12  5.94642e+12  4.63103e+12   5.6839e+12 -7.47393e+12  7.24165e+12 -1.04008e+13 -9.61504e+11 -1.48559e+13  1.00994e+13 -5.45642e+12  2.39867e+12  7.83934e+12 -1.00479e+12 -1.51543e+13 -3.53663e+11 -5.02018e+12  1.01943e+13  -2.0066e+13 -2.61312e+12  4.13269e+12  -1.5545e+13    -1.16e+13  1.09118e+13 -4.58428e+12  7.45926e+11   3.6004e+12 -3.95105e+12 -1.05909e+13  5.52262e+12  4.48671e+12  5.65946e+12 -9.39218e+11  1.89789e+13 -1.26284e+13  6.32701e+12   4.7786e+12  -5.8842e+12 -6.83879e+12 -1.13669e+13 -8.82476e+12   5.7556e+12 -9.24545e+12 -1.18018e+12 -3.08784e+12 -7.56699e+12  1.39462e+13 -1.13967e+12 -6.95684e+12  2.44776e+12  3.03175e+12 -2.69336e+11 -5.78346e+12  1.17297e+12   1.3602e+12  7.22872e+12  1.38361e+12  -8.6164e+12 -6.68645e+12 -5.06788e+12 -1.56754e+13 -7.80679e+12  4.23245e+12  1.03358e+13   1.1058e+13  1.66587e+12  1.92736e+13 -1.37014e+12 -1.58268e+11  8.44099e+12  5.41455e+11 -1.55802e+12 -2.04688e+11 -1.31964e+13 -1.02433e+12  4.48497e+12  1.06119e+13  6.83799e+12 -1.63261e+12 -7.14878e+12  3.71355e+12 -6.11488e+12 -7.67144e+12  6.12709e+12 -9.56405e+12  1.26004e+12 -5.14339e+11  2.25588e+12  6.04465e+12
 8.52514e+12 -3.19008e+13   1.3649e+14 -1.84272e+12  6.70708e+12 -1.49965e+13 -2.32636e+13 -1.13471e+13  1.44158e+13   1.0033e+13  1.83358e+13 -9.31997e+12 -2.78421e+13 -1.25903e+13  4.18381e+13 -7.02454e+12  4.59492e+11  1.37637e+13 -6.01472e+12 -4.62886e+12  7.61656e+12  -2.1466e+12  -8.8953e+11 -2.10224e+12  5.58825e+12  6.60475e+12  2.09768e+12 -3.69232e+12 -3.14953e+12  1.65195e+13   1.5722e+12  2.88795e+12 -4.82683e+12   1.2138e+13 -3.87169e+12 -3.74556e+12  4.88046e+12  7.49357e+12 -1.18758e+13  4.75739e+12 -2.95897e+12  6.44078e+12  2.41319e+12 -3.15666e+12  1.27724e+13  9.06484e+12 -5.06837e+12 -2.12959e+12 -2.91236e+12 -3.78662e+12 -6.07511e+12 -5.24809e+12 -5.31816e+12 -5.51848e+12 -1.88702e+13  7.53762e+12 -2.42493e+12 -5.80659e+12  6.68445e+12 -7.59227e+12 -4.10062e+12 -4.67618e+12  2.77937e+12 -1.67284e+13  3.28893e+12  -2.3996e+12  1.71547e+11   -3.633e+12  9.40799e+12  -6.9108e+12  1.10897e+13 -3.90735e+12  6.34077e+12 -1.15156e+13 -7.15458e+11 -4.14695e+12 -1.91866e+13 -2.43395e+12 -4.87849e+12  4.40359e+11 -1.00355e+12   1.1161e+12  1.05278e+11 -1.48603e+12  4.47118e+12  6.22461e+12 -8.05741e+11  7.69868e+12 -2.37354e+13  3.76402e+12  7.70821e+12 -1.35129e+12 -1.96758e+12  9.81159e+12  5.81782e+12 -4.85535e+12 -3.96797e+11  1.24647e+13  1.00678e+13 -4.37831e+12  -1.1693e+13 -2.75704e+12   2.8376e+12  8.25053e+12  4.59427e+12  9.65492e+12 -3.60663e+12 -7.81925e+12 -4.37184e+11 -5.01842e+12 -5.30554e+12 -3.28883e+12  1.25101e+13 -5.68753e+12 -3.09303e+10 -1.05964e+12  7.97789e+12 -3.63604e+12 -7.94053e+11 -1.12213e+13  1.06742e+12 -2.24868e+12   7.3191e+12  9.63984e+12 -1.20443e+11  1.30735e+13 -1.20932e+13  5.64479e+12 -6.47168e+12  1.15859e+12 -1.52731e+13 -8.26245e+12  8.42388e+11  6.24194e+10  9.58821e+12  1.32319e+12   4.3491e+12  1.10599e+13  -5.8896e+12 -9.26601e+12 -1.07788e+13  1.08411e+12  7.53527e+12  -7.7578e+12  5.32953e+11 -7.02802e+12  5.37704e+12  1.53436e+12  1.30811e+13  6.23734e+11 -1.27319e+12 -3.35382e+11 -8.27923e+12   4.1987e+12    1.042e+13 -1.39843e+13  1.39483e+12 -3.28214e+12 -4.26222e+12  3.55368e+12  5.44489e+12 -8.00558e+11  3.05814e+12 -6.46711e+12
-4.70358e+12  3.42221e+13 -1.84272e+12  1.73674e+14  2.49923e+13  1.38479e+13  1.37462e+12 -1.13345e+13 -2.15783e+13  2.08785e+13 -2.79306e+11 -5.95766e+11  1.78071e+11 -6.64662e+11    -4.36e+12    2.168e+13  9.21916e+12 -5.31345e+12  7.02294e+12 -7.55583e+11 -7.23976e+12 -3.06336e+12  4.69455e+12  3.83007e+12 -9.58867e+12  5.86516e+12 -8.84903e+12 -2.00416e+13 -2.78956e+12 -1.15419e+13  4.19285e+10  -6.7586e+12 -1.73512e+13  1.23658e+12 -3.81539e+12 -1.13046e+13 -1.45141e+12  1.26069e+13 -1.12073e+13  1.24052e+13 -6.61312e+12  8.25102e+12  3.14575e+12 -7.96226e+12 -4.11704e+12 -1.13372e+13  4.01165e+12   2.7456e+12  3.34132e+12 -4.74323e+12  3.53119e+12  1.53996e+13  -5.4945e+12 -2.81821e+12 -4.48162e+12  8.77207e+12  1.19386e+12 -6.48259e+12 -9.32214e+12  -8.0816e+12  1.09055e+12  -2.6905e+12 -5.42046e+11 -3.05159e+12 -1.68261e+13 -1.75928e+12   2.3071e+13 -1.61676e+13  -4.0325e+12 -5.58053e+12 -2.39315e+12   7.6766e+12 -9.82868e+12  5.42837e+12 -1.03599e+13 -1.58488e+13 -2.55987e+12  1.23357e+13 -1.20651e+13 -2.08547e+12 -9.23995e+11 -6.91108e+12  1.30908e+12   3.7772e+12  1.22152e+12  6.74828e+12  9.31667e+12  -1.1271e+13  6.54338e+11 -2.11362e+13  7.00251e+12  4.62325e+12  6.10345e+12 -9.78756e+11  1.57605e+13  9.85356e+12  2.34463e+11  1.21269e+13  3.27266e+12 -5.64178e+12  1.06894e+13  1.40965e+13   4.3925e+12 -2.94501e+12 -6.74952e+12  2.02173e+13  9.04009e+12 -1.13701e+13  1.89969e+13 -1.22169e+13   5.1423e+12  -2.5499e+12 -8.58133e+12  2.54405e+11 -2.94159e+12  1.83132e+13  1.14308e+13 -5.61865e+12  3.37105e+12 -2.79686e+12 -2.44388e+12  4.78655e+12  1.67076e+13  -3.3362e+12  5.37327e+12 -2.00223e+13  2.17931e+12 -7.71015e+12   3.8271e+12 -1.05927e+13  7.25928e+12 -4.38883e+12 -1.01544e+13 -5.58599e+12 -3.13048e+12 -1.07989e+13 -2.01529e+11 -4.36901e+12  6.77755e+12  2.46133e+12 -4.53484e+12  4.88797e+12  4.00818e+11  2.61257e+10  6.59117e+12 -1.35408e+13 -1.05665e+13 -2.73388e+11 -7.80248e+12 -1.97473e+12 -4.82028e+12  4.81955e+12 -1.29419e+12  1.36782e+12  3.98963e+12 -2.13962e+12  1.74343e+11 -2.33933e+12  5.09343e+12 -6.33575e+12 -4.76754e+12 -1.39146e+13   2.1446e+12 -9.20452e+12
  3.5384e+12  2.28001e+13  6.70708e+12  2.49923e+13  1.33761e+14 -2.06447e+13 -7.57263e+12 -8.19525e+12  1.40469e+13  1.14694e+13 -1.43503e+13 -1.04461e+12  1.57688e+12  8.11381e+12  -2.4692e+12  1.55613e+13   -4.043e+12 -1.48954e+12 -2.06232e+12  6.63955e+12 -5.51191e+12 -8.63087e+12  8.42114e+12  -1.7007e+13   4.7458e+11  1.26054e+12 -1.81571e+13 -7.21452e+12  -8.2343e+12   -3.251e+12 -8.44748e+12 -1.82597e+12 -6.77135e+12 -3.52972e+12 -1.18459e+13  5.83334e+12  2.75887e+12  5.76197e+12 -1.89364e+12  8.23687e+12 -3.91597e+12  1.21691e+13  4.47912e+12  3.58116e+12 -5.76052e+12 -1.71308e+13  9.99017e+12 -6.34311e+12  9.07687e+12  2.90088e+12  5.13999e+12  1.36699e+13  3.60039e+12 -2.30641e+12 -9.31981e+12 -2.28798e+12  4.54087e+12 -8.09794e+12 -1.21144e+13  -6.3648e+12 -1.99049e+12 -1.69374e+13 -1.05982e+13  3.83917e+12 -7.46196e+12 -5.06762e+12 -4.74335e+12 -1.51855e+13  9.35723e+12 -1.09674e+13  3.24639e+12  7.97623e+12  6.90036e+11    2.924e+12 -1.00699e+13  3.78099e+12 -6.27797e+12 -6.42562e+11 -1.11606e+13 -3.26305e+12  9.78658e+12  3.32281e+12  1.99296e+12 -1.19947e+13  1.59515e+13 -2.47584e+12  6.85426e+12  7.87391e+12 -8.60246e+12  -2.6988e+12   8.0986e+11     3.64e+12  8.32163e+12 -6.44302e+12  6.54607e+12 -3.10653e+12 -2.94499e+12 -2.53749e+12 -1.92892e+12  9.62383e+11  5.50354e+12  1.01782e+13 -1.10069e+13 -3.31743e+12 -3.25221e+12  9.73549e+12  9.77798e+12  -6.9193e+12  5.41571e+12  4.88928e+12    9.137e+12  3.73804e+12 -1.00742e+13   7.3538e+12  3.56956e+12 -1.56349e+12  1.30169e+13 -4.09775e+12 -4.41835e+12 -6.69113e+12 -6.07538e+12  1.16813e+13  3.55393e+12  3.70701e+11  2.86073e+12 -6.53147e+12  4.44095e+12  3.89009e+12 -3.65157e+12 -6.74268e+11  1.42097e+13 -5.20062e+12 -7.59831e+12 -8.49522e+12  6.92468e+12 -1.02573e+13  4.42265e+12  -3.0392e+12  8.85282e+12  3.05001e+12  3.62759e+12  4.40084e+12 -1.37181e+13  9.31492e+12 -1.30395e+12 -6.74795e+12  2.48208e+12 -1.11809e+13 -9.50818e+11 -4.14166e+12 -6.52936e+12  8.89225e+11  8.25271e+12  3.16253e+12  8.46362e+12  -2.5412e+12  2.86474e+11 -7.82983e+12 -4.21045e+12 -7.26255e+12   4.0784e+12  3.52658e+12  8.27598e+12 -3.33528e+12
-4.90218e+12  1.73139e+13 -1.49965e+13  1.38479e+13 -2.06447e+13  1.50452e+14 -1.35924e+13  1.69609e+13 -2.13225e+12  -1.3264e+13 -2.03163e+13  4.73416e+12  4.14908e+12 -1.47917e+12 -3.64665e+12  3.16551e+11 -4.26325e+12 -1.07649e+13 -3.19609e+12  2.01633e+13 -1.64036e+12 -1.92649e+13 -1.49112e+13   7.7656e+12  2.27127e+12  1.34388e+13 -6.60393e+11  4.97122e+12  7.54827e+12  -8.8599e+12  5.20829e+12  -5.0326e+11  3.34758e+12  3.88975e+11 -1.70804e+13 -2.69666e+11 -6.45174e+12   5.8957e+12 -1.13558e+13 -2.62024e+12  1.03975e+13     1.16e+13  1.56638e+12  4.00052e+12  9.63952e+12  9.09042e+12  7.89817e+11  8.89876e+11  3.61904e+12 -6.26677e+12  5.43093e+12  1.32184e+12  1.11511e+12 -1.03746e+13 -9.89526e+12 -7.09221e+12  1.06321e+13  1.19151e+13  1.18903e+12  1.37118e+13  6.25107e+12 -5.08602e+12  5.27172e+12  2.24473e+12  7.73103e+11 -2.76126e+12 -2.03192e+12 -1.00351e+13  5.91245e+12 -3.05093e+12  4.82384e+12  8.05925e+12  9.56339e+12 -4.98082e+12 -9.54016e+12 -2.70945e+09  8.24583e+12 -2.50298e+12 -2.68638e+12  6.40444e+12  9.78901e+11 -1.15118e+13  5.96327e+12  1.41816e+11 -1.68604e+12   4.2393e+12  3.32851e+11 -1.41212e+12 -7.64417e+12 -8.86749e+12  4.11302e+12 -5.82919e+12 -1.00396e+12 -9.81922e+12 -5.68872e+12  1.72322e+12  5.60947e+12  6.36201e+12 -1.21542e+13 -4.29763e+12  1.28378e+13  3.54879e+11  1.49067e+12  -1.1366e+13 -7.51084e+12  2.34076e+12 -9.75563e+12  9.04282e+12  2.43128e+12  3.81954e+12 -8.43993e+12  4.71282e+12 -6.67463e+12  1.28458e+12 -3.96712e+12 -1.20105e+12 -6.72596e+12 -1.88533e+12  6.15273e+12  3.79585e+11  2.04054e+12 -6.58363e+12 -5.76305e+12 -1.32719e+13 -2.98815e+12 -1.74232e+13  7.35744e+12 -1.27785e+13  2.29328e+12 -1.80772e+12  5.87911e+12  7.79604e+12  3.55008e+12 -4.41205e+12  6.98922e+12  6.58576e+12  7.38051e+12  2.92874e+12 -4.74269e+12  4.41771e+12   1.1066e+13  7.34397e+12 -8.54324e+12 -6.22009e+12 -4.11044e+12  3.09583e+12   7.5078e+12  1.98664e+12 -5.42596e+12 -1.12543e+12 -1.54795e+12  8.95586e+12  -9.9396e+12  2.33444e+12 -1.00567e+13 -8.39974e+12 -1.36691e+13 -2.17844e+12 -4.75427e+11 -2.87723e+12 -3.82354e+12 -1.18393e+12  -6.0392e+11 -6.50222e+12
-2.26158e+13   6.6528e+13 -2.32636e+13  1.37462e+12 -7.57263e+12 -1.35924e+13  1.95096e+14  2.77698e+13  1.22561e+11 -4.02491e+12  9.96811e+12 -8.87744e+12  4.33199e+13 -2.04584e+13 -4.15491e+13    6.262e+12  9.58993e+12 -6.18769e+12  3.49078e+12 -1.21553e+13 -8.03329e+12  9.71455e+12 -1.40686e+13 -2.01782e+13  9.77291e+12  -8.3061e+12  1.04597e+13  2.57407e+13 -5.64634e+10 -1.39674e+12 -6.25982e+12 -4.86805e+11  1.25339e+13  9.35583e+11 -1.82062e+13 -1.25001e+13  6.76147e+12  2.06211e+13  1.24607e+12 -6.91565e+12  3.54159e+12 -2.56331e+12 -2.26365e+12  3.44141e+12  -7.5841e+12 -1.23475e+13 -7.29505e+11 -6.20977e+12  1.14437e+13 -8.01046e+12   1.3915e+13 -8.58446e+12 -4.84455e+11  1.11837e+13  1.32891e+13 -2.45066e+12 -2.12355e+13 -7.26274e+12 -6.03343e+12 -9.33417e+12  7.58528e+09  -5.9613e+12  6.82169e+11  3.62296e+11  3.34401e+12 -8.86609e+12   6.7913e+12 -3.16588e+12  -2.6981e+12 -2.21759e+12 -3.56609e+12 -1.54574e+13   9.1884e+12  1.14567e+13 -6.14603e+12 -7.86252e+12  1.56577e+12  1.12192e+13  2.36762e+11 -1.03234e+13  3.73487e+12  1.26988e+13  1.51637e+13 -1.68836e+13  5.59361e+12  4.39742e+12  -1.1967e+12  9.38129e+12 -7.55861e+12 -4.74738e+12 -1.37035e+13 -1.41932e+12  4.02965e+12 -4.22703e+12 -2.67836e+12  2.72022e+12 -1.38973e+13 -6.52013e+12  1.45723e+13  1.36149e+13 -5.80707e+12  1.41168e+13  6.60658e+12 -8.62927e+12  6.81157e+08 -1.66774e+13  2.55402e+10    7.456e+12  1.48523e+13 -1.89986e+12    1.418e+13 -7.22104e+12 -5.23878e+12 -7.61952e+12 -3.07218e+12 -2.95056e+12 -1.90415e+12 -4.28513e+12 -2.10534e+12  2.78282e+12 -3.56283e+12  1.27522e+12  2.88958e+12  2.89271e+12 -5.45733e+12  1.20096e+13 -1.42505e+13  5.65166e+11 -5.52086e+12  2.31935e+12  1.31875e+13   3.0846e+12 -1.13703e+13  -8.7694e+12 -1.56996e+13 -6.42639e+12 -1.87646e+13 -1.31479e+12  3.82301e+12 -2.35054e+12 -2.76748e+12   6.2419e+12  1.16832e+13  5.32922e+12  1.35765e+13  4.16913e+12   1.3198e+12  5.01641e+11  -1.2317e+13  1.53213e+13  9.70635e+12 -3.38464e+12  3.53719e+12  1.85714e+12 -2.88156e+12  8.47191e+11 -9.33254e+10  1.18652e+13  6.68509e+11  1.69292e+12  -2.0376e+12  1.84005e+12  4.58037e+12 -4.30685e+11
-1.34056e+13   2.9927e+13 -1.13471e+13 -1.13345e+13 -8.19525e+12  1.69609e+13  2.77698e+13  1.89539e+14 -2.71306e+13   3.3422e+12  1.00998e+13 -1.59485e+13  2.05645e+13 -1.02279e+13 -1.99652e+13  6.38272e+12  3.79334e+12  1.99382e+13  5.60454e+11  1.28614e+13  2.28023e+12  1.97263e+13 -3.02595e+13  1.15343e+13  4.99715e+12  5.46513e+11  6.74135e+12  1.51654e+13  9.77624e+12 -2.52779e+13  1.15786e+13  1.91158e+13  1.23284e+13 -1.03478e+13  1.83861e+12 -1.12658e+13 -1.65726e+13  1.60735e+13 -6.07671e+12 -4.72793e+11 -8.79027e+12  1.65262e+11  3.01816e+12   3.4015e+12  1.49991e+13  1.34926e+13  -7.2683e+11  6.95331e+12 -6.27902e+12  4.33818e+12  7.16403e+12 -6.12133e+12 -4.53121e+12  1.68308e+10  1.11836e+13   3.4238e+11  4.22532e+12 -2.01336e+12  8.72552e+12  3.32831e+12 -3.91138e+12  1.12208e+13   4.3975e+12  1.93674e+12 -4.37687e+12   1.1651e+13  6.52485e+11 -4.72984e+12  1.15533e+13  1.25968e+13  5.27831e+12 -1.26955e+13 -7.02921e+12  6.16255e+12 -4.28577e+12 -1.36634e+13 -5.09182e+12  7.11535e+12 -8.63665e+12  -1.9556e+12 -4.58926e+12  9.68466e+12  1.09185e+13  4.33456e+12 -4.60462e+12  1.65541e+13  1.81577e+12  1.91572e+12 -4.60525e+12  1.33425e+12 -1.05317e+13 -5.55049e+12 -1.50223e+12   -2.542e+12 -1.54748e+13 -1.29939e+13   2.3569e+12 -2.03896e+12 -1.34533e+12  4.17871e+12  5.27035e+12  1.42361e+13  1.40296e+13  1.25897e+12  1.42512e+13  -1.3112e+13 -1.40093e+13 -8.79241e+12 -1.79156e+13 -3.78236e+12  4.27593e+11 -5.67329e+12  7.97131e+12 -1.20796e+13 -1.17962e+13 -2.96514e+12  1.24419e+13  2.43214e+12 -6.82555e+11  3.58959e+12   1.7867e+12  1.17018e+13 -1.23472e+13 -3.76897e+12 -8.34077e+12  3.38207e+12  1.46592e+13  8.08542e+12  6.88744e+12  1.32281e+13 -1.05943e+13   3.8859e+12  1.47117e+13 -1.15635e+12  -6.7047e+12 -2.13395e+12  7.89236e+12 -5.14576e+12 -1.21529e+13  1.15724e+13 -2.07796e+13 -6.16047e+12  -3.9869e+11  6.00264e+11 -7.21363e+12 -1.56572e+12  1.38439e+12  9.41258e+12  3.57259e+12 -2.97446e+12 -4.32926e+12 -4.71316e+11 -2.25788e+12 -7.91719e+11 -3.63296e+12  8.91933e+12  1.47184e+13  1.47292e+13  8.77744e+12  2.72055e+12 -9.36739e+12  1.86199e+12  3.25921e+12 -3.68895e+12
 3.24328e+12  6.39058e+12  1.44158e+13 -2.15783e+13  1.40469e+13 -2.13225e+12  1.22561e+11 -2.71306e+13  1.61671e+14  5.15217e+12 -2.06552e+12 -1.68995e+13  7.37484e+12  3.36577e+11 -1.23517e+13 -1.74108e+12  1.49493e+13  -1.4842e+13 -2.63746e+12 -3.04484e+11  1.41942e+13 -1.63723e+13  -5.5489e+12 -1.00836e+13 -2.39072e+12 -2.45583e+12 -3.04636e+12 -4.22161e+11 -1.33801e+13  9.55373e+12 -3.69716e+12  4.90519e+12 -2.34654e+12 -1.12838e+13  1.75704e+11   1.4173e+13  4.57079e+12 -8.40164e+12 -3.30276e+12 -3.63625e+12  4.20201e+12 -6.54859e+12 -1.09699e+13 -3.26187e+12 -3.64726e+12 -1.83107e+13  1.09973e+13 -2.68692e+12  2.60138e+11 -1.33538e+11 -6.16122e+12  8.35987e+11 -1.11169e+13   2.4103e+12 -4.97098e+12 -1.76601e+13 -1.10269e+13 -2.58155e+12 -4.65147e+12 -2.59434e+10 -5.38275e+12 -6.69025e+12  7.96541e+12  3.81507e+12  6.32548e+12 -2.00738e+13  4.26628e+12  3.48255e+12  1.60853e+13 -2.59631e+12 -2.09431e+12 -1.07177e+13 -4.71027e+12  2.55286e+12  1.21902e+13  1.01749e+13  -1.5081e+12  5.91253e+11  1.73176e+12  4.07981e+12 -5.15348e+12  7.04792e+12 -1.33626e+13 -1.70577e+13 -5.31795e+12 -2.09446e+12  4.49889e+12 -3.60806e+12  1.00521e+13 -3.02156e+12  6.18603e+12 -1.98857e+12  1.22562e+13  1.27499e+12   3.8692e+12  1.88823e+12 -3.61124e+12  5.67854e+12 -1.91949e+13   7.8233e+12 -3.23286e+12 -4.81854e+12    -1.08e+13  5.72403e+12 -3.16421e+12 -4.04028e+12  4.91401e+12  1.00811e+13 -4.08749e+11  3.59639e+11  9.47533e+12 -6.65136e+12   7.5467e+11  1.59204e+12 -5.89875e+12 -6.04375e+12 -2.37137e+12 -5.68579e+12 -4.17198e+11 -1.13401e+13  9.89496e+11  7.62766e+12  1.16181e+13 -5.89607e+12  8.91009e+12   3.9573e+12  1.93635e+12 -1.07469e+12  1.97113e+12 -5.39825e+12 -7.66936e+11 -1.50083e+13 -1.76665e+13  7.83447e+11 -4.04202e+12 -9.22915e+12 -1.45483e+11 -1.21335e+13  1.08906e+13  4.18491e+12  1.10218e+13  6.46595e+12 -1.47725e+12 -5.41926e+12 -1.49522e+13  1.13288e+13 -6.22652e+12 -9.73991e+12  1.21571e+13  8.30898e+12  7.50689e+12  3.67129e+11  5.18791e+12  2.51766e+12  3.77579e+12 -6.40988e+12 -3.34698e+12 -7.60717e+12 -5.41659e+12 -8.63513e+12  8.15357e+12  5.99897e+12  1.17951e+13  1.75355e+13
-2.54621e+12  7.43098e+12   1.0033e+13  2.08785e+13  1.14694e+13  -1.3264e+13 -4.02491e+12   3.3422e+12  5.15217e+12  1.66845e+14  2.48787e+12 -1.10645e+13 -9.64785e+12  5.60737e+12 -1.25853e+12  -9.0421e+12 -1.46848e+13  3.04691e+13 -1.11313e+13 -2.56622e+12 -6.50989e+12  1.42432e+13  6.81812e+12 -2.02769e+11  8.13726e+12 -6.44389e+10 -1.03506e+13 -9.69713e+12 -2.66937e+13 -9.02469e+12  5.91417e+12  -3.6823e+12 -1.06038e+13 -3.56005e+12  6.68178e+12  1.54872e+13 -7.41109e+12   4.6078e+12 -1.23602e+13  9.14713e+10 -1.11429e+13  2.38804e+12  1.01643e+13 -1.19578e+13   3.2687e+12  9.38211e+12 -2.88409e+12  7.69943e+12 -7.47612e+12  1.56665e+13 -4.12502e+12 -2.44271e+12  1.33908e+12  1.39848e+13 -5.76392e+12    7.464e+11   5.5777e+12 -1.23796e+13  4.31517e+11 -1.20089e+13 -3.75863e+12  -5.3377e+12  5.00973e+12 -1.16552e+13 -7.48484e+12  1.68108e+12   1.0146e+11 -1.39672e+12  1.37218e+13  -4.2184e+12  6.58306e+12 -5.54987e+12  6.61244e+12 -3.61822e+12  1.24755e+13 -3.00492e+12 -1.14817e+13  -3.4443e+12 -1.06658e+13  8.27405e+12 -3.49128e+12  6.44529e+12 -5.50525e+12  4.32986e+12  9.66008e+12  6.53756e+12 -2.51073e+12  6.47627e+12 -3.23168e+12 -5.19073e+11 -1.34608e+12  5.26608e+12 -4.04699e+12  2.62937e+13  3.13245e+12 -1.51006e+13 -6.38303e+12 -4.22314e+12  7.95584e+12  -1.4009e+13  1.05178e+12  4.53589e+12  2.10043e+12   1.1709e+13   5.2283e+12 -7.20622e+12  3.48964e+11 -4.64456e+12  9.31378e+11 -4.48665e+12  8.01495e+12 -6.70688e+12  8.16009e+12  2.14766e+12   7.5152e+12 -7.38409e+12  2.23275e+12  3.45928e+12  5.41068e+12 -7.04606e+12  -1.2437e+13  1.05018e+13  -6.6178e+12 -3.95837e+12  6.02356e+12  2.42902e+12 -6.62047e+12  3.92436e+12  5.99316e+12  -4.5778e+12 -9.97344e+12 -7.06233e+12 -4.69529e+12 -6.80261e+11 -8.50488e+12  6.71787e+12 -1.59052e+12  8.85496e+11  1.59403e+12  4.71258e+12 -1.45004e+13  1.07638e+13 -1.96881e+13  1.42235e+13 -1.73742e+13  3.65042e+12  6.76669e+12 -2.44558e+11  -6.4485e+12  4.36889e+12  1.29088e+13   1.0321e+13  2.34575e+13 -6.92144e+11  3.30111e+12    8.356e+11 -3.46101e+11 -8.28066e+12 -6.12272e+12 -4.75328e+10  -9.9556e+12 -2.23307e+12  7.43254e+12  4.09454e+12
-3.66085e+12  -3.2077e+13  1.83358e+13 -2.79306e+11 -1.43503e+13 -2.03163e+13  9.96811e+12  1.00998e+13 -2.06552e+12  2.48787e+12  1.99147e+14 -8.88053e+12 -6.65122e+12 -2.41423e+13  2.55123e+13  1.23681e+13   1.0056e+13  1.96499e+13  1.39317e+13 -2.48249e+13 -9.96042e+12  1.70883e+13 -1.34263e+11 -2.26031e+12  1.30082e+13  3.98497e+12  1.88613e+13 -1.40873e+12    1.811e+12 -4.06457e+12  1.73619e+13  3.42026e+12  2.33321e+12   1.8763e+12  9.80483e+12  -1.9841e+13 -2.28477e+13  2.42802e+13 -4.39457e+12 -7.45647e+12 -1.58521e+13  3.50836e+12 -4.07056e+12 -3.09509e+12  9.78175e+12 -7.39065e+11 -6.81677e+12  7.03071e+09 -1.72343e+13  1.49076e+12 -1.76635e+13 -1.12916e+13  2.57274e+12 -7.95472e+12  7.98071e+12  6.03272e+12 -3.52253e+12  5.09648e+12  -2.1955e+12  1.15208e+13 -8.24539e+12  1.14292e+12  1.14098e+13  1.58391e+13  -1.7458e+13  1.04281e+13  7.90339e+12  5.70255e+12  1.02616e+13 -7.17823e+12  1.35052e+13  6.83759e+12 -7.31699e+12 -3.71306e+12    2.308e+12 -2.20286e+13 -6.15393e+12 -6.00136e+12  8.91108e+12  1.10727e+13 -3.15788e+12 -7.57085e+12  9.04214e+12 -1.55116e+12 -6.98826e+11  3.05639e+12  3.15261e+12 -1.37141e+13 -4.53687e+12  1.11714e+10 -1.05058e+13  2.13317e+12 -6.35459e+12  5.12007e+12  6.83421e+12 -8.33368e+12  3.34394e+11  1.84323e+13 -4.88557e+12  6.42002e+12  5.63842e+12 -8.90348e+12  6.99937e+12  1.17576e+13 -9.34165e+12 -6.73461e+12  1.22663e+12 -6.89692e+12  -4.9647e+12  -3.9873e+12  1.92292e+12 -7.74072e+12  -3.9474e+12 -9.03101e+12  1.58772e+12  7.26036e+12 -1.17697e+13 -8.61209e+12 -3.92454e+12 -3.34729e+12 -4.89259e+11 -7.41485e+11 -2.31443e+12  -1.2033e+13 -9.40852e+12  1.75974e+12  9.83079e+12 -6.78315e+12  2.83415e+11 -2.80241e+12 -2.38958e+12  4.11185e+12  3.01815e+12  1.37207e+13 -1.09099e+13  1.68636e+13 -1.79957e+12  -1.4718e+13 -2.26237e+13 -2.80033e+12 -1.59379e+13 -1.03298e+13  4.52589e+11  8.67138e+12 -5.45571e+12 -6.44321e+11  4.46163e+12  1.27828e+13  1.24952e+13 -3.63165e+12 -1.25395e+13   2.5334e+12 -9.77646e+12  1.15198e+13  -1.1211e+13  1.01381e+13  4.10203e+12   1.5065e+12 -8.56776e+12  7.42166e+12 -6.94976e+12 -6.76699e+12 -5.50573e+12 -1.65083e+13
-5.26485e+12  1.85235e+13 -9.31997e+12 -5.95766e+11 -1.04461e+12  4.73416e+12 -8.87744e+12 -1.59485e+13 -1.68995e+13 -1.10645e+13 -8.88053e+12  1.70706e+14 -1.76668e+13  3.80259e+11 -3.42792e+12  6.68709e+11 -4.67095e+12 -1.43505e+13 -6.45663e+12 -4.15667e+12 -2.96335e+12  5.40862e+12 -8.08778e+12 -4.57619e+12 -4.83427e+12  1.71748e+13  2.44474e+12 -1.31989e+13  -2.5019e+12 -6.84955e+12  4.20923e+12  -8.5517e+12  3.16258e+12 -9.86014e+12  -9.1669e+12  2.09052e+12   1.3427e+11 -5.85996e+11  1.55688e+13 -4.28283e+12  1.32456e+13  -1.6568e+13  1.27824e+13  5.40933e+12 -2.07898e+13  1.89832e+13   7.1967e+12 -5.87278e+12 -1.29633e+13  3.92045e+12  3.81899e+12  2.62081e+11  5.43981e+12  4.75437e+12 -1.51344e+12 -5.51984e+12  9.82103e+11  9.30795e+12 -1.15842e+13  2.91759e+12  1.63765e+13  6.41926e+12  7.35728e+12  8.18471e+12  3.90911e+12  1.07066e+13  6.39943e+11  1.19925e+13 -4.52254e+12 -5.34002e+12 -4.00083e+12  5.63061e+12 -1.13235e+13  5.73021e+12  1.51205e+13 -3.46245e+11  1.86687e+13 -5.61842e+12   1.9885e+13 -1.10025e+12 -6.19951e+11  1.78007e+12 -9.19827e+11  4.64087e+12  -1.0186e+13 -2.31225e+12 -4.24779e+12 -4.53339e+12  1.73994e+13 -1.56088e+12  4.16766e+12 -5.23749e+12 -6.37954e+12 -3.59461e+12  5.41597e+12 -2.69384e+12 -1.35696e+13 -6.55072e+12 -3.84667e+12 -6.71683e+12  1.28945e+13 -1.87514e+13 -2.48655e+13 -8.81137e+12  1.00545e+13  9.13036e+12  7.06366e+12 -3.55529e+12  6.90986e+12 -1.10426e+12 -3.23742e+12  2.30373e+12  5.52131e+12   3.2994e+12  3.78336e+12 -1.76387e+12 -6.84469e+12  1.37912e+13  6.68896e+12 -4.48931e+12  1.05942e+12 -1.09868e+13 -3.27842e+12 -5.27633e+12   1.6866e+12 -6.89855e+12 -2.24391e+12  7.19051e+12 -1.15383e+13 -1.43496e+13  6.64555e+12  1.08715e+13  9.94568e+12  6.35491e+12  7.82717e+12 -1.65836e+12 -7.44947e+12  7.16485e+12  1.10498e+13  2.15387e+13 -1.00565e+12  2.92312e+12 -3.22357e+12  2.73679e+12  6.41884e+12  2.12684e+13 -3.47556e+12 -3.71738e+12 -8.19418e+12 -1.21555e+13 -9.04966e+11 -1.25806e+12  7.43372e+12 -1.33331e+13  4.30111e+12  2.31242e+12 -3.35906e+12  1.47079e+12 -8.77148e+12 -2.07677e+12  2.33391e+12 -8.52617e+12 -1.25401e+13 -4.56027e+12
-1.58424e+13  2.66051e+13 -2.78421e+13  1.78071e+11  1.57688e+12  4.14908e+12  4.33199e+13  2.05645e+13  7.37484e+12 -9.64785e+12 -6.65122e+12 -1.76668e+13  2.12962e+14 -4.57632e+12 -3.38782e+13 -4.90753e+12  1.30623e+13 -5.60011e+12  2.07458e+13  9.46113e+12   -1.704e+12  3.93906e+12 -1.05746e+13  7.62797e+12 -4.18028e+12 -1.67962e+12  3.01485e+13 -8.09622e+12 -5.03835e+12  3.13487e+11  6.76977e+12   2.0296e+13  1.59069e+12    -1.22e+13  6.48501e+12 -8.97207e+12   9.2761e+12 -1.20874e+13  9.57762e+12 -6.55892e+12 -1.49049e+13   1.1956e+13   -6.876e+12  2.09166e+13 -1.11374e+13 -8.28154e+12  1.77759e+13 -5.33735e+12 -9.96363e+12 -9.20373e+10  5.05104e+12  -6.1146e+12  5.61665e+12 -3.71986e+12  8.64424e+12 -7.29167e+11 -2.09906e+13 -7.25218e+12  2.57899e+12 -2.00691e+12 -2.09175e+13  -1.2314e+13 -1.39436e+13 -1.02291e+13  9.47061e+11 -1.34497e+13  1.38817e+13 -3.19284e+12 -1.54996e+12  1.01267e+13 -2.87856e+12 -8.60824e+12  7.38732e+11   4.6445e+12  -9.7903e+12  1.75273e+12  1.77261e+13  1.30658e+13 -6.81388e+12  1.05187e+13   9.5155e+12  1.66974e+12  1.19791e+13 -5.01724e+12  2.59164e+12  2.64302e+12  6.08347e+12  2.26836e+12  3.00242e+12 -9.08338e+12 -2.23215e+12 -6.00423e+12 -7.05878e+11 -1.10169e+13  4.52608e+12  8.79644e+12  1.39683e+13 -4.86617e+12 -8.65041e+12  5.39311e+12  7.59206e+12  7.78197e+12 -1.62315e+12  1.68231e+13 -3.57759e+12 -4.58516e+12  7.44289e+12  8.06724e+11  5.73654e+12  1.00193e+12  3.42689e+12  6.19875e+12 -2.66996e+12  9.33338e+11 -5.08686e+11 -5.83791e+12  8.42238e+12 -7.80719e+12 -1.95905e+13  1.28796e+13  3.01312e+12  5.17719e+12 -6.63768e+10 -1.61916e+12 -1.41625e+13 -6.19188e+12   1.2643e+13 -6.47199e+12  6.48248e+12  1.67919e+13  7.09563e+12  1.95125e+12 -7.55152e+12  1.93838e+12 -2.18371e+13 -3.18643e+12 -7.36007e+11 -5.00125e+12   -6.828e+12 -5.40025e+12  1.35565e+13 -5.53254e+12  6.81957e+12  1.20154e+13  5.33915e+12 -1.19834e+13 -2.32551e+12 -1.77759e+12  9.11548e+12  1.34035e+13   1.1928e+13 -1.93491e+12  8.72409e+12 -1.38542e+13  -2.8287e+12 -1.03177e+13 -7.72785e+12 -2.08304e+12  9.51149e+12 -6.70764e+12  6.65761e+12 -6.36941e+12  3.82387e+12  4.39713e+12
 5.19478e+12  -1.7607e+13 -1.25903e+13 -6.64662e+11  8.11381e+12 -1.47917e+12 -2.04584e+13 -1.02279e+13  3.36577e+11  5.60737e+12 -2.41423e+13  3.80259e+11 -4.57632e+12  1.69854e+14  8.36627e+12 -7.94401e+12  3.55697e+11 -4.60115e+12 -4.82436e+12  1.67593e+13 -1.11132e+12 -2.32449e+12   1.7398e+12   4.1102e+12   8.1043e+12  4.06114e+12  -1.9964e+13  6.83986e+12  2.18409e+13  8.52888e+12 -1.24298e+13  5.51723e+12 -1.94079e+13 -5.42832e+12 -4.76098e+12   4.7173e+12 -1.58652e+11 -1.91743e+13 -1.31694e+12   1.4201e+13  1.79006e+13 -1.79727e+12  4.99429e+12 -1.26239e+13 -7.14744e+12  4.01173e+12 -1.47271e+13   7.2976e+12 -1.12656e+13  3.47832e+12 -6.48608e+12 -8.16842e+12  5.58857e+12  1.29704e+13 -1.00524e+12  1.95404e+13 -4.74012e+12  3.49504e+12  1.27972e+13 -1.61696e+12 -9.52714e+11  5.25918e+12  2.01584e+12 -1.10768e+13  4.70517e+12 -7.23798e+12  1.86351e+12  2.64521e+12 -1.35289e+13  3.29543e+12 -1.11836e+13  8.67881e+12  4.01218e+12 -6.09033e+12  1.22402e+12  2.15387e+12 -6.72629e+12  3.11681e+12  8.12684e+12 -6.25159e+11  6.04733e+12  9.73072e+11 -8.93068e+12  9.52457e+12  3.80615e+12 -5.53127e+12  1.48362e+13  4.69369e+12 -4.91513e+12  5.10575e+12 -7.39993e+12  1.45417e+13  8.29296e+12 -7.05811e+12  8.22307e+12  9.09714e+12  1.26656e+13  -7.1634e+12  7.76572e+12 -8.37414e+12  4.77946e+12 -2.47872e+12 -3.59461e+12   3.0956e+11  3.65718e+12   2.4822e+12  5.70902e+12 -5.30477e+11 -8.44239e+12 -3.20853e+12  1.01314e+13 -6.22522e+12 -1.29097e+12  1.35582e+13   -5.846e+12 -2.88187e+12  1.12076e+13  5.39926e+12 -1.51188e+12 -1.34493e+13 -9.03603e+12 -2.51308e+11 -6.90634e+11  1.46428e+13   8.6568e+12 -1.21387e+13 -4.03938e+12  1.51254e+13  4.32562e+12 -5.03172e+12  1.39357e+13   1.6344e+11 -5.91032e+12 -3.00483e+12 -9.06116e+12 -1.27695e+13 -6.96706e+12  1.47472e+12   1.9884e+13 -1.22015e+13  8.51692e+12  6.67069e+12  1.42667e+12  7.40319e+12  6.00462e+12  2.07952e+12  -1.2347e+13 -1.06723e+13 -1.18974e+13  1.54992e+12 -6.01728e+12 -3.62577e+12 -7.31765e+12 -2.40662e+12  3.63036e+12 -5.60897e+11 -4.46566e+11  1.76749e+12  -9.8545e+12  1.92325e+12  8.00783e+12 -7.82493e+11 -6.52856e+12  -4.1253e+11
 1.78591e+13  -5.8264e+13  4.18381e+13    -4.36e+12  -2.4692e+12 -3.64665e+12 -4.15491e+13 -1.99652e+13 -1.23517e+13 -1.25853e+12  2.55123e+13 -3.42792e+12 -3.38782e+13  8.36627e+12  2.15087e+14 -1.04965e+13  8.64258e+12  2.85131e+11  8.26872e+11  1.83819e+13  1.11028e+12  2.57847e+12 -1.14203e+13  3.68213e+12 -3.87371e+11   8.7081e+12  2.84964e+12  5.95916e+12 -6.47546e+12  1.44538e+13 -1.21026e+13 -2.53667e+13 -8.17655e+12  1.75583e+13  2.64765e+12  1.72842e+13 -1.76606e+13  3.16499e+12 -1.12769e+13 -1.37318e+13 -1.14204e+13  1.08576e+13  5.17685e+12 -1.86443e+12  1.75602e+13 -1.71927e+13  -1.0953e+13  1.09542e+13 -1.76179e+12  6.73987e+12 -2.08982e+13 -7.18083e+12 -1.01725e+13 -1.67626e+13 -7.93515e+12  8.97398e+12 -4.06763e+12 -3.85362e+12 -1.46515e+13 -6.41664e+12 -1.03659e+13  6.77631e+12  3.95877e+11  -1.0111e+13  2.08602e+12  1.25383e+13 -8.13974e+12  1.47307e+13  2.84719e+12 -4.46272e+12 -3.67881e+11  3.15945e+12 -7.91295e+12 -1.06072e+13  2.88753e+12   3.1829e+12 -5.98662e+12  5.57419e+10 -5.64602e+12  1.86229e+13  7.97756e+11 -1.65891e+13 -5.98181e+12  2.61223e+13  -2.9767e+12  1.82059e+13 -2.68174e+12 -3.32722e+12 -2.36605e+13 -6.56918e+12   1.5942e+13 -4.01127e+11 -1.37837e+13  2.39841e+11  1.40451e+13  5.26767e+12  7.86271e+12  1.12097e+13  1.98167e+12  6.54844e+12  2.66951e+12  -6.3188e+12   8.1446e+12  1.87315e+13  3.56446e+12 -1.32395e+13 -1.92163e+12  8.26648e+12  -1.5348e+13  -1.0645e+13  2.96748e+12 -1.16428e+13  6.28792e+12  1.04188e+13  6.78593e+12 -3.69327e+12 -1.27783e+12 -1.56886e+12  4.45594e+12   9.1296e+11  4.29322e+12  4.69739e+12 -2.74124e+11 -1.71443e+12  2.03392e+13 -4.92659e+12  1.09153e+13  -4.9507e+12  7.41484e+12 -2.54287e+12 -5.46738e+12 -4.23808e+12  7.25785e+12  1.44521e+13 -5.74355e+12  7.33707e+12  8.90333e+12 -1.19979e+12  1.68845e+12 -6.20881e+12  -4.1506e+12  1.29595e+13 -2.53368e+12  1.72136e+12  5.61823e+12  1.26742e+13  1.41307e+13 -8.31249e+12  5.73243e+12  -7.7662e+11 -1.03873e+13 -6.90357e+12 -1.24499e+13 -8.35076e+12  8.23948e+12 -1.00594e+13  9.79302e+11 -7.99022e+12 -6.68245e+12  1.37401e+13  4.98272e+12  8.92791e+11  1.29241e+11  -1.1075e+13
-7.62578e+11  8.31823e+12 -7.02454e+12    2.168e+13  1.55613e+13  3.16551e+11    6.262e+12  6.38272e+12 -1.74108e+12  -9.0421e+12  1.23681e+13  6.68709e+11 -4.90753e+12 -7.94401e+12 -1.04965e+13  1.76954e+14   2.0406e+12 -2.68089e+12 -2.05175e+12  3.97933e+12   5.4134e+12  7.00569e+12  1.09121e+13 -6.65711e+12  -7.2224e+12  1.45992e+12 -7.81545e+12 -5.72575e+12 -1.50143e+12 -5.81984e+12  4.13879e+12  -3.5566e+12 -6.32509e+12 -4.69235e+12 -4.85783e+12  -1.2448e+13  1.01101e+13 -1.77451e+11 -1.14731e+13 -9.13083e+12  4.45564e+12 -1.31337e+13   1.7359e+13 -7.34385e+12  1.55402e+12 -8.46459e+12  2.26545e+13 -4.44634e+12 -9.00997e+11 -2.05264e+13 -1.14966e+12  1.37448e+12  2.83149e+12  3.75823e+12 -6.09316e+12 -2.85273e+12  3.26749e+12   4.3918e+12  -1.8136e+13 -7.59901e+11 -3.58558e+12  2.82281e+12  8.50717e+12  6.84552e+12  4.96416e+12  9.22694e+12  3.77299e+12  2.45645e+10  1.07384e+13  5.10689e+12  1.10498e+13 -1.43346e+13 -3.88792e+12  6.06001e+12 -6.43084e+12  2.39066e+12 -6.03259e+12 -1.08508e+13 -1.11899e+12 -1.59751e+12 -1.21977e+13  -5.9599e+12 -5.82393e+11  1.52285e+12  -1.3142e+13  1.54529e+13 -7.45749e+12 -7.29904e+12  4.48738e+12 -9.95159e+12  3.38617e+12   1.4126e+13 -5.12851e+12 -4.97003e+11  9.36946e+12  1.45652e+13 -6.70699e+12 -1.18185e+12 -1.08991e+13  1.04723e+13 -1.31226e+12 -2.43766e+12  6.16685e+12 -4.50315e+12 -6.27607e+12  9.84794e+12  9.89505e+12  -1.1494e+13 -8.96389e+12 -5.30398e+12  4.24216e+12  2.84856e+09  1.53456e+12 -1.16293e+13  3.57303e+12  1.42148e+13  4.75963e+11 -8.16906e+12  1.97032e+12 -6.72387e+11 -2.27383e+12 -5.53267e+12  4.94038e+12 -1.02881e+12  4.09189e+12 -5.39225e+12  -6.1412e+12  4.30529e+11   1.4355e+13 -3.48912e+12 -3.95731e+12 -1.89354e+12  7.11101e+10  3.31713e+12 -1.99243e+12  1.06714e+12   2.1313e+12  1.10687e+13 -1.40819e+12  4.40557e+12  1.28512e+12  -2.8205e+11   2.3939e+12 -5.25887e+12 -7.82645e+12 -5.21864e+11 -2.09142e+12  1.01581e+13 -7.26374e+12 -4.63867e+12 -1.83781e+13  1.01114e+13  7.55152e+12   2.3568e+12  3.16754e+12  4.24583e+12  1.04488e+12 -5.78463e+12 -4.82516e+11  3.68867e+12  8.07443e+11  -3.3623e+11  6.71369e+12 -2.31719e+12
-6.62983e+12 -1.18808e+12  4.59492e+11  9.21916e+12   -4.043e+12 -4.26325e+12  9.58993e+12  3.79334e+12  1.49493e+13 -1.46848e+13   1.0056e+13 -4.67095e+12  1.30623e+13  3.55697e+11  8.64258e+12   2.0406e+12  1.72417e+14 -1.62998e+13  1.45029e+13  1.59665e+13  1.55148e+13  2.97512e+12 -1.79747e+12  6.79675e+12  3.51566e+12  1.19319e+13  1.70084e+13  2.27351e+12  1.26437e+13  1.64145e+12  4.43568e+12  4.67081e+12  1.67228e+13 -5.27246e+12  1.58205e+12 -1.66944e+12 -2.24283e+11 -8.87017e+12 -1.76622e+13  1.10456e+13  1.03262e+12  1.18254e+11  5.24704e+12 -1.38192e+13  3.67628e+12  3.17829e+11  5.22681e+12  1.23411e+13 -2.79757e+12 -6.25805e+12  1.67522e+13 -6.64552e+12  2.98366e+12 -6.28919e+11 -1.36122e+13 -6.73985e+12 -2.06215e+13 -3.45466e+10  2.58599e+13     4.49e+12 -1.24084e+12  4.53905e+12   1.1469e+13 -1.60688e+12  2.47541e+12   2.9339e+12  9.77882e+12    4.156e+12 -7.78986e+12  -1.2067e+12  1.71041e+12  1.20617e+13  -7.3781e+11  6.54184e+12 -9.97969e+11 -1.65629e+13 -1.72403e+13  8.21699e+12  9.58724e+12 -2.63337e+12  7.92144e+11 -8.49231e+12 -1.39088e+13   8.6036e+12 -8.98356e+11  1.13903e+13  1.78641e+12 -1.11684e+13 -7.67843e+12 -7.51136e+12 -1.68126e+12 -1.48457e+13  4.25041e+12  1.45289e+13  1.01013e+13 -1.77269e+12  8.64249e+12  1.29311e+13  1.83435e+12  5.91373e+12 -1.09169e+13  5.25175e+11  7.04892e+12   7.3182e+12  -9.4426e+12 -1.02413e+13  1.15859e+13 -4.50887e+12 -1.36181e+13  5.64412e+09  4.27197e+12 -1.29136e+13 -3.96044e+11  -2.2018e+12 -9.10554e+12  9.37326e+12  8.58514e+12 -7.07781e+12  -1.6078e+13   6.6013e+12  1.96005e+12 -2.48273e+12   2.6974e+12  4.01035e+12  9.11287e+12 -3.81393e+12  3.75234e+12  3.09327e+12  1.51467e+12    5.179e+12 -5.37965e+12 -9.23858e+11     4.85e+12    3.281e+12 -2.40851e+12 -2.98995e+12   7.3349e+12 -1.83691e+11 -8.33226e+12  3.59393e+12 -2.38679e+12  1.04372e+13 -4.69497e+12 -6.21922e+12  1.49616e+13 -7.97928e+12 -6.94854e+12  7.47286e+12  1.63012e+13  8.92564e+11  -1.1117e+12 -1.11875e+13 -1.61755e+12 -1.03762e+12 -2.90036e+12  9.51232e+12  9.44439e+12  1.05884e+13  1.21251e+12 -2.41264e+12  1.02962e+13 -1.75678e+12 -3.09007e+12  3.11543e+12
 5.80767e+11 -6.08504e+12  1.37637e+13 -5.31345e+12 -1.48954e+12 -1.07649e+13 -6.18769e+12  1.99382e+13  -1.4842e+13  3.04691e+13  1.96499e+13 -1.43505e+13 -5.60011e+12 -4.60115e+12  2.85131e+11 -2.68089e+12 -1.62998e+13  1.75615e+14   9.8746e+12  3.20515e+12 -9.43964e+11 -1.54253e+11   1.1001e+12   1.2801e+13   9.9678e+12  -1.0429e+13  4.60971e+12 -1.11664e+12  2.58576e+12 -1.76391e+12  5.88891e+12 -1.07247e+13 -2.77533e+11  2.98162e+12  1.54735e+13 -7.31251e+12  3.76918e+12  1.46092e+13 -1.73644e+13 -1.54162e+12 -1.25832e+12  -2.6651e+12  4.09695e+12  3.53293e+12  4.05665e+12  1.90229e+13  4.63779e+12 -1.54501e+13  2.65216e+12 -6.04036e+12 -1.49858e+13 -9.50252e+12 -1.55338e+13  1.45052e+13  4.10233e+12  7.07115e+12  1.21631e+13  8.04908e+12 -3.57984e+12  -4.2937e+11 -5.07547e+12 -1.86874e+12  3.14963e+12  -1.2919e+13 -1.37021e+13  -3.9009e+12 -1.56618e+13 -1.41485e+13 -4.01272e+12  3.27873e+12  1.08068e+13  5.36027e+11 -2.66003e+12  6.62458e+12  5.56612e+12 -1.31706e+13 -7.88205e+12 -1.34037e+13  -4.0749e+11   2.0176e+13 -1.66494e+12  6.51897e+12  4.52556e+12  7.90606e+12  4.73067e+11  2.36712e+12 -2.81368e+12  3.00498e+12 -8.00686e+12  5.16227e+12 -1.85736e+12   1.0363e+13   1.4193e+13  8.36058e+11 -1.11789e+13 -9.26069e+12 -1.65113e+12 -3.39925e+12  2.64531e+12 -9.91203e+12   2.9348e+12  -6.4456e+12 -1.18704e+12  8.87232e+12  9.95966e+12  2.31948e+12  5.00757e+12 -7.62783e+12  1.69924e+13 -4.98728e+12 -3.38017e+12 -1.86057e+12   4.4958e+12 -6.94529e+11  8.23826e+12 -4.94475e+12  5.60675e+12 -3.95151e+12 -4.90394e+12 -1.80956e+13  7.01933e+12  1.09387e+13  2.12282e+12   4.4413e+12 -6.83901e+11 -5.53392e+12  8.64764e+11  6.87811e+12  7.24197e+12  1.19712e+13 -1.37581e+12 -3.89064e+12  1.05673e+13  6.70232e+12  1.82488e+12  4.71028e+12 -1.36534e+13  -1.0538e+13 -7.65739e+12  4.85648e+12 -1.12475e+13   -8.387e+12 -1.79923e+12  1.52477e+13 -1.94138e+13 -1.29214e+13  5.06265e+12  1.30728e+13  8.02023e+12  3.18284e+12 -1.60386e+13 -3.96826e+11  9.74301e+12  5.63922e+12   1.0308e+12  4.30207e+12   2.9536e+12  2.80519e+12 -2.22772e+12  1.92741e+13 -1.28934e+13 -4.11245e+12  1.15999e+13 -7.72695e+12
