 4.67847e+09 -6.28561e+09  2.08121e+09 -1.14826e+09  8.63816e+08 -1.19675e+09  -5.5211e+09 -3.27266e+09  7.91768e+08 -6.21595e+08 -8.93709e+08 -1.28529e+09 -3.86755e+09  1.26818e+09  4.35986e+09 -1.86164e+08 -1.61851e+09  1.41781e+08 -1.06262e+08 -2.33892e+08 -1.13114e+08 -3.91069e+08 -7.08408e+08  -3.9964e+08  4.21611e+06 -1.96373e+08 -2.04776e+08 -1.43683e+06  1.25267e+07  1.48698e+09 -1.11594e+09 -8.62024e+08 -9.87568e+08   7.0245e+08  5.84618e+07  5.46428e+08  5.88948e+08 -5.82632e+08      -305336 -5.63641e+08  1.81813e+09  1.79693e+08  1.60218e+09   2.0163e+08  1.67863e+09 -1.06826e+09  2.39746e+08  3.47578e+08  1.48172e+09 -1.18851e+08 -1.74637e+09  2.73264e+08 -1.06315e+09 -1.41192e+09 -1.78098e+09 -4.46466e+07  1.55564e+09 -1.11196e+07 -2.09126e+08  8.46736e+08 -1.17504e+08  7.17385e+08 -7.48872e+08 -4.22697e+08  5.19829e+08  -9.2207e+08 -7.53242e+08  2.78141e+08  3.76097e+08 -2.36575e+08  1.10217e+09 -1.33502e+09  4.21474e+07 -2.66354e+08  6.33616e+08   1.2187e+09 -1.23203e+09 -2.37689e+09 -5.50993e+08  2.24374e+08 -2.29935e+07  5.36481e+08 -9.93827e+08  8.32294e+08 -1.74282e+08  7.20096e+08  4.90363e+08  5.93976e+08 -6.03395e+08  8.18664e+08  6.06374e+07   2.3019e+08 -4.62242e+08 -2.41801e+08  1.90583e+08  7.87267e+08  1.26289e+09 -1.11541e+08 -1.46751e+08  7.10491e+08  4.72901e+07  2.32833e+08 -1.14329e+08  5.41302e+08 -3.90888e+08  9.34312e+08  3.66941e+08 -4.98386e+08 -1.67103e+09   6.2869e+08  4.49517e+08  3.08564e+08   9.8269e+08  1.51344e+09  9.87094e+08 -5.93514e+07 -1.90076e+07  1.13059e+09  5.89274e+08   -4.497e+08  1.03767e+09 -2.22785e+08 -1.37332e+09  1.02128e+09   4.6229e+08  -3.6254e+08 -3.39415e+08  7.08908e+08 -1.61753e+09 -3.62744e+08  1.54714e+08 -3.75491e+08 -8.52024e+08  1.20363e+09  5.78639e+08  5.13009e+08 -1.68804e+08  4.89476e+08  8.21077e+08 -5.91206e+08  1.08841e+09   1.8295e+08 -6.22317e+08  3.04917e+08 -2.12896e+08 -2.49788e+08   1.1013e+09 -7.89679e+08  3.63837e+08 -1.70852e+08 -9.26668e+07 -1.18552e+09 -1.91962e+08 -4.60246e+08  1.00387e+09 -7.15366e+08 -8.51514e+08 -5.25342e+08 -6.69436e+08  3.85455e+08  7.10915e+08  2.98142e+08 -2.49473e+08 -2.65276e+07
-6.28561e+09   4.4138e+10 -7.78781e+09   8.3545e+09   5.5661e+09  4.22676e+09  1.62412e+10  7.30594e+09   1.5601e+09  1.81409e+09 -7.83082e+09  4.52206e+09  6.49498e+09 -4.29833e+09 -1.42238e+10  2.03069e+09 -2.90045e+08 -1.48552e+09 -1.00479e+09 -3.29047e+09  1.56493e+09 -6.46328e+09    1.882e+09 -4.05109e+09  5.52311e+08  4.34302e+08  7.25425e+07  1.56873e+08 -2.88709e+09 -8.79818e+08  8.27238e+08  1.49609e+09  8.39655e+08  -3.1076e+09 -4.49113e+09  7.80419e+07  1.89345e+08  1.61909e+09 -1.80876e+07  1.84353e+09 -2.88566e+09 -9.40488e+07  -4.3176e+09  4.80993e+09 -2.93493e+09 -9.79096e+08   1.9151e+09  5.37805e+08  6.63916e+07 -3.10218e+08  4.63636e+09  4.53172e+09  1.41862e+09  2.78826e+09  2.46343e+09 -3.03895e+09 -8.24057e+08 -4.70178e+09 -8.38942e+08 -1.36319e+09  2.65496e+09 -4.04634e+09  5.72856e+08  2.45181e+09 -1.52865e+09  -3.4954e+09 -2.80915e+08 -4.89894e+09  3.89027e+08 -4.46202e+09 -1.71317e+09  1.19129e+08  -2.6796e+09  7.64651e+08 -2.21944e+09  -5.3665e+08  1.45167e+09  1.13055e+09  1.38759e+09 -1.82458e+09  1.76787e+09 -2.53911e+09 -2.34728e+08 -3.62672e+09  2.46551e+09 -1.33205e+09  5.85576e+08  1.91379e+09 -2.45297e+08 -3.69954e+09 -8.63376e+07 -1.22555e+09  2.48869e+09 -4.89862e+09 -6.37929e+08  1.00889e+09 -3.79494e+09 -2.83187e+09  2.66384e+09 -1.11914e+09    1.821e+08   8.7895e+08 -9.64553e+08 -2.58552e+09  1.34821e+09  1.09532e+09  1.38162e+09 -2.29288e+08  4.63325e+09 -3.08292e+09  1.54459e+09  1.16658e+09 -1.43648e+09 -1.66953e+09 -2.77496e+09 -2.15435e+09  1.40509e+09 -2.25705e+09 -2.88113e+08 -7.53822e+08  -1.8473e+09  3.40462e+09 -2.78223e+08 -1.69834e+09  5.97564e+08  7.40127e+08 -6.57529e+07 -1.41189e+09  2.86351e+08  3.32058e+08  1.76472e+09  3.37775e+08 -2.10349e+09 -1.63234e+09  -1.2372e+09 -3.82678e+09 -1.90584e+09  1.03325e+09  2.52322e+09  2.69953e+09  4.06681e+08   4.7052e+09 -3.34486e+08 -3.86388e+07  2.06067e+09  1.32184e+08 -3.80352e+08 -4.99705e+07 -3.22158e+09 -2.50065e+08   1.0949e+09  2.59064e+09  1.66933e+09 -3.98563e+08  -1.7452e+09  9.06573e+08  -1.4928e+09  -1.8728e+09  1.49578e+09 -2.33483e+09   3.0761e+08 -1.25563e+08  5.50721e+08  1.47565e+09
 2.08121e+09 -7.78781e+09  3.33208e+10 -4.49853e+08  1.63737e+09 -3.66104e+09 -5.67924e+09 -2.77013e+09  3.51928e+09  2.44932e+09  4.47625e+09 -2.27525e+09 -6.79697e+09 -3.07363e+09  1.02138e+10 -1.71487e+09  1.12174e+08  3.36007e+09 -1.46835e+09 -1.13002e+09   1.8594e+09 -5.24041e+08  -2.1716e+08 -5.13209e+08  1.36424e+09  1.61239e+09  5.12095e+08  -9.0139e+08 -7.68883e+08  4.03283e+09  3.83815e+08  7.05029e+08 -1.17835e+09  2.96321e+09 -9.45181e+08 -9.14388e+08  1.19145e+09  1.82937e+09 -2.89919e+09   1.1614e+09 -7.22361e+08  1.57236e+09  5.89121e+08 -7.70625e+08  3.11807e+09  2.21296e+09 -1.23732e+09 -5.19888e+08 -7.10984e+08 -9.24413e+08 -1.48309e+09  -1.2812e+09  -1.2983e+09  -1.3472e+09  -4.6067e+09  1.84013e+09 -5.91988e+08 -1.41754e+09  1.63185e+09 -1.85347e+09 -1.00107e+09 -1.14158e+09  6.78516e+08 -4.08384e+09  8.02915e+08 -5.85806e+08   4.1879e+07 -8.86909e+08  2.29674e+09  -1.6871e+09  2.70728e+09 -9.53888e+08  1.54795e+09 -2.81126e+09 -1.74662e+08 -1.01238e+09 -4.68395e+09  -5.9419e+08 -1.19097e+09  1.07503e+08 -2.44992e+08  2.72468e+08  2.57022e+07  -3.6278e+08  1.09153e+09  1.51959e+09 -1.96702e+08  1.87945e+09 -5.79442e+09  9.18895e+08  1.88177e+09 -3.29886e+08 -4.80338e+08  2.39526e+09  1.42028e+09 -1.18532e+09 -9.68702e+07  3.04297e+09   2.4578e+09 -1.06886e+09 -2.85456e+09 -6.73065e+08  6.92731e+08  2.01417e+09  1.12158e+09  2.35702e+09  -8.8047e+08 -1.90888e+09 -1.06729e+08 -1.22513e+09 -1.29522e+09 -8.02888e+08  3.05403e+09 -1.38847e+09  -7.5519e+06 -2.58685e+08  1.94761e+09 -8.87652e+08 -1.93849e+08 -2.73941e+09  2.60585e+08 -5.48961e+08  1.78678e+09  2.35334e+09 -2.94039e+07  3.19157e+09 -2.95227e+09  1.37804e+09  -1.5799e+09  2.82842e+08 -3.72857e+09 -2.01708e+09  2.05648e+08   1.5239e+07  2.34073e+09  3.23024e+08  1.06173e+09  2.70002e+09 -1.43781e+09 -2.26207e+09 -2.63138e+09   2.6466e+08  1.83955e+09 -1.89388e+09  1.30107e+08 -1.71572e+09  1.31267e+09  3.74576e+08  3.19343e+09  1.52269e+08 -3.10819e+08 -8.18751e+07 -2.02118e+09  1.02501e+09  2.54378e+09 -3.41392e+09  3.40513e+08 -8.01255e+08 -1.04052e+09  8.67546e+08  1.32924e+09 -1.95437e+08  7.46571e+08 -1.57879e+09
-1.14826e+09   8.3545e+09 -4.49853e+08  4.23984e+10  6.10128e+09  3.38062e+09   3.3558e+08 -2.76704e+09 -5.26781e+09  5.09698e+09 -6.81843e+07 -1.45445e+08  4.34694e+07 -1.62262e+08 -1.06439e+09  5.29265e+09  2.25064e+09 -1.29715e+09  1.71448e+09 -1.84457e+08 -1.76741e+09 -7.47847e+08  1.14606e+09  9.35016e+08 -2.34084e+09  1.43184e+09 -2.16028e+09 -4.89267e+09 -6.81007e+08 -2.81768e+09  1.02341e+07 -1.64995e+09 -4.23587e+09  3.01884e+08 -9.31436e+08 -2.75976e+09 -3.54326e+08  3.07767e+09   -2.736e+09  3.02842e+09 -1.61443e+09  2.01429e+09  7.67958e+08 -1.94379e+09 -1.00507e+09  -2.7677e+09  9.79346e+08  6.70271e+08  8.15706e+08 -1.15795e+09  8.62054e+08  3.75945e+09 -1.34135e+09 -6.87996e+08 -1.09408e+09  2.14149e+09  2.91452e+08 -1.58257e+09 -2.27578e+09 -1.97293e+09  2.66232e+08 -6.56819e+08 -1.32326e+08 -7.44971e+08 -4.10769e+09 -4.29488e+08  5.63223e+09 -3.94694e+09 -9.84439e+08 -1.36235e+09 -5.84231e+08  1.87406e+09 -2.39943e+09   1.3252e+09 -2.52912e+09  -3.8691e+09 -6.24932e+08  3.01147e+09 -2.94539e+09 -5.09119e+08 -2.25572e+08 -1.68717e+09  3.19577e+08  9.22113e+08  2.98205e+08  1.64743e+09  2.27444e+09 -2.75154e+09  1.59743e+08  -5.1599e+09  1.70949e+09  1.12866e+09  1.49001e+09 -2.38941e+08  3.84755e+09  2.40551e+09  5.72393e+07  2.96048e+09   7.9894e+08  -1.3773e+09  2.60957e+09  3.44133e+09  1.07232e+09 -7.18952e+08 -1.64773e+09  4.93556e+09  2.20692e+09 -2.77573e+09  4.63763e+09 -2.98247e+09  1.25537e+09 -6.22495e+08 -2.09493e+09  6.21073e+07 -7.18116e+08  4.47072e+09  2.79054e+09 -1.37166e+09   8.2296e+08 -6.82785e+08 -5.96616e+08  1.16852e+09  4.07876e+09 -8.14454e+08  1.31175e+09 -4.88797e+09  5.32024e+08 -1.88225e+09  9.34293e+08 -2.58596e+09  1.77218e+09 -1.07143e+09 -2.47895e+09 -1.36368e+09 -7.64232e+08 -2.63628e+09 -4.91978e+07 -1.06659e+09  1.65458e+09  6.00875e+08 -1.10707e+09  1.19328e+09  9.78514e+07  6.37708e+06  1.60907e+09 -3.30567e+09 -2.57955e+09 -6.67414e+07 -1.90479e+09 -4.82083e+08 -1.17676e+09  1.17658e+09 -3.15946e+08  3.33921e+08   9.7397e+08 -5.22338e+08  4.25598e+07 -5.71091e+08  1.24344e+09 -1.54672e+09 -1.16388e+09 -3.39691e+09  5.23553e+08 -2.24706e+09
 8.63816e+08   5.5661e+09  1.63737e+09  6.10128e+09  3.26545e+10 -5.03991e+09 -1.84868e+09 -2.00067e+09  3.42922e+09  2.79997e+09 -3.50328e+09 -2.55015e+08  3.84954e+08  1.98079e+09 -6.02793e+08  3.79893e+09 -9.87003e+08 -3.63635e+08 -5.03466e+08  1.62088e+09  -1.3456e+09 -2.10702e+09  2.05582e+09 -4.15185e+09  1.15857e+08  3.07726e+08 -4.43262e+09 -1.76125e+09 -2.01021e+09 -7.93656e+08 -2.06225e+09 -4.45764e+08 -1.65306e+09 -8.61696e+08 -2.89188e+09  1.42407e+09  6.73512e+08  1.40664e+09 -4.62286e+08  2.01083e+09 -9.55989e+08  2.97078e+09  1.09347e+09  8.74255e+08 -1.40629e+09 -4.18208e+09  2.43886e+09 -1.54852e+09   2.2159e+09  7.08178e+08   1.2548e+09  3.33718e+09  8.78948e+08 -5.63055e+08 -2.27521e+09 -5.58556e+08  1.10854e+09 -1.97692e+09 -2.95744e+09 -1.55381e+09 -4.85932e+08 -4.13485e+09  -2.5873e+09  9.37241e+08 -1.82166e+09 -1.23714e+09 -1.15798e+09 -3.70717e+09  2.28435e+09 -2.67743e+09  7.92529e+08  1.94721e+09  1.68456e+08  7.13823e+08 -2.45832e+09  9.23036e+08 -1.53262e+09 -1.56867e+08  -2.7246e+09 -7.96598e+08  2.38916e+09  8.11182e+08  4.86534e+08 -2.92822e+09  3.89418e+09 -6.04415e+08   1.6733e+09  1.92223e+09 -2.10009e+09 -6.58848e+08  1.97707e+08  8.88619e+08  2.03153e+09 -1.57291e+09  1.59807e+09 -7.58383e+08 -7.18949e+08 -6.19465e+08 -4.70899e+08  2.34941e+08  1.34356e+09  2.48477e+09 -2.68707e+09  -8.0987e+08 -7.93949e+08  2.37668e+09  2.38706e+09 -1.68918e+09  1.32211e+09   1.1936e+09  2.23058e+09  9.12552e+08 -2.45938e+09  1.79525e+09   8.7142e+08 -3.81689e+08  3.17776e+09 -1.00037e+09 -1.07863e+09 -1.63348e+09 -1.48316e+09  2.85171e+09  8.67606e+08  9.04993e+07  6.98378e+08  -1.5945e+09  1.08415e+09  9.49673e+08 -8.91443e+08 -1.64605e+08  3.46896e+09  -1.2696e+09 -1.85494e+09  -2.0739e+09  1.69049e+09 -2.50408e+09  1.07968e+09 -7.41947e+08   2.1612e+09  7.44585e+08  8.85588e+08  1.07436e+09 -3.34894e+09  2.27401e+09 -3.18329e+08 -1.64735e+09  6.05938e+08 -2.72954e+09  -2.3212e+08 -1.01109e+09 -1.59399e+09  2.17082e+08   2.0147e+09  7.72056e+08  2.06619e+09 -6.20374e+08   6.9934e+07 -1.91147e+09 -1.02788e+09 -1.77298e+09  9.95641e+08   8.6093e+08  2.02038e+09  -8.1423e+08
-1.19675e+09  4.22676e+09 -3.66104e+09  3.38062e+09 -5.03991e+09  3.67292e+10 -3.31825e+09  4.14061e+09 -5.20532e+08 -3.23809e+09 -4.95972e+09  1.15573e+09   1.0129e+09 -3.61105e+08 -8.90239e+08  7.72793e+07 -1.04077e+09   -2.628e+09 -7.80249e+08  4.92239e+09 -4.00453e+08 -4.70305e+09 -3.64022e+09  1.89578e+09   5.5448e+08  3.28075e+09 -1.61221e+08   1.2136e+09  1.84273e+09 -2.16293e+09  1.27148e+09 -1.22861e+08   8.1723e+08  9.49609e+07 -4.16976e+09 -6.58328e+07 -1.57504e+09  1.43929e+09 -2.77224e+09 -6.39671e+08  2.53831e+09  2.83185e+09  3.82394e+08  9.76631e+08  2.35325e+09  2.21921e+09  1.92814e+08  2.17242e+08  8.83503e+08 -1.52988e+09  1.32583e+09  3.22696e+08  2.72228e+08  -2.5327e+09 -2.41569e+09 -1.73139e+09  2.59558e+09  2.90879e+09  2.90275e+08  3.34741e+09  1.52605e+09 -1.24163e+09  1.28696e+09  5.47996e+08  1.88736e+08 -6.74096e+08 -4.96046e+08 -2.44983e+09  1.44338e+09 -7.44812e+08  1.17763e+09  1.96747e+09  2.33467e+09 -1.21595e+09   -2.329e+09      -662743  2.01302e+09 -6.11044e+08 -6.55814e+08  1.56349e+09  2.38974e+08 -2.81033e+09  1.45579e+09  3.46191e+07 -4.11606e+08  1.03492e+09  8.12577e+07 -3.44735e+08 -1.86614e+09 -2.16478e+09   1.0041e+09 -1.42306e+09 -2.45092e+08 -2.39712e+09 -1.38876e+09  4.20681e+08  1.36941e+09  1.55313e+09 -2.96717e+09 -1.04916e+09  3.13403e+09  8.66334e+07  3.63909e+08 -2.77474e+09 -1.83359e+09  5.71439e+08  -2.3816e+09  2.20759e+09  5.93538e+08   9.3245e+08  -2.0604e+09  1.15052e+09 -1.62945e+09  3.13599e+08 -9.68477e+08 -2.93205e+08 -1.64198e+09 -4.60259e+08  1.50204e+09  9.26671e+07  4.98147e+08 -1.60724e+09 -1.40691e+09 -3.24002e+09 -7.29484e+08 -4.25346e+09  1.79614e+09 -3.11955e+09  5.59851e+08 -4.41311e+08  1.43524e+09  1.90322e+09  8.66667e+08  -1.0771e+09  1.70625e+09  1.60775e+09  1.80177e+09  7.14982e+08 -1.15781e+09  1.07848e+09  2.70149e+09  1.79285e+09 -2.08563e+09 -1.51849e+09 -1.00346e+09  7.55772e+08  1.83285e+09   4.8499e+08 -1.32462e+09 -2.74744e+08 -3.77895e+08  2.18636e+09 -2.42651e+09  5.69899e+08 -2.45509e+09 -2.05059e+09 -3.33698e+09 -5.31812e+08 -1.16064e+08 -7.02406e+08 -9.33424e+08 -2.89027e+08 -1.47433e+08 -1.58736e+09
 -5.5211e+09  1.62412e+10 -5.67924e+09   3.3558e+08 -1.84868e+09 -3.31825e+09   4.7628e+10  6.77933e+09  2.99163e+07 -9.82585e+08  2.43347e+09 -2.16721e+09  1.05755e+10 -4.99441e+09 -1.01432e+10  1.52871e+09  2.34115e+09 -1.51057e+09  8.52188e+08 -2.96742e+09 -1.96114e+09  2.37157e+09  -3.4345e+09 -4.92602e+09  2.38582e+09 -2.02773e+09  2.55349e+09  6.28397e+09  -1.3784e+07  -3.4098e+08 -1.52818e+09 -1.18847e+08  3.05985e+09  2.28403e+08  -4.4446e+09  -3.0516e+09  1.65064e+09  5.03414e+09  3.04199e+08 -1.68829e+09  8.64596e+08 -6.25769e+08 -5.52611e+08  8.40138e+08 -1.85148e+09 -3.01435e+09 -1.78093e+08 -1.51596e+09  2.79371e+09 -1.95556e+09  3.39702e+09 -2.09569e+09  -1.1827e+08  2.73024e+09  3.24421e+09 -5.98268e+08 -5.18413e+09 -1.77302e+09 -1.47291e+09 -2.27871e+09  1.85286e+06 -1.45531e+09  1.66535e+08  8.84447e+07  8.16358e+08 -2.16444e+09  1.65793e+09 -7.72873e+08 -6.58676e+08 -5.41371e+08 -8.70576e+08 -3.77356e+09  2.24313e+09  2.79687e+09 -1.50041e+09 -1.91944e+09  3.82246e+08  2.73891e+09  5.77997e+07 -2.52021e+09  9.11778e+08  3.10012e+09  3.70186e+09 -4.12173e+09  1.36554e+09  1.07352e+09 -2.92145e+08  2.29022e+09 -1.84525e+09 -1.15896e+09 -3.34537e+09 -3.46492e+08  9.83742e+08 -1.03192e+09 -6.53858e+08  6.64075e+08 -3.39269e+09 -1.59173e+09  3.55748e+09  3.32376e+09 -1.41766e+09  3.44628e+09  1.61284e+09 -2.10663e+09       165259 -4.07139e+09  6.23523e+06   1.8202e+09  3.62583e+09 -4.63805e+08  3.46171e+09 -1.76284e+09 -1.27892e+09 -1.86012e+09 -7.49998e+08 -7.20309e+08 -4.64852e+08 -1.04611e+09 -5.13966e+08  6.79358e+08  -8.6978e+08  3.11313e+08  7.05419e+08  7.06184e+08 -1.33228e+09  2.93184e+09 -3.47892e+09   1.3797e+08 -1.34779e+09  5.66211e+08  3.21942e+09  7.53033e+08 -2.77579e+09 -2.14084e+09 -3.83267e+09 -1.56885e+09 -4.58094e+09 -3.20976e+08  9.33297e+08 -5.73831e+08 -6.75612e+08  1.52381e+09  2.85216e+09    1.301e+09  3.31437e+09  1.01779e+09  3.22197e+08  1.22464e+08 -3.00689e+09  3.74034e+09  2.36957e+09 -8.26279e+08  8.63519e+08  4.53374e+08 -7.03463e+08  2.06821e+08 -2.27829e+07  2.89659e+09  1.63199e+08  4.13286e+08 -4.97431e+08  4.49205e+08  1.11819e+09 -1.05141e+08
-3.27266e+09  7.30594e+09 -2.77013e+09 -2.76704e+09 -2.00067e+09  4.14061e+09  6.77933e+09  4.62713e+10 -6.62328e+09  8.15917e+08  2.46562e+09 -3.89344e+09  5.02033e+09 -2.49691e+09   -4.874e+09  1.55819e+09  9.26057e+08  4.86742e+09  1.36817e+08  3.13979e+09   5.5666e+08  4.81571e+09 -7.38712e+09  2.81581e+09  1.21994e+09  1.33418e+08  1.64574e+09  3.70225e+09  2.38663e+09 -6.17098e+09  2.82663e+09  4.66665e+09  3.00968e+09 -2.52616e+09  4.48857e+08 -2.75026e+09 -4.04579e+09  3.92396e+09 -1.48348e+09 -1.15424e+08 -2.14593e+09  4.03435e+07  7.36816e+08  8.30394e+08  3.66167e+09  3.29388e+09 -1.77441e+08  1.69748e+09 -1.53287e+09  1.05906e+09  1.74892e+09 -1.49437e+09 -1.10619e+09  4.11024e+06  2.73021e+09  8.35872e+07  1.03151e+09 -4.91513e+08  2.13013e+09  8.12526e+08 -9.54868e+08  2.73929e+09  1.07354e+09   4.7281e+08 -1.06851e+09  2.84431e+09  1.59284e+08 -1.15468e+09  2.82046e+09   3.0752e+09  1.28857e+09  -3.0993e+09 -1.71601e+09  1.50444e+09 -1.04627e+09 -3.33558e+09 -1.24305e+09  1.73704e+09 -2.10843e+09 -4.77414e+08 -1.12036e+09  2.36428e+09  2.66549e+09  1.05818e+09 -1.12411e+09  4.04129e+09  4.43278e+08  4.67677e+08 -1.12426e+09  3.25727e+08 -2.57105e+09 -1.35502e+09 -3.66731e+08 -6.20568e+08  -3.7778e+09 -3.17214e+09  5.75379e+08 -4.97761e+08 -3.28431e+08  1.02013e+09  1.28663e+09  3.47541e+09  3.42499e+09  3.07347e+08  3.47908e+09 -3.20098e+09 -3.42003e+09 -2.14646e+09 -4.37367e+09 -9.23371e+08  1.04387e+08   -1.385e+09    1.946e+09 -2.94895e+09 -2.87975e+09 -7.23866e+08   3.0374e+09  5.93749e+08 -1.66628e+08  8.76311e+08  4.36183e+08  2.85672e+09 -3.01428e+09 -9.20103e+08  -2.0362e+09  8.25648e+08  3.57869e+09  1.97386e+09   1.6814e+09  3.22933e+09 -2.58635e+09   9.4865e+08  3.59152e+09 -2.82293e+08 -1.63679e+09 -5.20953e+08  1.92673e+09 -1.25621e+09 -2.96684e+09  2.82512e+09 -5.07283e+09 -1.50393e+09 -9.73327e+07  1.46541e+08 -1.76103e+09 -3.82233e+08  3.37964e+08  2.29785e+09  8.72164e+08 -7.26142e+08 -1.05689e+09 -1.15062e+08 -5.51207e+08 -1.93278e+08 -8.86899e+08  2.17744e+09  3.59314e+09  3.59579e+09   2.1428e+09  6.64158e+08 -2.28682e+09   4.5456e+08  7.95657e+08 -9.00567e+08
 7.91768e+08   1.5601e+09  3.51928e+09 -5.26781e+09  3.42922e+09 -5.20532e+08  2.99163e+07 -6.62328e+09   3.9468e+10  1.25778e+09  -5.0425e+08 -4.12559e+09  1.80039e+09  8.21666e+07 -3.01538e+09 -4.25042e+08  3.64952e+09  -3.6233e+09 -6.43872e+08 -7.43325e+07  3.46516e+09  -3.9969e+09 -1.35463e+09 -2.46167e+09  -5.8364e+08 -5.99531e+08 -7.43696e+08 -1.03058e+08 -3.26643e+09  2.33231e+09 -9.02571e+08  1.19749e+09 -5.72853e+08 -2.75467e+09  4.28906e+07  3.45999e+09  1.11585e+09 -2.05106e+09 -8.06289e+08   -8.877e+08  1.02582e+09 -1.59868e+09 -2.67803e+09  -7.9631e+08 -8.90389e+08 -4.47011e+09  2.68471e+09 -6.55948e+08  6.35073e+07 -3.26005e+07 -1.50411e+09  2.04087e+08 -2.71392e+09  5.88417e+08 -1.21355e+09 -4.31129e+09 -2.69195e+09 -6.30223e+08 -1.13554e+09 -6.33325e+06 -1.31407e+09 -1.63326e+09  1.94456e+09  9.31356e+08  1.54422e+09 -4.90054e+09  1.04151e+09  8.50183e+08  3.92684e+09 -6.33825e+08 -5.11274e+08 -2.61647e+09  -1.1499e+09  6.23219e+08  2.97594e+09  2.48395e+09 -3.68166e+08  1.44342e+08   4.2277e+08   9.9599e+08  -1.2581e+09  1.72058e+09 -3.26216e+09 -4.16424e+09 -1.29825e+09 -5.11311e+08   1.0983e+09 -8.80823e+08  2.45397e+09 -7.37642e+08  1.51017e+09 -4.85464e+08  2.99205e+09  3.11257e+08  9.44572e+08  4.60967e+08 -8.81598e+08  1.38628e+09 -4.68597e+09  1.90987e+09 -7.89224e+08 -1.17633e+09 -2.63656e+09  1.39738e+09 -7.72466e+08 -9.86335e+08  1.19964e+09  2.46106e+09 -9.97848e+07  8.77975e+07  2.31317e+09 -1.62377e+09  1.84234e+08  3.88659e+08 -1.44004e+09 -1.47544e+09 -5.78911e+08 -1.38805e+09 -1.01849e+08 -2.76841e+09   2.4156e+08  1.86211e+09  2.83629e+09 -1.43938e+09  2.17518e+09  9.66078e+08  4.72713e+08 -2.62359e+08  4.81204e+08 -1.31785e+09 -1.87231e+08 -3.66392e+09 -4.31285e+09   1.9126e+08 -9.86761e+08 -2.25308e+09 -3.55157e+07  -2.9621e+09  2.65868e+09  1.02164e+09  2.69071e+09  1.57851e+09 -3.60635e+08 -1.32298e+09 -3.65022e+09  2.76566e+09 -1.52006e+09 -2.37776e+09  2.96786e+09  2.02844e+09  1.83263e+09  8.96252e+07   1.2665e+09  6.14627e+08  9.21767e+08 -1.56482e+09 -8.17085e+08 -1.85711e+09 -1.32233e+09 -2.10806e+09   1.9905e+09   1.4645e+09   2.8795e+09  4.28088e+09
-6.21595e+08  1.81409e+09  2.44932e+09  5.09698e+09  2.79997e+09 -3.23809e+09 -9.82585e+08  8.15917e+08  1.25778e+09  4.07311e+10  6.07353e+08 -2.70112e+09 -2.35529e+09   1.3689e+09 -3.07242e+08 -2.20741e+09 -3.58495e+09  7.43831e+09 -2.71743e+09 -6.26478e+08 -1.58923e+09  3.47713e+09  1.66448e+09 -4.95006e+07  1.98652e+09 -1.57308e+07 -2.52686e+09 -2.36732e+09 -6.51663e+09 -2.20316e+09   1.4438e+09 -8.98945e+08 -2.58865e+09 -8.69098e+08  1.63119e+09  3.78083e+09 -1.80924e+09  1.12488e+09 -3.01746e+09  2.23289e+07 -2.72027e+09  5.82983e+08  2.48138e+09 -2.91922e+09  7.97976e+08  2.29042e+09 -7.04082e+08  1.87963e+09 -1.82511e+09  3.82461e+09 -1.00702e+09  -5.9633e+08  3.26905e+08  3.41404e+09 -1.40712e+09  1.82214e+08  1.36166e+09 -3.02218e+09  1.05344e+08 -2.93168e+09  -9.1758e+08 -1.30307e+09    1.223e+09 -2.84534e+09 -1.82724e+09  4.10395e+08  2.47676e+07 -3.40975e+08  3.34986e+09 -1.02982e+09  1.60709e+09 -1.35487e+09  1.61427e+09 -8.83303e+08  3.04559e+09  -7.3358e+08 -2.80298e+09 -8.40844e+08  -2.6038e+09  2.01991e+09 -8.52312e+08  1.57346e+09 -1.34398e+09  1.05703e+09  2.35828e+09  1.59599e+09 -6.12936e+08  1.58103e+09 -7.88937e+08 -1.26719e+08 -3.28611e+08  1.28559e+09 -9.87975e+08  6.41896e+09   7.6471e+08 -3.68644e+09 -1.55826e+09 -1.03098e+09  1.94223e+09 -3.41995e+09  2.56765e+08  1.10733e+09  5.12769e+08  2.85848e+09  1.27636e+09 -1.75923e+09  8.51916e+07 -1.13386e+09  2.27372e+08 -1.09531e+09  1.95666e+09 -1.63732e+09  1.99209e+09  5.24299e+08  1.83466e+09 -1.80265e+09  5.45071e+08    8.445e+08  1.32089e+09 -1.72012e+09  -3.0362e+09  2.56377e+09 -1.61558e+09  -9.6634e+08  1.47051e+09  5.92989e+08 -1.61623e+09  9.58039e+08  1.46308e+09 -1.11756e+09 -2.43478e+09  -1.7241e+09 -1.14624e+09 -1.66069e+08 -2.07626e+09  1.64001e+09 -3.88287e+08  2.16174e+08  3.89145e+08  1.15046e+09 -3.53991e+09  2.62772e+09 -4.80638e+09  3.47232e+09 -4.24149e+09  8.91159e+08  1.65193e+09 -5.97037e+07 -1.57425e+09  1.06656e+09  3.15137e+09  2.51962e+09  5.72659e+09 -1.68972e+08  8.05886e+08  2.03992e+08 -8.44937e+07 -2.02152e+09 -1.49471e+09 -1.16057e+07 -2.43042e+09 -5.45151e+08  1.81448e+09  9.99583e+08
-8.93709e+08 -7.83082e+09  4.47625e+09 -6.81843e+07 -3.50328e+09 -4.95972e+09  2.43347e+09  2.46562e+09  -5.0425e+08  6.07353e+08  4.86169e+10 -2.16797e+09 -1.62373e+09 -5.89375e+09  6.22822e+09  3.01936e+09  2.45493e+09  4.79705e+09  3.40108e+09 -6.06039e+09  -2.4316e+09  4.17171e+09 -3.27759e+07 -5.51798e+08  3.17563e+09  9.72833e+08  4.60452e+09  -3.4391e+08  4.42113e+08 -9.92268e+08   4.2385e+09  8.34975e+08  5.69597e+08  4.58052e+08  2.39361e+09  -4.8437e+09 -5.57773e+09  5.92743e+09 -1.07283e+09 -1.82032e+09  -3.8699e+09  8.56479e+08 -9.93727e+08 -7.55588e+08  2.38798e+09 -1.80425e+08 -1.66415e+09  1.72031e+06 -4.20735e+09  3.63932e+08 -4.31213e+09 -2.75657e+09  6.28076e+08 -1.94195e+09  1.94829e+09  1.47274e+09 -8.59939e+08  1.24418e+09 -5.35976e+08  2.81253e+09 -2.01291e+09  2.79016e+08  2.78543e+09  3.86673e+09 -4.26194e+09  2.54576e+09  1.92942e+09  1.39214e+09  2.50511e+09 -1.75239e+09  3.29697e+09  1.66923e+09 -1.78627e+09 -9.06453e+08  5.63444e+08 -5.37775e+09 -1.50233e+09 -1.46508e+09  2.17543e+09  2.70314e+09  -7.7092e+08 -1.84824e+09  2.20742e+09 -3.78678e+08 -1.70604e+08  7.46143e+08  7.69635e+08 -3.34797e+09 -1.10757e+09  2.72849e+06 -2.56475e+09  5.20763e+08 -1.55132e+09  1.24994e+09  1.66841e+09 -2.03447e+09  8.16352e+07   4.4998e+09 -1.19269e+09  1.56729e+09  1.37649e+09 -2.17357e+09  1.70873e+09  2.87035e+09 -2.28054e+09 -1.64409e+09  2.99452e+08 -1.68372e+09 -1.21201e+09 -9.73403e+08  4.69433e+08 -1.88971e+09 -9.63665e+08  -2.2047e+09  3.87605e+08  1.77244e+09 -2.87328e+09 -2.10243e+09 -9.58082e+08 -8.17159e+08  -1.1944e+08 -1.81015e+08  -5.6501e+08 -2.93757e+09 -2.29686e+09  4.29598e+08  2.39995e+09 -1.65594e+09  6.91884e+07 -6.84141e+08 -5.83357e+08  1.00381e+09  7.36809e+08  3.34957e+09 -2.66338e+09  4.11684e+09 -4.39322e+08 -3.59305e+09 -5.52303e+09 -6.83632e+08 -3.89086e+09 -2.52177e+09   1.1049e+08  2.11691e+09 -1.33188e+09 -1.57293e+08   1.0892e+09  3.12062e+09  3.05041e+09 -8.86583e+08 -3.06122e+09   6.1847e+08 -2.38669e+09  2.81229e+09 -2.73689e+09  2.47498e+09  1.00141e+09  3.67776e+08 -2.09161e+09  1.81182e+09 -1.69662e+09   -1.652e+09 -1.34409e+09 -4.03009e+09
-1.28529e+09  4.52206e+09 -2.27525e+09 -1.45445e+08 -2.55015e+08  1.15573e+09 -2.16721e+09 -3.89344e+09 -4.12559e+09 -2.70112e+09 -2.16797e+09  4.16739e+10 -4.31291e+09  9.28304e+07 -8.36841e+08  1.63248e+08  -1.1403e+09 -3.50333e+09 -1.57623e+09 -1.01475e+09 -7.23433e+08  1.32039e+09 -1.97444e+09 -1.11717e+09 -1.18017e+09  4.19282e+09  5.96826e+08 -3.22218e+09 -6.10783e+08 -1.67216e+09  1.02758e+09 -2.08769e+09  7.72072e+08 -2.40712e+09 -2.23788e+09  5.10352e+08  3.27793e+07 -1.43056e+08  3.80075e+09 -1.04555e+09  3.23359e+09 -4.04469e+09  3.12051e+09  1.32056e+09 -5.07534e+09  4.63428e+09   1.7569e+09  -1.4337e+09 -3.16467e+09  9.57084e+08  9.32311e+08  6.39781e+07    1.328e+09  1.16066e+09  -3.6947e+08 -1.34754e+09  2.39757e+08  2.27231e+09 -2.82799e+09  7.12258e+08  3.99792e+09  1.56711e+09   1.7961e+09   1.9981e+09  9.54315e+08  2.61375e+09  1.56229e+08  2.92768e+09 -1.10407e+09 -1.30364e+09 -9.76705e+08  1.37458e+09 -2.76437e+09  1.39889e+09  3.69131e+09 -8.45265e+07  4.55752e+09  -1.3716e+09  4.85443e+09 -2.68599e+08 -1.51345e+08  4.34562e+08  -2.2455e+08  1.13296e+09 -2.48666e+09 -5.64482e+08   -1.037e+09 -1.10672e+09  4.24764e+09 -3.81053e+08  1.01743e+09 -1.27861e+09 -1.55741e+09 -8.77538e+08  1.32218e+09 -6.57639e+08  -3.3127e+09  -1.5992e+09 -9.39069e+08 -1.63975e+09  3.14788e+09  -4.5777e+09 -6.07032e+09 -2.15108e+09  2.45457e+09  2.22896e+09  1.72442e+09 -8.67939e+08  1.68688e+09 -2.69577e+08 -7.90339e+08    5.624e+08   1.3479e+09   8.0547e+08  9.23617e+08 -4.30607e+08 -1.67096e+09  3.36679e+09  1.63295e+09 -1.09596e+09  2.58634e+08 -2.68216e+09 -8.00348e+08 -1.28809e+09  4.11744e+08 -1.68412e+09 -5.47796e+08  1.75539e+09 -2.81681e+09  -3.5031e+09  1.62235e+09  2.65402e+09    2.428e+09   1.5514e+09  1.91081e+09 -4.04848e+08 -1.81861e+09  1.74913e+09  2.69753e+09  5.25816e+09 -2.45506e+08   7.1361e+08 -7.86955e+08   6.6812e+08    1.567e+09  5.19216e+09 -8.48473e+08  -9.0751e+08 -2.00042e+09 -2.96748e+09 -2.20925e+08 -3.07128e+08  1.81477e+09 -3.25496e+09  1.05001e+09   5.6452e+08 -8.20034e+08  3.59058e+08 -2.14135e+09 -5.06996e+08  5.69769e+08 -2.08146e+09 -3.06136e+09 -1.11328e+09
-3.86755e+09  6.49498e+09 -6.79697e+09  4.34694e+07  3.84954e+08   1.0129e+09  1.05755e+10  5.02033e+09  1.80039e+09 -2.35529e+09 -1.62373e+09 -4.31291e+09  5.19897e+10 -1.11719e+09 -8.27053e+09 -1.19806e+09  3.18885e+09 -1.36713e+09   5.0646e+09  2.30971e+09 -4.15993e+08  9.61631e+08 -2.58154e+09  1.86219e+09 -1.02051e+09 -4.10039e+08  7.36002e+09 -1.97649e+09 -1.22999e+09  7.65351e+07  1.65268e+09  4.95477e+09  3.88326e+08 -2.97833e+09  1.58316e+09 -2.19031e+09  2.26454e+09 -2.95085e+09  2.33814e+09  -1.6012e+09 -3.63868e+09  2.91877e+09 -1.67861e+09  5.10628e+09 -2.71891e+09 -2.02174e+09  4.33955e+09 -1.30299e+09 -2.43238e+09 -2.24675e+07  1.23308e+09 -1.49273e+09  1.37116e+09 -9.08113e+08  2.11028e+09 -1.78007e+08 -5.12435e+09 -1.77044e+09  6.29599e+08 -4.89938e+08  -5.1065e+09 -3.00616e+09 -3.40399e+09  -2.4972e+09  2.31201e+08 -3.28343e+09  3.38887e+09 -7.79452e+08 -3.78386e+08   2.4722e+09  -7.0273e+08 -2.10149e+09  1.80345e+08  1.13384e+09 -2.39007e+09  4.27887e+08  4.32739e+09  3.18969e+09 -1.66344e+09  2.56789e+09  2.32298e+09  4.07627e+08  2.92441e+09 -1.22484e+09  6.32687e+08  6.45227e+08  1.48513e+09  5.53765e+08  7.32969e+08 -2.21749e+09 -5.44928e+08 -1.46579e+09 -1.72323e+08  -2.6895e+09  1.10493e+09  2.14744e+09  3.41002e+09 -1.18796e+09 -2.11179e+09   1.3166e+09  1.85342e+09  1.89978e+09 -3.96253e+08  4.10696e+09 -8.73381e+08 -1.11935e+09    1.817e+09  1.96942e+08  1.40044e+09  2.44596e+08  8.36591e+08  1.51328e+09 -6.51808e+08  2.27851e+08 -1.24183e+08 -1.42519e+09  2.05612e+09 -1.90594e+09 -4.78255e+09  3.14424e+09  7.35582e+08  1.26389e+09 -1.62043e+07 -3.95278e+08 -3.45744e+09  -1.5116e+09  3.08648e+09 -1.57998e+09  1.58254e+09  4.09933e+09  1.73222e+09  4.76351e+08 -1.84352e+09  4.73208e+08   -5.331e+09 -7.77889e+08 -1.79679e+08 -1.22093e+09 -1.66689e+09 -1.31834e+09  3.30948e+09 -1.35064e+09  1.66483e+09  2.93327e+09  1.30343e+09 -2.92546e+09 -5.67716e+08 -4.33957e+08  2.22533e+09  3.27214e+09  2.91193e+09 -4.72362e+08  2.12978e+09 -3.38217e+09 -6.90558e+08 -2.51883e+09 -1.88657e+09 -5.08526e+08    2.322e+09 -1.63751e+09  1.62529e+09 -1.55494e+09  9.33507e+08  1.07345e+09
 1.26818e+09 -4.29833e+09 -3.07363e+09 -1.62262e+08  1.98079e+09 -3.61105e+08 -4.99441e+09 -2.49691e+09  8.21666e+07   1.3689e+09 -5.89375e+09  9.28304e+07 -1.11719e+09  4.14658e+10  2.04242e+09 -1.93934e+09  8.68334e+07 -1.12326e+09 -1.17775e+09  4.09138e+09 -2.71302e+08 -5.67466e+08   4.2473e+08  1.00341e+09  1.97847e+09  9.91426e+08 -4.87374e+09  1.66979e+09  5.33194e+09  2.08212e+09 -3.03444e+09   1.3469e+09 -4.73798e+09 -1.32519e+09 -1.16228e+09  1.15161e+09 -3.87308e+07 -4.68095e+09 -3.21497e+08  3.46684e+09     4.37e+09 -4.38764e+08  1.21924e+09 -3.08183e+09 -1.74487e+09  9.79368e+08 -3.59528e+09  1.78153e+09 -2.75022e+09  8.49145e+08 -1.58342e+09 -1.99412e+09  1.36431e+09   3.1664e+09 -2.45405e+08  4.77032e+09 -1.15718e+09  8.53227e+08  3.12413e+09 -3.94743e+08 -2.32585e+08   1.2839e+09  4.92118e+08 -2.70414e+09  1.14865e+09 -1.76698e+09  4.54934e+08  6.45765e+08 -3.30275e+09  8.04497e+08 -2.73021e+09  2.11872e+09  9.79476e+08 -1.48681e+09  2.98816e+08  5.25815e+08 -1.64206e+09  7.60894e+08  1.98397e+09 -1.52617e+08  1.47631e+09  2.37553e+08 -2.18021e+09  2.32519e+09   9.2918e+08 -1.35033e+09  3.62191e+09  1.14585e+09 -1.19991e+09  1.24644e+09 -1.80652e+09  3.55001e+09  2.02453e+09 -1.72307e+09  2.00747e+09  2.22085e+09    3.092e+09 -1.74877e+09  1.89581e+09 -2.04434e+09  1.16679e+09 -6.05122e+08 -8.77534e+08  7.55713e+07  8.92813e+08  6.05971e+08  1.39372e+09 -1.29503e+08 -2.06101e+09 -7.83286e+08  2.47333e+09 -1.51974e+09 -3.15159e+08   3.3099e+09 -1.42716e+09 -7.03538e+08  2.73607e+09   1.3181e+09 -3.69092e+08 -3.28332e+09 -2.20593e+09 -6.13531e+07 -1.68602e+08  3.57469e+09  2.11335e+09 -2.96337e+09 -9.86116e+08  3.69249e+09    1.056e+09 -1.22837e+09  3.40207e+09  3.99017e+07 -1.44286e+09 -7.33557e+08 -2.21206e+09 -3.11737e+09 -1.70084e+09  3.60019e+08   4.8542e+09 -2.97869e+09   2.0792e+09  1.62849e+09  3.48287e+08  1.80731e+09  1.46588e+09  5.07664e+08 -3.01421e+09 -2.60538e+09 -2.90447e+09  3.78375e+08 -1.46897e+09 -8.85143e+08 -1.78643e+09  -5.8752e+08  8.86265e+08 -1.36931e+08 -1.09021e+08  4.31489e+08 -2.40574e+09  4.69514e+08  1.95492e+09 -1.91029e+08 -1.59379e+09  -1.0071e+08
 4.35986e+09 -1.42238e+10  1.02138e+10 -1.06439e+09 -6.02793e+08 -8.90239e+08 -1.01432e+10   -4.874e+09 -3.01538e+09 -3.07242e+08  6.22822e+09 -8.36841e+08 -8.27053e+09  2.04242e+09  5.25084e+10 -2.56247e+09  2.10988e+09  6.96043e+07  2.01865e+08  4.48749e+09   2.7105e+08  6.29473e+08   -2.788e+09  8.98901e+08 -9.45672e+07  2.12588e+09  6.95673e+08  1.45478e+09 -1.58083e+09  3.52854e+09 -2.95456e+09 -6.19267e+09  -1.9961e+09  4.28643e+09  6.46359e+08  4.21953e+09 -4.31142e+09  7.72656e+08 -2.75298e+09 -3.35229e+09 -2.78802e+09  2.65062e+09   1.2638e+09 -4.55156e+08   4.2869e+09 -4.19719e+09 -2.67391e+09   2.6742e+09 -4.30099e+08  1.64538e+09 -5.10178e+09 -1.75303e+09 -2.48337e+09 -4.09219e+09 -1.93717e+09  2.19078e+09 -9.93016e+08 -9.40773e+08 -3.57681e+09 -1.56647e+09  -2.5306e+09  1.65427e+09  9.66452e+07 -2.46836e+09   5.0925e+08  3.06092e+09 -1.98712e+09  3.59614e+09  6.95075e+08 -1.08947e+09 -8.98102e+07  7.71302e+08 -1.93175e+09 -2.58949e+09  7.04919e+08  7.77026e+08 -1.46149e+09    1.361e+07 -1.37834e+09  4.54634e+09  1.94754e+08 -4.04984e+09 -1.46032e+09  6.37714e+09 -7.26692e+08  4.44453e+09 -6.54682e+08 -8.12261e+08 -5.77613e+09 -1.60371e+09  3.89185e+09 -9.79268e+07 -3.36496e+09  5.85488e+07  3.42877e+09  1.28597e+09  1.91949e+09  2.73658e+09  4.83776e+08  1.59864e+09  6.51695e+08 -1.54258e+09   1.9883e+09  4.57284e+09  8.70176e+08 -3.23211e+09  -4.6912e+08  2.01806e+09 -3.74685e+09 -2.59871e+09  7.24439e+08 -2.84232e+09  1.53504e+09   2.5435e+09  1.65662e+09 -9.01621e+08 -3.11951e+08 -3.83001e+08  1.08781e+09  2.22877e+08  1.04809e+09  1.14676e+09  -6.6921e+07 -4.18539e+08  4.96533e+09 -1.20271e+09  2.66471e+09  -1.2086e+09  1.81015e+09  -6.2078e+08 -1.33473e+09 -1.03463e+09  1.77183e+09  3.52814e+09 -1.40215e+09  1.79117e+09  2.17353e+09 -2.92899e+08  4.12192e+08 -1.51573e+09 -1.01327e+09  3.16375e+09 -6.18537e+08  4.20228e+08  1.37155e+09  3.09409e+09  3.44968e+09  -2.0293e+09  1.39943e+09 -1.89593e+08  -2.5358e+09 -1.68534e+09 -3.03933e+09 -2.03864e+09  2.01147e+09 -2.45576e+09  2.39072e+08 -1.95062e+09 -1.63136e+09  3.35431e+09  1.21641e+09  2.17952e+08  3.15508e+07  -2.7037e+09
-1.86164e+08  2.03069e+09 -1.71487e+09  5.29265e+09  3.79893e+09  7.72793e+07  1.52871e+09  1.55819e+09 -4.25042e+08 -2.20741e+09  3.01936e+09  1.63248e+08 -1.19806e+09 -1.93934e+09 -2.56247e+09   4.3199e+10  4.98159e+08 -6.54477e+08 -5.00886e+08  9.71454e+08  1.32155e+09  1.71027e+09  2.66392e+09 -1.62517e+09 -1.76318e+09  3.56403e+08 -1.90795e+09  -1.3978e+09 -3.66539e+08 -1.42077e+09  1.01038e+09 -8.68261e+08 -1.54412e+09 -1.14553e+09 -1.18592e+09 -3.03889e+09  2.46813e+09 -4.33219e+07 -2.80088e+09 -2.22907e+09  1.08774e+09 -3.20627e+09  4.23778e+09 -1.79282e+09  3.79378e+08 -2.06643e+09  5.53055e+09 -1.08547e+09 -2.19957e+08 -5.01104e+09 -2.80665e+08  3.35546e+08  6.91243e+08  9.17479e+08  -1.4875e+09 -6.96424e+08  7.97679e+08  1.07215e+09 -4.42747e+09 -1.85513e+08 -8.75333e+08  6.89121e+08  2.07682e+09  1.67117e+09  1.21188e+09  2.25253e+09  9.21083e+08  5.99462e+06  2.62152e+09  1.24672e+09  2.69753e+09 -3.49944e+09 -9.49145e+08   1.4794e+09 -1.56994e+09  5.83622e+08 -1.47271e+09 -2.64896e+09 -2.73174e+08 -3.89994e+08 -2.97777e+09 -1.45496e+09 -1.42177e+08  3.71767e+08 -3.20831e+09  3.77245e+09 -1.82057e+09 -1.78188e+09  1.09548e+09 -2.42944e+09  8.26651e+08  3.44852e+09   -1.252e+09 -1.21333e+08  2.28733e+09  3.55575e+09 -1.63735e+09 -2.88521e+08 -2.66074e+09  2.55657e+09 -3.20358e+08 -5.95096e+08  1.50549e+09 -1.09933e+09 -1.53215e+09  2.40414e+09  2.41564e+09 -2.80597e+09 -2.18832e+09 -1.29484e+09  1.03562e+09       695819  3.74624e+08 -2.83902e+09  8.72273e+08   3.4702e+09  1.16194e+08 -1.99428e+09  4.81005e+08 -1.64147e+08 -5.55099e+08 -1.35067e+09  1.20608e+09 -2.51159e+08  9.98936e+08 -1.31639e+09 -1.49923e+09  1.05101e+08  3.50442e+09 -8.51785e+08 -9.66082e+08 -4.62261e+08  1.73608e+07  8.09797e+08 -4.86403e+08  2.60515e+08  5.20305e+08  2.70216e+09 -3.43776e+08  1.07551e+09  3.13733e+08 -6.88555e+07  5.84414e+08 -1.28383e+09 -1.91064e+09 -1.27401e+08 -5.10568e+08  2.47986e+09 -1.77327e+09 -1.13242e+09 -4.48658e+09  2.46846e+09  1.84352e+09  5.75357e+08  7.73278e+08  1.03652e+09   2.5508e+08 -1.41218e+09 -1.17792e+08  9.00498e+08  1.97121e+08 -8.20807e+07  1.63899e+09 -5.65685e+08
-1.61851e+09 -2.90045e+08  1.12174e+08  2.25064e+09 -9.87003e+08 -1.04077e+09  2.34115e+09  9.26057e+08  3.64952e+09 -3.58495e+09  2.45493e+09  -1.1403e+09  3.18885e+09  8.68334e+07  2.10988e+09  4.98159e+08  4.20914e+10  -3.9792e+09  3.54052e+09  3.89785e+09  3.78756e+09  7.26302e+08 -4.38807e+08  1.65926e+09  8.58261e+08  2.91289e+09  4.15218e+09  5.55023e+08  3.08665e+09  4.00718e+08  1.08286e+09  1.14027e+09  4.08247e+09 -1.28715e+09  3.86218e+08 -4.07553e+08 -5.47521e+07 -2.16544e+09  -4.3118e+09  2.69652e+09  2.52091e+08  2.88707e+07  1.28094e+09 -3.37363e+09  8.97474e+08  7.75916e+07    1.276e+09  3.01277e+09 -6.82958e+08 -1.52775e+09  4.08965e+09 -1.62234e+09   7.2839e+08 -1.53535e+08 -3.32308e+09 -1.64537e+09 -5.03425e+09 -8.43373e+06  6.31307e+09  1.09612e+09  -3.0292e+08   1.1081e+09  2.79989e+09 -3.92282e+08  6.04312e+08  7.16243e+08  2.38726e+09  1.01459e+09 -1.90171e+09 -2.94588e+08  4.17557e+08  2.94458e+09 -1.80121e+08  1.59703e+09 -2.43631e+08 -4.04342e+09  -4.2088e+09  2.00598e+09  2.34049e+09 -6.42874e+08   1.9338e+08 -2.07319e+09 -3.39551e+09  2.10036e+09 -2.19313e+08  2.78066e+09  4.36107e+08  -2.7265e+09  -1.8745e+09 -1.83372e+09 -4.10437e+08 -3.62423e+09  1.03764e+09  3.54689e+09  2.46599e+09 -4.32763e+08  2.10986e+09  3.15682e+09  4.47813e+08  1.44369e+09 -2.66509e+09  1.28209e+08  1.72082e+09  1.78656e+09 -2.30518e+09 -2.50016e+09  2.82842e+09 -1.10073e+09 -3.32452e+09  1.37924e+06   1.0429e+09 -3.15254e+09 -9.66828e+07 -5.37515e+08  -2.2229e+09  2.28825e+09  2.09585e+09 -1.72787e+09 -3.92506e+09  1.61155e+09    4.785e+08 -6.06097e+08  6.58503e+08   9.7903e+08  2.22469e+09 -9.31078e+08  9.16044e+08   7.5515e+08  3.69771e+08  1.26433e+09 -1.31331e+09 -2.25538e+08  1.18401e+09  8.00977e+08 -5.87979e+08 -7.29923e+08  1.79064e+09 -4.48448e+07 -2.03412e+09  8.77374e+08 -5.82678e+08  2.54799e+09 -1.14616e+09 -1.51827e+09   3.6525e+09 -1.94795e+09 -1.69632e+09  1.82432e+09  3.97954e+09  2.17899e+08 -2.71395e+08 -2.73116e+09 -3.94886e+08 -2.53309e+08 -7.08053e+08   2.3222e+09  2.30562e+09  2.58491e+09  2.96004e+08 -5.88987e+08  2.51356e+09 -4.28873e+08 -7.54364e+08  7.60557e+08
 1.41781e+08 -1.48552e+09  3.36007e+09 -1.29715e+09 -3.63635e+08   -2.628e+09 -1.51057e+09  4.86742e+09  -3.6233e+09  7.43831e+09  4.79705e+09 -3.50333e+09 -1.36713e+09 -1.12326e+09  6.96043e+07 -6.54477e+08  -3.9792e+09  4.28721e+10  2.41065e+09  7.82462e+08 -2.30446e+08 -3.76556e+07  2.68562e+08  3.12505e+09   2.4334e+09 -2.54599e+09  1.12535e+09 -2.72602e+08  6.31251e+08 -4.30618e+08  1.43764e+09 -2.61818e+09  -6.7752e+07  7.27889e+08  3.77749e+09 -1.78517e+09  9.20155e+08  3.56648e+09 -4.23909e+09 -3.76348e+08 -3.07188e+08 -6.50622e+08  1.00017e+09  8.62482e+08  9.90335e+08  4.64398e+09  1.13221e+09 -3.77178e+09  6.47462e+08 -1.47461e+09 -3.65842e+09 -2.31981e+09 -3.79221e+09  3.54109e+09  1.00148e+09  1.72625e+09  2.96933e+09  1.96499e+09  -8.7393e+08 -1.04821e+08 -1.23905e+09 -4.56209e+08  7.68906e+08 -3.15386e+09 -3.34504e+09  -9.5231e+08 -3.82345e+09   -3.454e+09 -9.79609e+08  8.00423e+08  2.63822e+09  1.30856e+08 -6.49381e+08  1.61723e+09  1.35883e+09 -3.21528e+09 -1.92421e+09 -3.27219e+09 -9.94759e+07  4.92549e+09 -4.06457e+08  1.59145e+09   1.1048e+09  1.93007e+09  1.15489e+08  5.77875e+08  -6.8689e+08  7.33593e+08 -1.95468e+09  1.26025e+09  -4.5343e+08  2.52987e+09  3.46487e+09  2.04102e+08 -2.72906e+09 -2.26077e+09 -4.03083e+08 -8.29844e+08  6.45789e+08 -2.41978e+09   7.1646e+08 -1.57354e+09 -2.89789e+08  2.16597e+09  2.43141e+09  5.66249e+08  1.22248e+09 -1.86215e+09  4.14828e+09 -1.21752e+09 -8.25185e+08 -4.54215e+08  1.09754e+09 -1.69552e+08  2.01117e+09 -1.20714e+09  1.36876e+09 -9.64667e+08 -1.19718e+09  -4.4176e+09   1.7136e+09  2.67041e+09  5.18235e+08  1.08424e+09 -1.66958e+08 -1.35097e+09  2.11112e+08  1.67912e+09  1.76795e+09  2.92249e+09 -3.35872e+08 -9.49805e+08  2.57974e+09  1.63621e+09  4.45502e+08   1.1499e+09 -3.33314e+09 -2.57259e+09 -1.86937e+09  1.18559e+09 -2.74581e+09 -2.04748e+09 -4.39238e+08  3.72236e+09 -4.73941e+09 -3.15446e+09  1.23592e+09   3.1914e+09  1.95795e+09  7.77014e+08 -3.91544e+09  -9.6873e+07  2.37852e+09  1.37668e+09  2.51643e+08  1.05025e+09  7.21051e+08  6.84819e+08 -5.43844e+08   4.7053e+09 -3.14761e+09 -1.00396e+09  2.83184e+09 -1.88635e+09
