 1.19776e+12 -1.60921e+12  5.32821e+11 -2.93974e+11   2.2115e+11 -3.06386e+11 -1.41349e+12 -8.37853e+11  2.02705e+11 -1.59138e+11 -2.28803e+11 -3.29053e+11 -9.90152e+11  3.24674e+11  1.11619e+12 -4.76611e+10 -4.14364e+11  3.62979e+10 -2.72048e+10 -5.98798e+10 -2.89591e+10  -1.0012e+11 -1.81363e+11 -1.02314e+11   1.0792e+09 -5.02748e+10 -5.24255e+10 -3.67808e+08  3.20708e+09  3.80691e+11 -2.85697e+11 -2.20692e+11 -2.52833e+11  1.79838e+11  1.49675e+10  1.39894e+11   1.5078e+11 -1.49163e+11 -7.81629e+07 -1.44301e+11   4.6547e+11  4.60044e+10  4.10182e+11  5.16202e+10  4.29755e+11 -2.73492e+11  6.13787e+10  8.89854e+10  3.79344e+11 -3.04276e+10 -4.47099e+11  6.99601e+10 -2.72184e+11 -3.61473e+11  -4.5596e+11 -1.14301e+10  3.98268e+11 -2.84659e+09 -5.35396e+10  2.16777e+11 -3.00828e+10  1.83662e+11 -1.91723e+11 -1.08217e+11  1.33084e+11 -2.36064e+11 -1.92842e+11  7.12085e+10  9.62866e+10 -6.05669e+10  2.82172e+11 -3.41786e+11  1.07904e+10 -6.81906e+10  1.62216e+11  3.12006e+11 -3.15418e+11  -6.0852e+11 -1.41063e+11  5.74431e+10 -5.88668e+09  1.37348e+11 -2.54435e+11   2.1308e+11 -4.46188e+10  1.84356e+11   1.2554e+11  1.52067e+11 -1.54478e+11  2.09591e+11  1.55242e+10  5.89322e+10 -1.18341e+11 -6.19045e+10   4.8792e+10  2.01552e+11  3.23318e+11 -2.85561e+10 -3.75704e+10  1.81897e+11  1.21069e+10  5.96089e+10 -2.92701e+10  1.38582e+11 -1.00073e+11  2.39198e+11  9.39425e+10 -1.27594e+11 -4.27809e+11  1.60954e+11  1.15083e+11  7.89974e+10  2.51584e+11  3.87463e+11  2.52711e+11 -1.51948e+10 -4.86627e+09  2.89449e+11  1.50863e+11  -1.1513e+11   2.6566e+11 -5.70364e+10 -3.51591e+11  2.61464e+11  1.18354e+11 -9.28161e+10 -8.68956e+10  1.81491e+11 -4.14113e+11 -9.28681e+10  3.96092e+10 -9.61314e+10 -2.18131e+11  3.08148e+11  1.48141e+11  1.31338e+11 -4.32163e+10  1.25313e+11  2.10208e+11 -1.51358e+11  2.78651e+11   4.6838e+10 -1.59323e+11  7.80634e+10 -5.45045e+10 -6.39494e+10   2.8195e+11  -2.0217e+11  9.31479e+10 -4.37405e+10 -2.37242e+10 -3.03512e+11 -4.91452e+10  -1.1783e+11  2.57006e+11 -1.83145e+11 -2.18001e+11 -1.34496e+11 -1.71386e+11  9.86827e+10  1.82005e+11   7.6329e+10 -6.38688e+10 -6.79158e+09
-1.60921e+12     1.13e+13  -1.9938e+12  2.13888e+12  1.42501e+12  1.08212e+12    4.158e+12  1.87044e+12  3.99411e+11  4.64436e+11 -2.00481e+12  1.15772e+12  1.66282e+12 -1.10044e+12  -3.6415e+12   5.1989e+11 -7.42549e+10 -3.80315e+11 -2.57241e+11  -8.4241e+11  4.00647e+11  -1.6547e+12  4.81819e+11 -1.03714e+12  1.41401e+11  1.11188e+11   1.8572e+10  4.01617e+10  -7.3914e+11 -2.25248e+11  2.11786e+11  3.83022e+11  2.14965e+11 -7.95595e+11  -1.1498e+12  1.99796e+10  4.84758e+10  4.14513e+11 -4.63075e+09  4.71971e+11 -7.38772e+11 -2.40778e+10 -1.10537e+12  1.23142e+12 -7.51386e+11 -2.50663e+11  4.90295e+11  1.37686e+11  1.69972e+10 -7.94208e+10  1.18698e+12  1.16019e+12  3.63188e+11  7.13839e+11  6.30676e+11 -7.78018e+11 -2.10971e+11 -1.20373e+12 -2.14782e+11 -3.48997e+11   6.7971e+11 -1.03593e+12   1.4666e+11    6.277e+11 -3.91358e+11 -8.94876e+11 -7.19181e+10  -1.2542e+12  9.95966e+10 -1.14235e+12 -4.38599e+11  3.04991e+10 -6.86018e+11  1.95763e+11 -5.68211e+11 -1.37391e+11  3.71652e+11  2.89439e+11  3.55244e+11 -4.67121e+11  4.52603e+11 -6.50051e+11  -6.0094e+10 -9.28496e+11   6.3121e+11 -3.41026e+11  1.49917e+11  4.89959e+11 -6.27993e+10 -9.47141e+11  -2.2104e+10 -3.13761e+11  6.37144e+11 -1.25412e+12  -1.6332e+11  2.58293e+11 -9.71564e+11 -7.25002e+11  6.81985e+11 -2.86517e+11  4.66204e+10  2.25025e+11  -2.4694e+11 -6.61934e+11  3.45163e+11  2.80419e+11  3.53716e+11 -5.87011e+10  1.18618e+12 -7.89275e+11  3.95438e+11  2.98662e+11 -3.67763e+11 -4.27424e+11 -7.10433e+11 -5.51547e+11  3.59725e+11 -5.77841e+11 -7.37615e+10  -1.9299e+11 -4.72937e+11  8.71636e+11 -7.12295e+10 -4.34803e+11  1.52985e+11  1.89484e+11 -1.68335e+10 -3.61466e+11  7.33104e+10  8.50126e+10  4.51795e+11  8.64757e+10 -5.38525e+11 -4.17903e+11 -3.16743e+11 -9.79714e+11 -4.87924e+11  2.64528e+11  6.45984e+11  6.91122e+11  1.04117e+11   1.2046e+12  -8.5634e+10 -9.89173e+09  5.27562e+11  3.38409e+10 -9.73764e+10  -1.2793e+10 -8.24775e+11 -6.40207e+10  2.80311e+11  6.63245e+11  4.27374e+11 -1.02038e+11 -4.46799e+11  2.32097e+11  -3.8218e+11 -4.79465e+11  3.82943e+11 -5.97753e+11  7.87527e+10 -3.21462e+10  1.40993e+11  3.77791e+11
 5.32821e+11  -1.9938e+12  8.53065e+12  -1.1517e+11  4.19193e+11 -9.37284e+11 -1.45397e+12 -7.09196e+11   9.0099e+11  6.27064e+11  1.14599e+12 -5.82498e+11 -1.74013e+12 -7.86896e+11  2.61488e+12 -4.39034e+11  2.87182e+10  8.60229e+11  -3.7592e+11 -2.89303e+11  4.76035e+11 -1.34163e+11 -5.55956e+10  -1.3139e+11  3.49266e+11  4.12797e+11  1.31105e+11  -2.3077e+11 -1.96846e+11  1.03247e+12  9.82624e+10  1.80497e+11 -3.01677e+11  7.58628e+11 -2.41981e+11 -2.34097e+11  3.05029e+11  4.68348e+11 -7.42239e+11  2.97337e+11 -1.84936e+11  4.02549e+11  1.50824e+11 -1.97291e+11  7.98274e+11  5.66552e+11 -3.16773e+11 -1.33099e+11 -1.82023e+11 -2.36664e+11 -3.79694e+11 -3.28006e+11 -3.32385e+11 -3.44905e+11 -1.17939e+12  4.71101e+11 -1.51558e+11 -3.62912e+11  4.17778e+11 -4.74517e+11 -2.56288e+11 -2.92261e+11   1.7371e+11 -1.04553e+12  2.05558e+11 -1.49975e+11  1.07217e+10 -2.27062e+11     5.88e+11 -4.31925e+11  6.93106e+11  -2.4421e+11  3.96298e+11 -7.19727e+11 -4.47162e+10 -2.59184e+11 -1.19916e+12 -1.52122e+11 -3.04906e+11  2.75224e+10 -6.27218e+10  6.97561e+10  6.57987e+09 -9.28771e+10  2.79449e+11  3.89038e+11 -5.03588e+10  4.81168e+11 -1.48346e+12  2.35251e+11  4.81763e+11 -8.44557e+10 -1.22974e+11  6.13224e+11  3.63614e+11 -3.03459e+11 -2.47998e+10  7.79046e+11  6.29235e+11 -2.73645e+11 -7.30811e+11 -1.72315e+11   1.7735e+11  5.15658e+11  2.87142e+11  6.03433e+11 -2.25414e+11 -4.88703e+11  -2.7324e+10 -3.13651e+11 -3.31597e+11 -2.05552e+11  7.81879e+11 -3.55471e+11 -1.93314e+09 -6.62273e+10  4.98618e+11 -2.27253e+11 -4.96283e+10 -7.01332e+11  6.67138e+10 -1.40542e+11  4.57444e+11   6.0249e+11 -7.52771e+09  8.17092e+11 -7.55827e+11  3.52799e+11  -4.0448e+11  7.24116e+10 -9.54572e+11 -5.16403e+11  5.26493e+10  3.90121e+09  5.99263e+11  8.26993e+10  2.71819e+11  6.91246e+11   -3.681e+11 -5.79126e+11 -6.73673e+11  6.77568e+10  4.70954e+11 -4.84862e+11  3.33095e+10 -4.39251e+11  3.36065e+11  9.58973e+10  8.17567e+11  3.89834e+10 -7.95744e+10 -2.09614e+10 -5.17452e+11  2.62419e+11  6.51248e+11 -8.74016e+11  8.71767e+10 -2.05134e+11 -2.66389e+11  2.22105e+11  3.40306e+11 -5.00349e+10  1.91134e+11 -4.04195e+11
-2.93974e+11  2.13888e+12  -1.1517e+11  1.08546e+13  1.56202e+12  8.65493e+11  8.59137e+10 -7.08403e+11 -1.34864e+12  1.30491e+12 -1.74566e+10 -3.72354e+10  1.11295e+10 -4.15414e+10   -2.725e+11    1.355e+12  5.76198e+11  -3.3209e+11  4.38933e+11 -4.72239e+10 -4.52485e+11  -1.9146e+11  2.93409e+11  2.39379e+11 -5.99292e+11  3.66573e+11 -5.53064e+11  -1.2526e+12 -1.74348e+11 -7.21371e+11  2.62053e+09 -4.22412e+11 -1.08445e+12  7.72862e+10 -2.38462e+11  -7.0654e+11 -9.07133e+10   7.8793e+11 -7.00458e+11  7.75323e+11  -4.1332e+11  5.15689e+11   1.9661e+11 -4.97642e+11 -2.57315e+11 -7.08574e+11  2.50728e+11    1.716e+11  2.08833e+11 -2.96452e+11  2.20699e+11  9.62476e+11 -3.43406e+11 -1.76138e+11 -2.80101e+11  5.48254e+11  7.46163e+10 -4.05162e+11 -5.82634e+11   -5.051e+11  6.81597e+10 -1.68156e+11 -3.38779e+10 -1.90724e+11 -1.05163e+12 -1.09955e+11  1.44194e+12 -1.01048e+12 -2.52031e+11 -3.48783e+11 -1.49572e+11  4.79788e+11 -6.14293e+11  3.39273e+11 -6.47494e+11 -9.90549e+11 -1.59992e+11  7.70983e+11 -7.54066e+11 -1.30342e+11 -5.77497e+10 -4.31943e+11  8.18172e+10  2.36075e+11  7.63449e+10  4.21768e+11  5.82292e+11 -7.04436e+11  4.08961e+10 -1.32101e+12  4.37657e+11  2.88953e+11  3.81466e+11 -6.11722e+10  9.85032e+11  6.15847e+11  1.46539e+10  7.57929e+11  2.04541e+11 -3.52611e+11   6.6809e+11  8.81033e+11  2.74531e+11 -1.84063e+11 -4.21845e+11  1.26358e+12  5.65006e+11 -7.10631e+11  1.18731e+12 -7.63558e+11  3.21394e+11 -1.59369e+11 -5.36333e+11  1.59003e+10 -1.83849e+11  1.14457e+12  7.14422e+11 -3.51165e+11  2.10691e+11 -1.74804e+11 -1.52743e+11   2.9916e+11  1.04422e+12 -2.08513e+11  3.35829e+11  -1.2514e+12  1.36207e+11 -4.81884e+11  2.39194e+11 -6.62046e+11  4.53705e+11 -2.74302e+11 -6.34649e+11 -3.49124e+11 -1.95655e+11  -6.7493e+11 -1.25955e+10 -2.73063e+11  4.23597e+11  1.53833e+11 -2.83427e+11  3.05498e+11  2.50511e+10  1.63286e+09  4.11948e+11 -8.46302e+11 -6.60406e+11 -1.70868e+10 -4.87655e+11 -1.23421e+11 -3.01268e+11  3.01222e+11  -8.0887e+10  8.54889e+10  2.49352e+11 -1.33726e+11  1.08964e+10 -1.46208e+11   3.1834e+11 -3.95984e+11 -2.97972e+11 -8.69662e+11  1.34038e+11 -5.75283e+11
  2.2115e+11  1.42501e+12  4.19193e+11  1.56202e+12  8.36006e+12 -1.29029e+12  -4.7329e+11 -5.12203e+11  8.77933e+11  7.16835e+11 -8.96894e+11 -6.52879e+10  9.85548e+10  5.07113e+11 -1.54325e+11  9.72584e+11 -2.52688e+11  -9.3096e+10 -1.28895e+11  4.14972e+11 -3.44494e+11 -5.39429e+11  5.26322e+11 -1.06294e+12  2.96612e+10  7.87835e+10 -1.13482e+12 -4.50908e+11 -5.14644e+11 -2.03188e+11 -5.27967e+11 -1.14123e+11  -4.2321e+11 -2.20608e+11 -7.40366e+11  3.64584e+11   1.7243e+11  3.60123e+11 -1.18352e+11  5.14804e+11 -2.44748e+11  7.60567e+11  2.79945e+11  2.23823e+11 -3.60033e+11 -1.07068e+12  6.24385e+11 -3.96445e+11  5.67304e+11  1.81305e+11  3.21249e+11  8.54369e+11  2.25024e+11  -1.4415e+11 -5.82488e+11 -1.42999e+11  2.83804e+11 -5.06121e+11 -7.57151e+11   -3.978e+11 -1.24406e+11 -1.05859e+12  -6.6239e+11  2.39948e+11 -4.66372e+11 -3.16726e+11  -2.9646e+11 -9.49092e+11  5.84827e+11 -6.85462e+11  2.02899e+11  4.98515e+11  4.31273e+10   1.8275e+11 -6.29368e+11  2.36312e+11 -3.92373e+11 -4.01601e+10 -6.97541e+11 -2.03941e+11  6.11661e+11  2.07675e+11   1.2456e+11 -7.49671e+11   9.9697e+11  -1.5474e+11  4.28391e+11   4.9212e+11 -5.37654e+11 -1.68675e+11  5.06162e+10    2.275e+11  5.20102e+11 -4.02689e+11  4.09129e+11 -1.94158e+11 -1.84062e+11 -1.58593e+11 -1.20557e+11  6.01489e+10  3.43971e+11  6.36138e+11 -6.87931e+11 -2.07339e+11 -2.03263e+11  6.08468e+11  6.11124e+11 -4.32456e+11  3.38482e+11   3.0558e+11  5.71062e+11  2.33628e+11 -6.29639e+11  4.59612e+11  2.23097e+11 -9.77183e+10  8.13557e+11 -2.56109e+11 -2.76147e+11 -4.18195e+11 -3.79711e+11  7.30082e+11   2.2212e+11  2.31688e+10  1.78796e+11 -4.08217e+11   2.7756e+11   2.4313e+11 -2.28223e+11 -4.21418e+10  8.88108e+11 -3.25038e+11 -4.74894e+11 -5.30951e+11  4.32792e+11 -6.41084e+11  2.76416e+11  -1.8995e+11  5.53301e+11  1.90626e+11  2.26724e+11  2.75052e+11 -8.57381e+11  5.82183e+11  -8.1497e+10 -4.21747e+11   1.5513e+11 -6.98804e+11 -5.94261e+10 -2.58854e+11 -4.08085e+11  5.55766e+10  5.15794e+11  1.97658e+11  5.28976e+11 -1.58825e+11  1.79046e+10 -4.89364e+11 -2.63153e+11 -4.53909e+11    2.549e+11  2.20411e+11  5.17249e+11 -2.08455e+11
-3.06386e+11  1.08212e+12 -9.37284e+11  8.65493e+11 -1.29029e+12  9.40325e+12 -8.49524e+11  1.06006e+12 -1.33266e+11 -8.29002e+11 -1.26977e+12  2.95885e+11  2.59318e+11 -9.24484e+10 -2.27915e+11  1.97844e+10 -2.66453e+11 -6.72809e+11 -1.99756e+11  1.26021e+12 -1.02522e+11 -1.20405e+12 -9.31953e+11   4.8535e+11  1.41954e+11  8.39923e+11 -4.12745e+10  3.10701e+11  4.71767e+11 -5.53744e+11  3.25518e+11 -3.14538e+10  2.09224e+11  2.43109e+10 -1.06752e+12 -1.68541e+10 -4.03234e+11  3.68482e+11 -7.09735e+11 -1.63765e+11  6.49847e+11  7.24998e+11  9.78986e+10  2.50032e+11   6.0247e+11  5.68151e+11  4.93636e+10  5.56172e+10   2.2619e+11 -3.91673e+11  3.39433e+11   8.2615e+10  6.96946e+10 -6.48411e+11 -6.18454e+11 -4.43263e+11  6.64508e+11  7.44695e+11  7.43141e+10  8.56988e+11  3.90692e+11 -3.17877e+11  3.29482e+11  1.40296e+11   4.8319e+10 -1.72579e+11 -1.26995e+11 -6.27194e+11  3.69528e+11 -1.90683e+11   3.0149e+11  5.03703e+11  5.97712e+11 -3.11301e+11  -5.9626e+11  -1.6934e+08  5.15365e+11 -1.56437e+11 -1.67899e+11  4.00277e+11  6.11813e+10 -7.19488e+11  3.72704e+11   8.8635e+09 -1.05377e+11  2.64956e+11  2.08032e+10 -8.82578e+10 -4.77761e+11 -5.54218e+11  2.57063e+11 -3.64324e+11 -6.27478e+10 -6.13701e+11 -3.55545e+11  1.07701e+11  3.50592e+11  3.97625e+11  -7.5964e+11 -2.68602e+11   8.0236e+11  2.21799e+10  9.31666e+10 -7.10376e+11 -4.69428e+11  1.46297e+11 -6.09727e+11  5.65176e+11  1.51955e+11  2.38721e+11 -5.27495e+11  2.94552e+11 -4.17165e+11   8.0286e+10 -2.47945e+11 -7.50654e+10 -4.20373e+11 -1.17833e+11  3.84545e+11  2.37241e+10  1.27533e+11 -4.11477e+11 -3.60191e+11 -8.29495e+11 -1.86759e+11 -1.08895e+12   4.5984e+11 -7.98653e+11   1.4333e+11 -1.12983e+11  3.67444e+11  4.87253e+11   2.2188e+11 -2.75753e+11  4.36827e+11   4.1161e+11  4.61282e+11  1.83046e+11 -2.96418e+11  2.76107e+11  6.91624e+11  4.58998e+11 -5.33952e+11 -3.88755e+11 -2.56902e+11  1.93489e+11  4.69237e+11  1.24165e+11 -3.39122e+11 -7.03391e+10 -9.67471e+10  5.59742e+11 -6.21225e+11  1.45903e+11 -6.28541e+11 -5.24984e+11 -8.54318e+11 -1.36153e+11 -2.97142e+10 -1.79827e+11 -2.38971e+11 -7.39957e+10  -3.7745e+10 -4.06389e+11
-1.41349e+12    4.158e+12 -1.45397e+12  8.59137e+10  -4.7329e+11 -8.49524e+11  1.21935e+13  1.73561e+12  7.66008e+09 -2.51557e+11  6.23007e+11  -5.5484e+11  2.70749e+12 -1.27865e+12 -2.59682e+12  3.91375e+11  5.99371e+11 -3.86731e+11  2.18174e+11 -7.59707e+11 -5.02081e+11   6.0716e+11 -8.79286e+11 -1.26114e+12  6.10807e+11 -5.19131e+11  6.53733e+11  1.60879e+12 -3.52896e+09 -8.72961e+10 -3.91239e+11 -3.04253e+10  7.83371e+11   5.8474e+10 -1.13789e+12 -7.81258e+11  4.22592e+11  1.28882e+12  7.78793e+10 -4.32228e+11  2.21349e+11 -1.60207e+11 -1.41478e+11  2.15088e+11 -4.74006e+11 -7.71721e+11 -4.55941e+10 -3.88111e+11  7.15231e+11 -5.00654e+11   8.6969e+11 -5.36529e+11 -3.02784e+10  6.98983e+11  8.30568e+11 -1.53166e+11 -1.32722e+12 -4.53922e+11 -3.77089e+11 -5.83386e+11   4.7408e+08 -3.72581e+11  4.26356e+10  2.26435e+10     2.09e+11  -5.5413e+11  4.24456e+11 -1.97868e+11 -1.68631e+11 -1.38599e+11 -2.22881e+11  -9.6609e+11  5.74275e+11  7.16043e+11 -3.84127e+11 -4.91407e+11  9.78608e+10  7.01202e+11  1.47976e+10 -6.45212e+11  2.33429e+11  7.93678e+11  9.47734e+11 -1.05523e+12  3.49601e+11  2.74839e+11 -7.47935e+10  5.86331e+11 -4.72413e+11 -2.96711e+11 -8.56466e+11 -8.87077e+10  2.51853e+11 -2.64189e+11 -1.67398e+11  1.70014e+11 -8.68581e+11 -4.07508e+11  9.10769e+11  8.50934e+11 -3.62942e+11    8.823e+11  4.12911e+11 -5.39329e+11  4.25723e+07 -1.04234e+12  1.59626e+09     4.66e+11  9.28269e+11 -1.18741e+11  8.86251e+11 -4.51315e+11 -3.27424e+11  -4.7622e+11 -1.92011e+11  -1.8441e+11 -1.19009e+11 -2.67821e+11 -1.31583e+11  1.73926e+11 -2.22677e+11  7.97015e+10  1.80598e+11  1.80794e+11 -3.41083e+11  7.50597e+11 -8.90656e+11  3.53229e+10 -3.45054e+11  1.44959e+11  8.24221e+11  1.92788e+11 -7.10646e+11 -5.48088e+11 -9.81223e+11  -4.0165e+11 -1.17279e+12 -8.21745e+10  2.38938e+11 -1.46909e+11 -1.72967e+11  3.90119e+11  7.30198e+11  3.33076e+11  8.48529e+11  2.60571e+11  8.24875e+10  3.13526e+10  -7.6981e+11  9.57584e+11  6.06647e+11  -2.1154e+11  2.21075e+11  1.16071e+11 -1.80097e+11  5.29495e+10 -5.83284e+09  7.41573e+11  4.17818e+10  1.05807e+11  -1.2735e+11  1.15003e+11  2.86273e+11 -2.69178e+10
-8.37853e+11  1.87044e+12 -7.09196e+11 -7.08403e+11 -5.12203e+11  1.06006e+12  1.73561e+12  1.18462e+13 -1.69566e+12  2.08888e+11  6.31236e+11 -9.96781e+11  1.28528e+12 -6.39246e+11 -1.24782e+12   3.9892e+11  2.37084e+11  1.24614e+12  3.50283e+10  8.03835e+11  1.42514e+11   1.2329e+12 -1.89122e+12  7.20892e+11  3.12322e+11  3.41571e+10  4.21335e+11  9.47835e+11  6.11015e+11 -1.57987e+12   7.2366e+11  1.19474e+12  7.70525e+11 -6.46737e+11  1.14913e+11 -7.04111e+11 -1.03579e+12  1.00459e+12 -3.79794e+11 -2.95495e+10 -5.49392e+11  1.03289e+10  1.88635e+11  2.12594e+11  9.37444e+11  8.43285e+11 -4.54269e+10  4.34582e+11 -3.92439e+11  2.71136e+11  4.47752e+11 -3.82583e+11 -2.83201e+11  1.05192e+09  6.98977e+11  2.13987e+10  2.64083e+11 -1.25835e+11  5.45345e+11  2.08019e+11 -2.44461e+11  7.01301e+11  2.74844e+11  1.21047e+11 -2.73555e+11  7.28188e+11  4.07803e+10 -2.95615e+11  7.22082e+11    7.873e+11  3.29895e+11 -7.93469e+11 -4.39326e+11  3.85159e+11 -2.67861e+11 -8.53961e+11 -3.18239e+11  4.44709e+11 -5.39791e+11 -1.22225e+11 -2.86829e+11  6.05292e+11  6.82407e+11   2.7091e+11 -2.87789e+11  1.03463e+12  1.13486e+11  1.19733e+11 -2.87828e+11  8.33905e+10  -6.5823e+11 -3.46906e+11 -9.38891e+10 -1.58875e+11 -9.67175e+11 -8.12116e+11  1.47306e+11 -1.27435e+11 -8.40832e+10   2.6117e+11  3.29397e+11  8.89759e+11  8.76849e+11  7.86856e+10  8.90698e+11   -8.195e+11 -8.75581e+11 -5.49526e+11 -1.11973e+12 -2.36398e+11  2.67246e+10 -3.54581e+11  4.98207e+11 -7.54977e+11 -7.37261e+11 -1.85321e+11  7.77621e+11  1.52009e+11 -4.26597e+10  2.24349e+11  1.11669e+11  7.31364e+11 -7.71703e+11  -2.3556e+11 -5.21298e+11  2.11379e+11    9.162e+11  5.05338e+11  4.30465e+11  8.26758e+11 -6.62145e+11  2.42868e+11  9.19484e+11 -7.22719e+10 -4.19044e+11 -1.33372e+11  4.93272e+11  -3.2161e+11 -7.59557e+11  7.23274e+11 -1.29872e+12 -3.85029e+11 -2.49181e+10  3.75165e+10 -4.50852e+11 -9.78577e+10  8.65241e+10  5.88286e+11  2.23287e+11 -1.85904e+11 -2.70579e+11 -2.94573e+10 -1.41117e+11 -4.94824e+10  -2.2706e+11  5.57458e+11  9.19898e+11  9.20578e+11   5.4859e+11  1.70035e+11 -5.85462e+11  1.16374e+11  2.03701e+11  -2.3056e+11
 2.02705e+11  3.99411e+11   9.0099e+11 -1.34864e+12  8.77933e+11 -1.33266e+11  7.66008e+09 -1.69566e+12  1.01044e+13  3.22011e+11 -1.29095e+11 -1.05622e+12  4.60928e+11  2.10361e+10 -7.71984e+11 -1.08818e+11  9.34333e+11 -9.27622e+11 -1.64841e+11 -1.90303e+10  8.87136e+11 -1.02327e+12 -3.46806e+11 -6.30226e+11  -1.4942e+11 -1.53489e+11 -1.90397e+11  -2.6385e+10 -8.36256e+11  5.97108e+11 -2.31073e+11  3.06574e+11 -1.46659e+11 -7.05237e+11  1.09815e+10   8.8581e+11  2.85674e+11 -5.25103e+11 -2.06423e+11 -2.27265e+11  2.62626e+11 -4.09287e+11 -6.85618e+11 -2.03867e+11 -2.27953e+11 -1.14442e+12  6.87328e+11 -1.67932e+11  1.62586e+10  -8.3461e+09 -3.85076e+11  5.22492e+10 -6.94806e+11  1.50644e+11 -3.10686e+11 -1.10376e+12 -6.89182e+11 -1.61347e+11 -2.90717e+11 -1.62146e+09 -3.36422e+11 -4.18141e+11  4.97838e+11  2.38442e+11  3.95343e+11 -1.25461e+12  2.66642e+11   2.1766e+11  1.00533e+12 -1.62269e+11 -1.30894e+11 -6.69856e+11 -2.94392e+11  1.59554e+11  7.61885e+11  6.35929e+11 -9.42561e+10  3.69533e+10  1.08235e+11  2.54988e+11 -3.22092e+11  4.40495e+11 -8.35163e+11 -1.06611e+12 -3.32372e+11 -1.30904e+11  2.81181e+11 -2.25504e+11  6.28254e+11 -1.88847e+11  3.86627e+11 -1.24286e+11   7.6601e+11   7.9687e+10  2.41825e+11  1.18015e+11 -2.25703e+11  3.54909e+11 -1.19968e+12  4.88956e+11 -2.02054e+11 -3.01158e+11 -6.75001e+11  3.57752e+11 -1.97763e+11 -2.52517e+11  3.07126e+11  6.30069e+11 -2.55468e+10  2.24774e+10  5.92208e+11  -4.1571e+11  4.71669e+10  9.95027e+10 -3.68672e+11 -3.77734e+11  -1.4821e+11 -3.55362e+11 -2.60748e+10 -7.08757e+11  6.18435e+10  4.76729e+11  7.26133e+11 -3.68504e+11  5.56881e+11  2.47332e+11  1.21022e+11  -6.7168e+10  1.23196e+11 -3.37391e+11 -4.79335e+10  -9.3802e+11 -1.10416e+12  4.89655e+10 -2.52626e+11 -5.76822e+11 -9.09268e+09 -7.58343e+11  6.80664e+11  2.61557e+11  6.88863e+11  4.04122e+11 -9.23278e+10 -3.38704e+11 -9.34513e+11  7.08052e+11 -3.89158e+11 -6.08744e+11  7.59817e+11  5.19311e+11  4.69181e+11  2.29455e+10  3.24244e+11  1.57354e+11  2.35987e+11 -4.00617e+11 -2.09186e+11 -4.75448e+11 -3.38537e+11 -5.39696e+11  5.09598e+11  3.74935e+11  7.37196e+11  1.09597e+12
-1.59138e+11  4.64436e+11  6.27064e+11  1.30491e+12  7.16835e+11 -8.29002e+11 -2.51557e+11  2.08888e+11  3.22011e+11  1.04278e+13  1.55492e+11 -6.91529e+11 -6.02991e+11   3.5046e+11 -7.86584e+10 -5.65131e+11 -9.17801e+11  1.90432e+12 -6.95705e+11 -1.60388e+11 -4.06868e+11  8.90199e+11  4.26133e+11  -1.2673e+10  5.08579e+11 -4.02743e+09 -6.46915e+11 -6.06071e+11 -1.66836e+12 -5.64043e+11  3.69636e+11 -2.30144e+11 -6.62735e+11 -2.22503e+11  4.17611e+11  9.67953e+11 -4.63193e+11  2.87988e+11 -7.72516e+11  5.71696e+09 -6.96432e+11  1.49252e+11   6.3527e+11 -7.47365e+11  2.04294e+11  5.86382e+11 -1.80256e+11  4.81214e+11 -4.67258e+11  9.79159e+11 -2.57814e+11 -1.52669e+11  8.36922e+10  8.74047e+11 -3.60245e+11    4.665e+10  3.48606e+11 -7.73724e+11  2.69698e+10 -7.50556e+11 -2.34915e+11 -3.33606e+11  3.13108e+11 -7.28452e+11 -4.67802e+11  1.05067e+11  6.34122e+09 -8.72948e+10  8.57615e+11  -2.6365e+11  4.11441e+11 -3.46867e+11  4.13278e+11 -2.26139e+11  7.79718e+11 -1.87808e+11 -7.17607e+11 -2.15269e+11 -6.66614e+11  5.17128e+11 -2.18205e+11  4.02831e+11 -3.44078e+11  2.70616e+11  6.03755e+11  4.08597e+11  -1.5692e+11  4.04767e+11  -2.0198e+11  -3.2442e+10 -8.41298e+10   3.2913e+11 -2.52937e+11  1.64335e+12  1.95778e+11 -9.43786e+11  -3.9894e+11 -2.63947e+11   4.9724e+11  -8.7556e+11   6.5736e+10  2.83493e+11  1.31277e+11  7.31814e+11  3.26769e+11 -4.50389e+11  2.18102e+10 -2.90285e+11  5.82111e+10 -2.80415e+11  5.00935e+11  -4.1918e+11  5.10005e+11  1.34229e+11    4.697e+11 -4.61506e+11  1.39547e+11  2.16205e+11  3.38168e+11 -4.40379e+11 -7.77315e+11  6.56364e+11 -4.13613e+11 -2.47398e+11  3.76473e+11  1.51814e+11 -4.13779e+11  2.45273e+11  3.74572e+11 -2.86113e+11  -6.2334e+11 -4.41396e+11 -2.93456e+11 -4.25163e+10 -5.31555e+11  4.19867e+11 -9.94076e+10  5.53435e+10  9.96271e+10  2.94536e+11 -9.06273e+11  6.72738e+11 -1.23051e+12  8.88968e+11 -1.08589e+12  2.28151e+11  4.22918e+11 -1.52849e+10 -4.03031e+11  2.73055e+11    8.068e+11  6.45061e+11  1.46609e+12  -4.3259e+10  2.06319e+11   5.2225e+10 -2.16313e+10 -5.17541e+11  -3.8267e+11  -2.9708e+09 -6.22225e+11 -1.39567e+11  4.64534e+11  2.55909e+11
-2.28803e+11 -2.00481e+12  1.14599e+12 -1.74566e+10 -8.96894e+11 -1.26977e+12  6.23007e+11  6.31236e+11 -1.29095e+11  1.55492e+11  1.24467e+13 -5.55033e+11 -4.15701e+11 -1.50889e+12  1.59452e+12  7.73004e+11  6.28501e+11  1.22812e+12  8.70729e+11 -1.55156e+12 -6.22526e+11  1.06802e+12 -8.39143e+09 -1.41269e+11  8.13012e+11   2.4906e+11  1.17883e+12 -8.80457e+10  1.13188e+11 -2.54035e+11  1.08512e+12  2.13766e+11  1.45826e+11  1.17269e+11  6.12802e+11 -1.24006e+12 -1.42798e+12  1.51751e+12 -2.74661e+11  -4.6603e+11 -9.90756e+11  2.19272e+11  -2.5441e+11 -1.93443e+11  6.11359e+11 -4.61915e+10 -4.26048e+11   4.3942e+08 -1.07715e+12  9.31726e+10 -1.10397e+12 -7.05725e+11  1.60796e+11  -4.9717e+11  4.98794e+11  3.77045e+11 -2.20158e+11   3.1853e+11 -1.37219e+11   7.2005e+11 -5.15337e+11  7.14324e+10  7.13112e+11  9.89943e+11 -1.09112e+12  6.51754e+11  4.93962e+11   3.5641e+11  6.41347e+11  -4.4864e+11  8.44076e+11   4.2735e+11 -4.57312e+11 -2.32066e+11   1.4425e+11 -1.37679e+12 -3.84621e+11 -3.75085e+11  5.56942e+11  6.92046e+11 -1.97368e+11 -4.73178e+11  5.65133e+11 -9.69472e+10 -4.36766e+10  1.91024e+11  1.97038e+11 -8.57131e+11 -2.83554e+11   6.9821e+08 -6.56615e+11  1.33323e+11 -3.97162e+11  3.20004e+11  4.27138e+11 -5.20855e+11  2.08996e+10  1.15202e+12 -3.05348e+11  4.01252e+11  3.52402e+11 -5.56467e+11  4.37461e+11  7.34853e+11 -5.83853e+11 -4.20913e+11  7.66641e+10 -4.31057e+11 -3.10294e+11 -2.49206e+11  1.20182e+11 -4.83795e+11 -2.46713e+11 -5.64438e+11  9.92326e+10  4.53772e+11 -7.35604e+11 -5.38255e+11 -2.45284e+11 -2.09206e+11 -3.05787e+10 -4.63428e+10 -1.44652e+11 -7.52064e+11 -5.88032e+11  1.09984e+11  6.14425e+11 -4.23947e+11  1.77134e+10 -1.75151e+11 -1.49349e+11  2.56991e+11  1.88634e+11  8.57542e+11 -6.81867e+11  1.05398e+12 -1.12473e+11 -9.19875e+11 -1.41398e+12 -1.75021e+11  -9.9612e+11 -6.45612e+11  2.82868e+10  5.41961e+11 -3.40982e+11 -4.02701e+10  2.78852e+11  7.98928e+11  7.80952e+11 -2.26978e+11 -7.83719e+11  1.58338e+11 -6.11029e+11  7.19988e+11 -7.00687e+11  6.33634e+11  2.56377e+11  9.41563e+10 -5.35485e+11  4.63853e+11  -4.3436e+11 -4.22937e+11 -3.44108e+11 -1.03177e+12
-3.29053e+11  1.15772e+12 -5.82498e+11 -3.72354e+10 -6.52879e+10  2.95885e+11  -5.5484e+11 -9.96781e+11 -1.05622e+12 -6.91529e+11 -5.55033e+11  1.06691e+13 -1.10417e+12  2.37662e+10 -2.14245e+11  4.17943e+10 -2.91935e+11 -8.96907e+11 -4.03539e+11 -2.59792e+11 -1.85209e+11  3.38039e+11 -5.05486e+11 -2.86012e+11 -3.02142e+11  1.07343e+12  1.52796e+11 -8.24928e+11 -1.56369e+11 -4.28097e+11  2.63077e+11 -5.34481e+11  1.97662e+11 -6.16258e+11 -5.72931e+11  1.30657e+11  8.39186e+09 -3.66248e+10  9.73051e+11 -2.67677e+11  8.27849e+11  -1.0355e+12  7.98898e+11  3.38083e+11 -1.29937e+12  1.18645e+12  4.49794e+11 -3.67049e+11 -8.10204e+11  2.45028e+11  2.38687e+11  1.63801e+10  3.39988e+11  2.97148e+11 -9.45901e+10  -3.4499e+11  6.13815e+10  5.81747e+11 -7.24009e+11  1.82349e+11  1.02353e+12  4.01204e+11   4.5983e+11  5.11544e+11  2.44319e+11   6.6916e+11  3.99964e+10  7.49531e+11 -2.82659e+11 -3.33751e+11 -2.50052e+11  3.51913e+11 -7.07721e+11  3.58138e+11   9.4503e+11 -2.16403e+10   1.1668e+12 -3.51151e+11  1.24281e+12 -6.87656e+10 -3.87469e+10  1.11254e+11 -5.74892e+10  2.90055e+11 -6.36622e+11 -1.44516e+11 -2.65487e+11 -2.83337e+11  1.08746e+12 -9.75548e+10  2.60479e+11 -3.27343e+11 -3.98721e+11 -2.24663e+11  3.38498e+11 -1.68365e+11 -8.48101e+11  -4.0942e+11 -2.40417e+11 -4.19802e+11  8.05905e+11 -1.17196e+12  -1.5541e+12 -5.50711e+11  6.28408e+11  5.70647e+11  4.41479e+11 -2.22206e+11  4.31866e+11  -6.9016e+10 -2.02339e+11  1.43983e+11  3.45082e+11  2.06213e+11   2.3646e+11 -1.10242e+11 -4.27793e+11  8.61949e+11   4.1806e+11 -2.80582e+11   6.6214e+10 -6.86675e+11 -2.04901e+11 -3.29771e+11  1.05413e+11  -4.3116e+11 -1.40244e+11  4.49407e+11 -7.21146e+11 -8.96847e+11  4.15347e+11  6.79471e+11  6.21605e+11  3.97182e+11  4.89198e+11 -1.03647e+11 -4.65592e+11  4.47803e+11   6.9061e+11  1.34617e+12 -6.28534e+10  1.82695e+11 -2.01473e+11  1.71049e+11  4.01177e+11  1.32927e+12 -2.17222e+11 -2.32336e+11 -5.12136e+11  -7.5972e+11 -5.65604e+10 -7.86289e+10  4.64608e+11  -8.3332e+11  2.68819e+11  1.44526e+11 -2.09941e+11  9.19243e+10 -5.48218e+11 -1.29798e+11   1.4587e+11 -5.32886e+11 -7.83757e+11 -2.85017e+11
-9.90152e+11  1.66282e+12 -1.74013e+12  1.11295e+10  9.85548e+10  2.59318e+11  2.70749e+12  1.28528e+12  4.60928e+11 -6.02991e+11 -4.15701e+11 -1.10417e+12  1.33101e+13  -2.8602e+11 -2.11738e+12 -3.06721e+11  8.16396e+11 -3.50007e+11  1.29661e+12   5.9132e+11   -1.065e+11  2.46191e+11 -6.60915e+11  4.76748e+11 -2.61267e+11 -1.04976e+11  1.88428e+12 -5.06014e+11 -3.14897e+11  1.95929e+10  4.23111e+11   1.2685e+12   9.9418e+10 -7.62498e+11  4.05313e+11 -5.60754e+11  5.79756e+11 -7.55464e+11  5.98601e+11 -4.09932e+11 -9.31559e+11   7.4725e+11  -4.2975e+11  1.30729e+12 -6.96086e+11 -5.17596e+11  1.11099e+12 -3.33584e+11 -6.22727e+11 -5.75233e+09   3.1569e+11 -3.82163e+11  3.51041e+11 -2.32491e+11  5.40265e+11 -4.55729e+10 -1.31191e+12 -4.53261e+11  1.61187e+11 -1.25432e+11 -1.30734e+12 -7.69624e+11 -8.71474e+11 -6.39322e+11  5.91913e+10 -8.40609e+11  8.67604e+11 -1.99552e+11 -9.68723e+10   6.3292e+11  -1.7991e+11 -5.38015e+11  4.61708e+10  2.90281e+11 -6.11894e+11  1.09546e+11  1.10788e+12  8.16611e+11 -4.25867e+11  6.57422e+11  5.94718e+11  1.04359e+11  7.48694e+11 -3.13578e+11  1.61978e+11  1.65188e+11  3.80217e+11  1.41773e+11  1.87651e+11 -5.67711e+11 -1.39509e+11 -3.75264e+11 -4.41174e+10 -6.88555e+11   2.8288e+11  5.49778e+11  8.73017e+11 -3.04135e+11 -5.40651e+11   3.3707e+11  4.74504e+11  4.86373e+11 -1.01447e+11  1.05145e+12 -2.23599e+11 -2.86573e+11  4.65181e+11  5.04202e+10  3.58534e+11  6.26208e+10  2.14181e+11  3.87422e+11 -1.66873e+11  5.83337e+10 -3.17929e+10 -3.64869e+11  5.26399e+11  -4.8795e+11 -1.22441e+12  8.04974e+11   1.8832e+11  3.23575e+11 -4.14855e+09 -1.01197e+11 -8.85157e+11 -3.86993e+11  7.90186e+11 -4.04499e+11  4.05155e+11  1.04949e+12  4.43477e+11  1.21953e+11  -4.7197e+11  1.21149e+11 -1.36482e+12 -1.99152e+11 -4.60005e+10 -3.12578e+11  -4.2675e+11 -3.37515e+11  8.47278e+11 -3.45784e+11  4.26223e+11  7.50964e+11  3.33697e+11 -7.48962e+11 -1.45344e+11   -1.111e+11  5.69718e+11  8.37719e+11    7.455e+11 -1.20932e+11  5.45256e+11 -8.65887e+11 -1.76794e+11 -6.44859e+11 -4.82991e+11  -1.3019e+11  5.94468e+11 -4.19228e+11    4.161e+11 -3.98088e+11  2.38992e+11  2.74821e+11
 3.24674e+11 -1.10044e+12 -7.86896e+11 -4.15414e+10  5.07113e+11 -9.24484e+10 -1.27865e+12 -6.39246e+11  2.10361e+10   3.5046e+11 -1.50889e+12  2.37662e+10  -2.8602e+11  1.06159e+13  5.22892e+11 -4.96501e+11  2.22311e+10 -2.87572e+11 -3.01523e+11  1.04746e+12 -6.94576e+10  -1.4528e+11  1.08738e+11  2.56888e+11  5.06519e+11  2.53821e+11 -1.24775e+12  4.27491e+11  1.36506e+12  5.33055e+11 -7.76864e+11  3.44827e+11   -1.213e+12  -3.3927e+11 -2.97561e+11  2.94831e+11 -9.91575e+09  -1.1984e+12 -8.23086e+10  8.87565e+11  1.11879e+12 -1.12329e+11  3.12143e+11 -7.88996e+11 -4.46715e+11  2.50733e+11 -9.20447e+11    4.561e+11   -7.041e+11  2.17395e+11  -4.0538e+11 -5.10527e+11  3.49286e+11  8.10648e+11 -6.28276e+10  1.22128e+12 -2.96257e+11   2.1844e+11  7.99827e+11  -1.0106e+11 -5.95446e+10  3.28699e+11   1.2599e+11 -6.92302e+11  2.94073e+11 -4.52374e+11   1.1647e+11  1.65326e+11 -8.45556e+11  2.05964e+11 -6.98977e+11  5.42426e+11  2.50761e+11 -3.80646e+11  7.65011e+10  1.34617e+11 -4.20393e+11  1.94801e+11  5.07927e+11 -3.90724e+10  3.77958e+11   6.0817e+10 -5.58168e+11  5.95285e+11  2.37884e+11 -3.45704e+11  9.27264e+11  2.93356e+11 -3.07195e+11  3.19109e+11 -4.62496e+11  9.08856e+11   5.1831e+11 -4.41132e+11  5.13942e+11  5.68571e+11  7.91599e+11 -4.47713e+11  4.85357e+11 -5.23384e+11  2.98716e+11  -1.5492e+11 -2.24663e+11  1.93475e+10  2.28574e+11  1.55138e+11  3.56814e+11 -3.31548e+10 -5.27649e+11 -2.00533e+11  6.33211e+11 -3.89076e+11 -8.06857e+10  8.47385e+11 -3.65375e+11 -1.80117e+11  7.00476e+11  3.37454e+11 -9.44928e+10 -8.40582e+11 -5.64752e+11 -1.57067e+10 -4.31646e+10  9.15177e+11   5.4105e+11 -7.58669e+11 -2.52461e+11  9.45336e+11  2.70351e+11 -3.14482e+11  8.70983e+11   1.0215e+10 -3.69395e+11 -1.87802e+11 -5.66323e+11 -7.98094e+11 -4.35441e+11  9.21702e+10  1.24275e+12 -7.62592e+11  5.32307e+11  4.16918e+11  8.91671e+10  4.62699e+11  3.75289e+11   1.2997e+11 -7.71685e+11 -6.67018e+11 -7.43589e+11  9.68697e+10  -3.7608e+11  -2.2661e+11 -4.57353e+11 -1.50414e+11  2.26897e+11 -3.50561e+10 -2.79104e+10  1.10468e+11 -6.15906e+11  1.20203e+11   5.0049e+11 -4.89058e+10 -4.08035e+11 -2.57831e+10
 1.11619e+12  -3.6415e+12  2.61488e+12   -2.725e+11 -1.54325e+11 -2.27915e+11 -2.59682e+12 -1.24782e+12 -7.71984e+11 -7.86584e+10  1.59452e+12 -2.14245e+11 -2.11738e+12  5.22892e+11   1.3443e+13 -6.56034e+11  5.40161e+11  1.78207e+10  5.16795e+10  1.14887e+12  6.93924e+10  1.61154e+11 -7.13771e+11  2.30133e+11 -2.42107e+10  5.44256e+11  1.78103e+11  3.72447e+11 -4.04716e+11  9.03362e+11 -7.56413e+11 -1.58542e+12 -5.11034e+11  1.09739e+12  1.65478e+11  1.08026e+12 -1.10379e+12  1.97812e+11 -7.04805e+11 -8.58239e+11 -7.13776e+11  6.78599e+11  3.23553e+11 -1.16527e+11  1.09751e+12 -1.07454e+12 -6.84563e+11  6.84637e+11 -1.10112e+11  4.21242e+11 -1.30614e+12 -4.48802e+11 -6.35783e+11 -1.04766e+12 -4.95947e+11  5.60874e+11 -2.54227e+11 -2.40851e+11 -9.15719e+11  -4.0104e+11 -6.47872e+11  4.23519e+11  2.47423e+10 -6.31938e+11  1.30376e+11  7.83643e+11 -5.08733e+11  9.20669e+11  1.77949e+11  -2.7892e+11 -2.29925e+10  1.97466e+11 -4.94559e+11 -6.62949e+11  1.80471e+11  1.98931e+11 -3.74164e+11  3.48387e+09 -3.52877e+11  1.16393e+12  4.98597e+10 -1.03682e+12 -3.73863e+11  1.63265e+12 -1.86044e+11  1.13787e+12 -1.67609e+11 -2.07951e+11 -1.47878e+12 -4.10574e+11  9.96374e+11 -2.50705e+10 -8.61483e+11  1.49901e+10  8.77819e+11  3.29229e+11   4.9142e+11  7.00608e+11  1.23854e+11  4.09277e+11  1.66844e+11 -3.94925e+11  5.09037e+11  1.17072e+12  2.22779e+11 -8.27471e+11 -1.20102e+11  5.16655e+11 -9.59253e+11  -6.6531e+11  1.85468e+11 -7.27677e+11  3.92995e+11  6.51174e+11   4.2412e+11 -2.30829e+11 -7.98641e+10  -9.8054e+10  2.78496e+11    5.706e+10  2.68326e+11  2.93587e+11 -1.71328e+10 -1.07152e+11   1.2712e+12 -3.07912e+11  6.82208e+11 -3.09419e+11  4.63428e+11  -1.5893e+11 -3.41712e+11  -2.6488e+11  4.53616e+11  9.03257e+11 -3.58972e+11  4.58567e+11  5.56458e+11 -7.49868e+10  1.05528e+11 -3.88051e+11 -2.59412e+11  8.09968e+11 -1.58355e+11  1.07585e+11  3.51139e+11  7.92135e+11   8.8317e+11 -5.19531e+11  3.58277e+11 -4.85387e+10 -6.49204e+11 -4.31473e+11 -7.78117e+11 -5.21922e+11  5.14968e+11 -6.28713e+11  6.12064e+10 -4.99389e+11 -4.17653e+11  8.58755e+11   3.1142e+11  5.57994e+10  8.07757e+09 -6.92188e+11
-4.76611e+10   5.1989e+11 -4.39034e+11    1.355e+12  9.72584e+11  1.97844e+10  3.91375e+11   3.9892e+11 -1.08818e+11 -5.65131e+11  7.73004e+11  4.17943e+10 -3.06721e+11 -4.96501e+11 -6.56034e+11  1.10596e+13  1.27537e+11 -1.67556e+11 -1.28234e+11  2.48708e+11  3.38338e+11  4.37855e+11  6.82005e+11  -4.1607e+11   -4.514e+11  9.12448e+10 -4.88465e+11 -3.57859e+11 -9.38395e+10  -3.6374e+11  2.58674e+11 -2.22288e+11 -3.95318e+11 -2.93272e+11 -3.03614e+11 -7.78003e+11   6.3188e+11 -1.10907e+10 -7.17069e+11 -5.70677e+11  2.78478e+11 -8.20856e+11  1.08494e+12 -4.58991e+11  9.71263e+10 -5.29037e+11  1.41591e+12 -2.77896e+11 -5.63123e+10  -1.2829e+12 -7.18538e+10   8.5905e+10  1.76968e+11  2.34889e+11 -3.80822e+11 -1.78295e+11  2.04218e+11  2.74487e+11  -1.1335e+12 -4.74938e+10 -2.24098e+11  1.76426e+11  5.31698e+11  4.27845e+11   3.1026e+11  5.76684e+11  2.35812e+11  1.53528e+09  6.71149e+11  3.19181e+11   6.9061e+11  -8.9591e+11 -2.42995e+11  3.78751e+11 -4.01927e+11  1.49416e+11 -3.77037e+11 -6.78174e+11 -6.99369e+10 -9.98446e+10 -7.62356e+11 -3.72494e+11 -3.63996e+10  9.51783e+10 -8.21377e+11  9.65806e+11 -4.66093e+11  -4.5619e+11  2.80461e+11 -6.21974e+11  2.11636e+11  8.82875e+11 -3.20532e+11 -3.10627e+10  5.85591e+11  9.10328e+11 -4.19187e+11 -7.38657e+10 -6.81191e+11   6.5452e+11 -8.20163e+10 -1.52354e+11  3.85428e+11 -2.81447e+11 -3.92254e+11  6.15497e+11  6.18441e+11 -7.18373e+11 -5.60243e+11 -3.31499e+11  2.65135e+11  1.78035e+08  9.59098e+10 -7.26833e+11  2.23315e+11  8.88426e+11  2.97477e+10 -5.10566e+11  1.23145e+11 -4.20242e+10 -1.42114e+11 -3.45792e+11  3.08774e+11 -6.43008e+10  2.55743e+11 -3.37016e+11 -3.83825e+11   2.6908e+10  8.97185e+11  -2.1807e+11 -2.47332e+11 -1.18346e+11  4.44438e+09   2.0732e+11 -1.24527e+11  6.66962e+10  1.33206e+11  6.91795e+11  -8.8012e+10  2.75348e+11    8.032e+10 -1.76281e+10  1.49619e+11 -3.28679e+11 -4.89153e+11 -3.26165e+10 -1.30714e+11  6.34883e+11 -4.53984e+11 -2.89917e+11 -1.14863e+12  6.31965e+11   4.7197e+11    1.473e+11  1.97971e+11  2.65364e+11  6.53047e+10 -3.61539e+11 -3.01573e+10  2.30542e+11  5.04652e+10 -2.10144e+10  4.19606e+11 -1.44825e+11
-4.14364e+11 -7.42549e+10  2.87182e+10  5.76198e+11 -2.52688e+11 -2.66453e+11  5.99371e+11  2.37084e+11  9.34333e+11 -9.17801e+11  6.28501e+11 -2.91935e+11  8.16396e+11  2.22311e+10  5.40161e+11  1.27537e+11   1.0776e+13 -1.01874e+12  9.06429e+11  9.97907e+11  9.69674e+11  1.85945e+11 -1.12342e+11  4.24797e+11  2.19729e+11  7.45745e+11  1.06302e+12  1.42094e+11  7.90231e+11   1.0259e+11   2.7723e+11  2.91926e+11  1.04518e+12 -3.29529e+11  9.88783e+10  -1.0434e+11 -1.40177e+10 -5.54386e+11 -1.10389e+12  6.90352e+11  6.45385e+10  7.39086e+09   3.2794e+11 -8.63702e+11  2.29767e+11  1.98643e+10  3.26675e+11  7.71316e+11 -1.74848e+11 -3.91128e+11  1.04701e+12 -4.15345e+11  1.86479e+11 -3.93074e+10  -8.5076e+11 -4.21241e+11 -1.28885e+12 -2.15917e+09  1.61624e+12  2.80625e+11 -7.75523e+10   2.8369e+11  7.16815e+11  -1.0043e+11  1.54713e+11  1.83369e+11  6.11176e+11   2.5975e+11 -4.86866e+11 -7.54185e+10  1.06901e+11  7.53857e+11 -4.61132e+10  4.08865e+11 -6.23731e+10 -1.03518e+12 -1.07752e+12  5.13562e+11  5.99202e+11 -1.64586e+11   4.9509e+10 -5.30769e+11 -8.69302e+11  5.37725e+11 -5.61472e+10  7.11893e+11   1.1165e+11 -6.98026e+11 -4.79902e+11  -4.6946e+11 -1.05079e+11 -9.27859e+11  2.65651e+11  9.08059e+11  6.31331e+11 -1.10793e+11  5.40156e+11  8.08193e+11  1.14647e+11  3.69608e+11 -6.82305e+11  3.28234e+10  4.40558e+11  4.57388e+11 -5.90162e+11  -6.4008e+11  7.24119e+11 -2.81804e+11 -8.51129e+11  3.52757e+08  2.66998e+11   -8.071e+11 -2.47527e+10 -1.37612e+11 -5.69096e+11  5.85829e+11  5.36571e+11 -4.42363e+11 -1.00488e+12  4.12581e+11  1.22503e+11 -1.55171e+11  1.68587e+11  2.50647e+11  5.69555e+11  -2.3837e+11  2.34521e+11  1.93329e+11  9.46671e+10  3.23688e+11 -3.36228e+11 -5.77411e+10  3.03125e+11  2.05062e+11 -1.50532e+11 -1.86872e+11  4.58431e+11 -1.14807e+10 -5.20766e+11  2.24621e+11 -1.49174e+11  6.52325e+11 -2.93436e+11 -3.88701e+11  9.35097e+11 -4.98705e+11 -4.34284e+11  4.67054e+11  1.01883e+12  5.57852e+10  -6.9481e+10  -6.9922e+11 -1.01097e+11 -6.48511e+10 -1.81272e+11   5.9452e+11  5.90274e+11  6.61778e+11  7.57821e+10  -1.5079e+11   6.4351e+11 -1.09799e+11 -1.93129e+11  1.94714e+11
 3.62979e+10 -3.80315e+11  8.60229e+11  -3.3209e+11  -9.3096e+10 -6.72809e+11 -3.86731e+11  1.24614e+12 -9.27622e+11  1.90432e+12  1.22812e+12 -8.96907e+11 -3.50007e+11 -2.87572e+11  1.78207e+10 -1.67556e+11 -1.01874e+12  1.09759e+13  6.17162e+11  2.00322e+11 -5.89978e+10 -9.64079e+09  6.87564e+10  8.00061e+11  6.22988e+11 -6.51812e+11  2.88107e+11 -6.97901e+10   1.6161e+11 -1.10244e+11  3.68057e+11 -6.70295e+11 -1.73458e+10  1.86352e+11  9.67096e+11 -4.57032e+11  2.35574e+11  9.13074e+11 -1.08527e+12  -9.6351e+10 -7.86448e+10 -1.66569e+11   2.5606e+11  2.20808e+11  2.53541e+11  1.18893e+12  2.89862e+11 -9.65633e+11   1.6576e+11 -3.77522e+11 -9.36613e+11 -5.93907e+11 -9.70864e+11  9.06573e+11  2.56395e+11  4.41947e+11  7.60194e+11  5.03068e+11  -2.2374e+11 -2.68356e+10 -3.17217e+11 -1.16797e+11  1.96852e+11 -8.07438e+11 -8.56382e+11 -2.43806e+11 -9.78862e+11 -8.84278e+11 -2.50795e+11  2.04921e+11  6.75425e+11  3.35017e+10 -1.66252e+11  4.14036e+11  3.47883e+11 -8.23161e+11 -4.92628e+11 -8.37731e+11 -2.54681e+10    1.261e+12 -1.04059e+11  4.07436e+11  2.82847e+11  4.94129e+11  2.95667e+10  1.47945e+11 -1.75855e+11  1.87811e+11 -5.00429e+11  3.22642e+11 -1.16085e+11  6.47686e+11   8.8706e+11  5.22536e+10 -6.98682e+11 -5.78793e+11 -1.03195e+11 -2.12453e+11  1.65332e+11 -6.19502e+11  1.83425e+11  -4.0285e+11 -7.41903e+10   5.5452e+11  6.22479e+11  1.44968e+11  3.12973e+11 -4.76739e+11  1.06202e+12 -3.11705e+11  -2.1126e+11 -1.16286e+11  2.80988e+11 -4.34081e+10  5.14891e+11 -3.09047e+11  3.50422e+11 -2.46969e+11 -3.06496e+11 -1.13097e+12  4.38708e+11  6.83667e+11  1.32676e+11  2.77581e+11 -4.27438e+10  -3.4587e+11  5.40478e+10  4.29882e+11  4.52623e+11  7.48203e+11  -8.5988e+10 -2.43165e+11  6.60454e+11  4.18895e+11  1.14055e+11  2.94392e+11 -8.53337e+11 -6.58623e+11 -4.78587e+11   3.0353e+11  -7.0297e+11 -5.24188e+11 -1.12452e+11   9.5298e+11 -1.21336e+12 -8.07589e+11  3.16415e+11  8.17048e+11  5.01264e+11  1.98928e+11 -1.00242e+12 -2.48016e+10  6.08938e+11  3.52451e+11  6.44249e+10  2.68879e+11    1.846e+11  1.75324e+11 -1.39232e+11  1.20463e+12 -8.05837e+11 -2.57028e+11  7.24995e+11 -4.82934e+11
