 7.66566e+13  -1.0299e+14  3.41006e+13 -1.88143e+13  1.41536e+13 -1.96087e+13 -9.04632e+13 -5.36226e+13  1.29731e+13 -1.01848e+13 -1.46434e+13 -2.10594e+13 -6.33698e+13  2.07791e+13  7.14364e+13 -3.05031e+12 -2.65193e+13  2.32307e+12 -1.74111e+12 -3.83231e+12 -1.85338e+12 -6.40766e+12 -1.16072e+13  -6.5481e+12  6.90689e+10 -3.21759e+12 -3.35523e+12 -2.35397e+10  2.05253e+11  2.43642e+13 -1.82846e+13 -1.41243e+13 -1.61813e+13  1.15096e+13  9.57917e+11  8.95322e+12  9.64991e+12 -9.54642e+12 -5.00243e+09 -9.23526e+12  2.97901e+13  2.94428e+12  2.62516e+13  3.30369e+12  2.75043e+13 -1.75035e+13  3.92824e+12  5.69506e+12   2.4278e+13 -1.94737e+12 -2.86143e+13  4.47745e+12 -1.74198e+13 -2.31343e+13 -2.91814e+13 -7.31529e+11  2.54891e+13 -1.82182e+11 -3.42653e+12  1.38738e+13  -1.9253e+12  1.17544e+13 -1.22703e+13 -6.92588e+12   8.5174e+12 -1.51081e+13 -1.23419e+13  4.55734e+12  6.16234e+12 -3.87628e+12   1.8059e+13 -2.18743e+13  6.90585e+11  -4.3642e+12  1.03818e+13  1.99684e+13 -2.01867e+13 -3.89453e+13 -9.02801e+12  3.67636e+12 -3.76747e+11  8.79025e+12 -1.62839e+13  1.36371e+13  -2.8556e+12  1.17988e+13  8.03458e+12  9.73229e+12 -9.88661e+12  1.34138e+13  9.93547e+11  3.77166e+12 -7.57382e+12 -3.96189e+12  3.12269e+12  1.28994e+13  2.06924e+13 -1.82759e+12  -2.4045e+12  1.16414e+13  7.74843e+11  3.81497e+12 -1.87328e+12  8.86923e+12  -6.4047e+12  1.53087e+13  6.01232e+12 -8.16604e+12 -2.73798e+13  1.03011e+13  7.36533e+12  5.05583e+12  1.61014e+13  2.47977e+13  1.61735e+13 -9.72469e+11 -3.11441e+11  1.85247e+13  9.65526e+12 -7.36832e+12  1.70022e+13 -3.65033e+12 -2.25018e+13  1.67337e+13  7.57464e+12 -5.94023e+12 -5.56132e+12  1.16154e+13 -2.65033e+13 -5.94356e+12  2.53499e+12 -6.15241e+12 -1.39604e+13  1.97215e+13    9.481e+12  8.40565e+12 -2.76584e+12  8.02006e+12  1.34533e+13 -9.68691e+12  1.78337e+13  2.99763e+12 -1.01966e+13  4.99605e+12 -3.48829e+12 -4.09276e+12  1.80448e+13 -1.29389e+13  5.96147e+12 -2.79939e+12 -1.51835e+12 -1.94248e+13 -3.14529e+12 -7.54113e+12  1.64484e+13 -1.17213e+13 -1.39521e+13 -8.60773e+12 -1.09687e+13  6.31569e+12  1.16483e+13  4.88506e+12 -4.08761e+12 -4.34661e+11
 -1.0299e+14    7.232e+14 -1.27603e+14  1.36888e+14  9.12004e+13  6.92555e+13  2.66112e+14  1.19708e+14  2.55623e+13  2.97239e+13 -1.28308e+14   7.4094e+13   1.0642e+14  -7.0428e+13 -2.33056e+14  3.32729e+13 -4.75231e+12 -2.43402e+13 -1.64634e+13 -5.39142e+13  2.56414e+13 -1.05901e+14  3.08364e+13 -6.63771e+13  9.04965e+12  7.11606e+12  1.18861e+12  2.57035e+12  -4.7305e+13 -1.44158e+13  1.35543e+13  2.45134e+13  1.37578e+13 -5.09181e+13 -7.35872e+13  1.27869e+12  3.10245e+12  2.65289e+13 -2.96368e+11  3.02061e+13 -4.72814e+13 -1.54098e+12 -7.07439e+13  7.88107e+13 -4.80887e+13 -1.60425e+13  3.13789e+13  8.81193e+12  1.08782e+12 -5.08293e+12  7.59667e+13  7.42521e+13   2.3244e+13  4.56857e+13  4.03632e+13 -4.97931e+13 -1.35022e+13 -7.70386e+13 -1.37461e+13 -2.23358e+13  4.35015e+13 -6.62993e+13  9.38626e+12  4.01728e+13 -2.50469e+13 -5.72721e+13 -4.60276e+12  -8.0269e+13  6.37418e+12 -7.31102e+13 -2.80704e+13  1.95194e+12 -4.39052e+13  1.25288e+13 -3.63655e+13 -8.79304e+12  2.37857e+13  1.85241e+13  2.27356e+13 -2.98957e+13  2.89666e+13 -4.16033e+13 -3.84602e+12 -5.94237e+13  4.03974e+13 -2.18257e+13  9.59466e+12  3.13573e+13 -4.01916e+12  -6.0617e+13 -1.41465e+12 -2.00807e+13  4.07772e+13 -8.02638e+13 -1.04525e+13  1.65308e+13 -6.21801e+13 -4.64001e+13  4.36471e+13 -1.83371e+13   2.9837e+12  1.44016e+13 -1.58042e+13 -4.23638e+13  2.20905e+13  1.79468e+13  2.26378e+13 -3.75687e+12  7.59157e+13 -5.05136e+13  2.53081e+13  1.91144e+13 -2.35368e+13 -2.73552e+13 -4.54677e+13  -3.5299e+13  2.30224e+13 -3.69818e+13 -4.72074e+12 -1.23514e+13  -3.0268e+13  5.57847e+13 -4.55869e+12 -2.78274e+13  9.79106e+12   1.2127e+13 -1.07734e+12 -2.31339e+13  4.69186e+12   5.4408e+12  2.89149e+13  5.53444e+12 -3.44656e+13 -2.67458e+13 -2.02715e+13 -6.27017e+13 -3.12271e+13  1.69298e+13   4.1343e+13  4.42318e+13  6.66348e+12  7.70946e+13 -5.48058e+12 -6.33071e+11   3.3764e+13  2.16582e+12 -6.23209e+12 -8.18752e+11 -5.27856e+13 -4.09733e+12  1.79399e+13  4.24477e+13   2.7352e+13 -6.53043e+12 -2.85951e+13  1.48542e+13 -2.44595e+13 -3.06858e+13  2.45084e+13 -3.82562e+13  5.04017e+12 -2.05735e+12  9.02354e+12  2.41786e+13
 3.41006e+13 -1.27603e+14  5.45961e+14 -7.37087e+12  2.68283e+13 -5.99862e+13 -9.30544e+13 -4.53885e+13  5.76634e+13  4.01321e+13  7.33433e+13 -3.72799e+13 -1.11368e+14 -5.03614e+13  1.67352e+14 -2.80982e+13  1.83797e+12  5.50546e+13 -2.40589e+13 -1.85154e+13  3.04662e+13 -8.58641e+12 -3.55812e+12 -8.40896e+12   2.2353e+13   2.6419e+13  8.39072e+12 -1.47693e+13 -1.25981e+13   6.6078e+13  6.28879e+12  1.15518e+13 -1.93073e+13  4.85522e+13 -1.54868e+13 -1.49822e+13  1.95218e+13  2.99743e+13 -4.75033e+13  1.90296e+13 -1.18359e+13  2.57631e+13  9.65276e+12 -1.26267e+13  5.10896e+13  3.62593e+13 -2.02735e+13 -8.51834e+12 -1.16495e+13 -1.51465e+13 -2.43004e+13 -2.09924e+13 -2.12726e+13 -2.20739e+13 -7.54807e+13  3.01505e+13 -9.69971e+12 -2.32264e+13  2.67378e+13 -3.03691e+13 -1.64025e+13 -1.87047e+13  1.11175e+13 -6.69137e+13  1.31557e+13 -9.59841e+12  6.86187e+11  -1.4532e+13   3.7632e+13 -2.76432e+13  4.43588e+13 -1.56294e+13  2.53631e+13 -4.60625e+13 -2.86183e+12 -1.65878e+13 -7.67464e+13  -9.7358e+12  -1.9514e+13  1.76143e+12  -4.0142e+12  4.46439e+12  4.21112e+11 -5.94413e+12  1.78847e+13  2.48984e+13 -3.22296e+12  3.07947e+13 -9.49416e+13  1.50561e+13  3.08328e+13 -5.40517e+12 -7.87034e+12  3.92464e+13  2.32713e+13 -1.94214e+13 -1.58719e+12   4.9859e+13   4.0271e+13 -1.75133e+13 -4.67719e+13 -1.10282e+13  1.13504e+13  3.30021e+13  1.83771e+13  3.86197e+13 -1.44265e+13  -3.1277e+13 -1.74874e+12 -2.00737e+13 -2.12222e+13 -1.31553e+13  5.00403e+13 -2.27501e+13 -1.23721e+11 -4.23854e+12  3.19116e+13 -1.45442e+13 -3.17621e+12 -4.48853e+13  4.26968e+12 -8.99471e+12  2.92764e+13  3.85594e+13 -4.81773e+11  5.22939e+13 -4.83729e+13  2.25792e+13 -2.58867e+13  4.63434e+12 -6.10926e+13 -3.30498e+13  3.36955e+12  2.49678e+11  3.83528e+13  5.29275e+12  1.73964e+13  4.42397e+13 -2.35584e+13  -3.7064e+13 -4.31151e+13  4.33643e+12  3.01411e+13 -3.10312e+13  2.13181e+12 -2.81121e+13  2.15082e+13  6.13743e+12  5.23243e+13  2.49494e+12 -5.09276e+12 -1.34153e+12 -3.31169e+13  1.67948e+13  4.16799e+13  -5.5937e+13  5.57931e+12 -1.31286e+13 -1.70489e+13  1.42147e+13  2.17796e+13 -3.20223e+12  1.22325e+13 -2.58685e+13
-1.88143e+13  1.36888e+14 -7.37087e+12  6.94697e+14  9.99694e+13  5.53916e+13  5.49848e+12 -4.53378e+13  -8.6313e+13   8.3514e+13 -1.11722e+12 -2.38307e+12  7.12286e+11 -2.65865e+12   -1.744e+13  8.67201e+13  3.68766e+13 -2.12538e+13  2.80917e+13 -3.02233e+12  -2.8959e+13 -1.22534e+13  1.87782e+13  1.53203e+13 -3.83547e+13  2.34606e+13 -3.53961e+13 -8.01665e+13 -1.11582e+13 -4.61678e+13  1.67714e+11 -2.70344e+13 -6.94047e+13  4.94631e+12 -1.52616e+13 -4.52186e+13 -5.80565e+12  5.04275e+13 -4.48293e+13  4.96207e+13 -2.64525e+13  3.30041e+13   1.2583e+13 -3.18491e+13 -1.64682e+13 -4.53487e+13  1.60466e+13  1.09824e+13  1.33653e+13 -1.89729e+13  1.41247e+13  6.15985e+13  -2.1978e+13 -1.12728e+13 -1.79265e+13  3.50883e+13  4.77544e+12 -2.59304e+13 -3.72886e+13 -3.23264e+13  4.36222e+12  -1.0762e+13 -2.16818e+12 -1.22063e+13 -6.73044e+13 -7.03714e+12   9.2284e+13 -6.46706e+13   -1.613e+13 -2.23221e+13 -9.57258e+12  3.07064e+13 -3.93147e+13  2.17135e+13 -4.14396e+13 -6.33951e+13 -1.02395e+13  4.93429e+13 -4.82602e+13  -8.3419e+12 -3.69598e+12 -2.76443e+13   5.2363e+12  1.51088e+13  4.88607e+12  2.69931e+13  3.72667e+13 -4.50839e+13  2.61735e+12 -8.45448e+13  2.80101e+13   1.8493e+13  2.44138e+13 -3.91502e+12   6.3042e+13  3.94142e+13  9.37851e+11  4.85074e+13  1.30906e+13 -2.25671e+13  4.27578e+13  5.63861e+13    1.757e+13   -1.178e+13 -2.69981e+13  8.08691e+13  3.61604e+13 -4.54804e+13  7.59875e+13 -4.88677e+13  2.05692e+13 -1.01996e+13 -3.43253e+13  1.01762e+12 -1.17663e+13  7.32527e+13   4.5723e+13 -2.24746e+13  1.34842e+13 -1.11875e+13 -9.77552e+12  1.91462e+13  6.68304e+13 -1.33448e+13  2.14931e+13 -8.00894e+13  8.71723e+12 -3.08406e+13  1.53084e+13 -4.23709e+13  2.90371e+13 -1.75553e+13 -4.06176e+13  -2.2344e+13 -1.25219e+13 -4.31955e+13 -8.06115e+11  -1.7476e+13  2.71102e+13  9.84534e+12 -1.81394e+13  1.95519e+13  1.60327e+12  1.04503e+11  2.63647e+13 -5.41634e+13  -4.2266e+13 -1.09355e+12 -3.12099e+13 -7.89891e+12 -1.92811e+13  1.92782e+13 -5.17677e+12  5.47129e+12  1.59585e+13 -8.55848e+12  6.97371e+11 -9.35731e+12  2.03737e+13  -2.5343e+13 -1.90702e+13 -5.56584e+13  8.57841e+12 -3.68181e+13
 1.41536e+13  9.12004e+13  2.68283e+13  9.99694e+13  5.35044e+14 -8.25788e+13 -3.02905e+13  -3.2781e+13  5.61877e+13  4.58775e+13 -5.74012e+13 -4.17843e+12  6.30751e+12  3.24552e+13 -9.87678e+12  6.22454e+13  -1.6172e+13 -5.95814e+12 -8.24929e+12  2.65582e+13 -2.20476e+13 -3.45235e+13  3.36846e+13 -6.80281e+13  1.89832e+12  5.04215e+12 -7.26285e+13 -2.88581e+13 -3.29372e+13  -1.3004e+13 -3.37899e+13 -7.30387e+12 -2.70854e+13 -1.41189e+13 -4.73834e+13  2.33334e+13  1.10355e+13  2.30479e+13 -7.57455e+12  3.29475e+13 -1.56639e+13  4.86763e+13  1.79165e+13  1.43247e+13 -2.30421e+13 -6.85233e+13  3.99607e+13 -2.53725e+13  3.63075e+13  1.16035e+13    2.056e+13  5.46796e+13  1.44015e+13 -9.22562e+12 -3.72792e+13 -9.15193e+12  1.81635e+13 -3.23917e+13 -4.84576e+13 -2.54592e+13 -7.96198e+12 -6.77495e+13 -4.23929e+13  1.53567e+13 -2.98478e+13 -2.02705e+13 -1.89734e+13 -6.07419e+13  3.74289e+13 -4.38696e+13  1.29856e+13  3.19049e+13  2.76014e+12   1.1696e+13 -4.02796e+13  1.51239e+13 -2.51119e+13 -2.57025e+12 -4.46426e+13 -1.30522e+13  3.91463e+13  1.32912e+13  7.97183e+12 -4.79789e+13  6.38061e+13 -9.90337e+12   2.7417e+13  3.14957e+13 -3.44098e+13 -1.07952e+13  3.23944e+12    1.456e+13  3.32865e+13 -2.57721e+13  2.61843e+13 -1.24261e+13   -1.178e+13   -1.015e+13 -7.71568e+12  3.84953e+12  2.20141e+13  4.07128e+13 -4.40276e+13 -1.32697e+13 -1.30088e+13   3.8942e+13  3.91119e+13 -2.76772e+13  2.16628e+13  1.95571e+13   3.6548e+13  1.49522e+13 -4.02969e+13  2.94152e+13  1.42782e+13 -6.25397e+12  5.20676e+13  -1.6391e+13 -1.76734e+13 -2.67645e+13 -2.43015e+13  4.67253e+13  1.42157e+13  1.48281e+12  1.14429e+13 -2.61259e+13  1.77638e+13  1.55603e+13 -1.46063e+13 -2.69707e+12  5.68389e+13 -2.08025e+13 -3.03932e+13 -3.39809e+13  2.76987e+13 -4.10294e+13  1.76906e+13 -1.21568e+13  3.54113e+13     1.22e+13  1.45103e+13  1.76034e+13 -5.48724e+13  3.72597e+13 -5.21581e+12 -2.69918e+13   9.9283e+12 -4.47235e+13 -3.80327e+12 -1.65666e+13 -2.61174e+13   3.5569e+12  3.30108e+13  1.26501e+13  3.38545e+13 -1.01648e+13   1.1459e+12 -3.13193e+13 -1.68418e+13 -2.90502e+13  1.63136e+13  1.41063e+13  3.31039e+13 -1.33411e+13
-1.96087e+13  6.92555e+13 -5.99862e+13  5.53916e+13 -8.25788e+13  6.01808e+14 -5.43695e+13  6.78438e+13   -8.529e+12 -5.30561e+13 -8.12651e+13  1.89366e+13  1.65963e+13 -5.91669e+12 -1.45866e+13   1.2662e+12  -1.7053e+13 -4.30597e+13 -1.27844e+13  8.06532e+13 -6.56142e+12 -7.70594e+13  -5.9645e+13  3.10624e+13  9.08507e+12  5.37551e+13 -2.64157e+12  1.98849e+13  3.01931e+13 -3.54396e+13  2.08332e+13 -2.01304e+12  1.33903e+13   1.5559e+12 -6.83216e+13 -1.07866e+12  -2.5807e+13  2.35828e+13  -4.5423e+13 -1.04809e+13  4.15902e+13  4.63999e+13  6.26551e+12  1.60021e+13  3.85581e+13  3.63617e+13  3.15927e+12   3.5595e+12  1.44762e+13 -2.50671e+13  2.17237e+13  5.28736e+12  4.46045e+12 -4.14983e+13  -3.9581e+13 -2.83688e+13  4.25285e+13  4.76605e+13   4.7561e+12  5.48472e+13  2.50043e+13 -2.03441e+13  2.10869e+13  8.97892e+12  3.09241e+12 -1.10451e+13 -8.12769e+12 -4.01404e+13  2.36498e+13 -1.22037e+13  1.92954e+13   3.2237e+13  3.82536e+13 -1.99233e+13 -3.81607e+13 -1.08378e+10  3.29833e+13 -1.00119e+13 -1.07455e+13  2.56178e+13   3.9156e+12 -4.60473e+13  2.38531e+13  5.67264e+11 -6.74414e+12  1.69572e+13   1.3314e+12  -5.6485e+12 -3.05767e+13   -3.547e+13  1.64521e+13 -2.33167e+13 -4.01586e+12 -3.92769e+13 -2.27549e+13  6.89287e+12  2.24379e+13   2.5448e+13  -4.8617e+13 -1.71905e+13  5.13511e+13  1.41952e+12  5.96266e+12  -4.5464e+13 -3.00434e+13  9.36303e+12 -3.90225e+13  3.61713e+13  9.72513e+12  1.52782e+13 -3.37597e+13  1.88513e+13 -2.66985e+13  5.13831e+12 -1.58685e+13 -4.80419e+12 -2.69039e+13 -7.54131e+12  2.46109e+13  1.51834e+12  8.16214e+12 -2.63345e+13 -2.30522e+13 -5.30877e+13 -1.19526e+13 -6.96928e+13  2.94298e+13 -5.11138e+13  9.17313e+12 -7.23089e+12  2.35164e+13  3.11842e+13  1.42003e+13 -1.76482e+13  2.79569e+13   2.6343e+13   2.9522e+13   1.1715e+13 -1.89708e+13  1.76708e+13  4.42639e+13  2.93759e+13 -3.41729e+13 -2.48803e+13 -1.64418e+13  1.23833e+13  3.00312e+13  7.94655e+12 -2.17038e+13  -4.5017e+12 -6.19182e+12  3.58235e+13 -3.97584e+13  9.33777e+12 -4.02266e+13  -3.3599e+13 -5.46764e+13 -8.71376e+12 -1.90171e+12 -1.15089e+13 -1.52941e+13 -4.73572e+12 -2.41568e+12 -2.60089e+13
-9.04632e+13  2.66112e+14 -9.30544e+13  5.49848e+12 -3.02905e+13 -5.43695e+13  7.80385e+14  1.11079e+14  4.90245e+11 -1.60996e+13  3.98724e+13 -3.55098e+13  1.73279e+14 -8.18334e+13 -1.66196e+14   2.5048e+13  3.83597e+13 -2.47508e+13  1.39631e+13 -4.86212e+13 -3.21332e+13  3.88582e+13 -5.62743e+13 -8.07129e+13  3.90917e+13 -3.32244e+13  4.18389e+13  1.02963e+14 -2.25854e+11 -5.58695e+12 -2.50393e+13 -1.94722e+12  5.01357e+13  3.74233e+12 -7.28248e+13 -5.00005e+13  2.70459e+13  8.24844e+13  4.98428e+12 -2.76626e+13  1.41664e+13 -1.02532e+13 -9.05459e+12  1.37656e+13 -3.03364e+13 -4.93901e+13 -2.91802e+12 -2.48391e+13  4.57748e+13 -3.20418e+13  5.56602e+13 -3.43379e+13 -1.93782e+12  4.47349e+13  5.31564e+13 -9.80263e+12 -8.49419e+13  -2.9051e+13 -2.41337e+13 -3.73367e+13  3.03411e+10 -2.38452e+13  2.72868e+12  1.44918e+12   1.3376e+13 -3.54644e+13  2.71652e+13 -1.26635e+13 -1.07924e+13 -8.87036e+12 -1.42644e+13 -6.18298e+13  3.67536e+13  4.58268e+13 -2.45841e+13 -3.14501e+13  6.26309e+12   4.4877e+13  9.47049e+11 -4.12936e+13  1.49395e+13  5.07954e+13   6.0655e+13 -6.75345e+13  2.23745e+13  1.75897e+13 -4.78678e+12  3.75252e+13 -3.02344e+13 -1.89895e+13 -5.48138e+13 -5.67729e+12  1.61186e+13 -1.69081e+13 -1.07134e+13  1.08809e+13 -5.55892e+13 -2.60805e+13  5.82892e+13  5.44598e+13 -2.32283e+13  5.64672e+13  2.64263e+13 -3.45171e+13  2.72463e+09 -6.67096e+13  1.02161e+11   2.9824e+13  5.94092e+13 -7.59944e+12  5.67201e+13 -2.88842e+13 -2.09551e+13 -3.04781e+13 -1.22887e+13 -1.18023e+13 -7.61659e+12 -1.71405e+13 -8.42134e+12  1.11313e+13 -1.42513e+13  5.10089e+12  1.15583e+13  1.15708e+13 -2.18293e+13  4.80382e+13  -5.7002e+13  2.26066e+12 -2.20834e+13  9.27738e+12  5.27502e+13  1.23384e+13 -4.54814e+13 -3.50776e+13 -6.27982e+13 -2.57056e+13 -7.50586e+13 -5.25917e+12  1.52921e+13 -9.40217e+12 -1.10699e+13  2.49676e+13  4.67327e+13  2.13169e+13  5.43059e+13  1.66765e+13   5.2792e+12  2.00656e+12 -4.92678e+13  6.12854e+13  3.88254e+13 -1.35386e+13  1.41488e+13  7.42854e+12 -1.15262e+13  3.38877e+12 -3.73302e+11  4.74607e+13  2.67403e+12  6.77167e+12 -8.15041e+12  7.36021e+12  1.83215e+13 -1.72274e+12
-5.36226e+13  1.19708e+14 -4.53885e+13 -4.53378e+13  -3.2781e+13  6.78438e+13  1.11079e+14  7.58154e+14 -1.08522e+14  1.33688e+13  4.03991e+13  -6.3794e+13  8.22582e+13 -4.09118e+13 -7.98606e+13  2.55309e+13  1.51734e+13  7.97527e+13  2.24181e+12  5.14455e+13  9.12091e+12  7.89053e+13 -1.21038e+14  4.61371e+13  1.99886e+13  2.18605e+12  2.69654e+13  6.06614e+13   3.9105e+13 -1.01111e+14  4.63143e+13  7.64631e+13  4.93136e+13 -4.13912e+13  7.35445e+12 -4.50631e+13 -6.62903e+13  6.42941e+13 -2.43068e+13 -1.89117e+12 -3.51611e+13  6.61047e+11  1.20726e+13   1.3606e+13  5.99964e+13  5.39702e+13 -2.90732e+12  2.78133e+13 -2.51161e+13  1.73527e+13  2.86561e+13 -2.44853e+13 -1.81249e+13  6.73231e+10  4.47346e+13  1.36952e+12  1.69013e+13 -8.05343e+12  3.49021e+13  1.33132e+13 -1.56455e+13  4.48833e+13    1.759e+13  7.74698e+12 -1.75075e+13   4.6604e+13  2.60994e+12 -1.89193e+13  4.62133e+13  5.03872e+13  2.11133e+13  -5.0782e+13 -2.81169e+13  2.46502e+13 -1.71431e+13 -5.46535e+13 -2.03673e+13  2.84614e+13 -3.45466e+13 -7.82242e+12 -1.83571e+13  3.87387e+13   4.3674e+13  1.73383e+13 -1.84185e+13  6.62165e+13   7.2631e+12   7.6629e+12  -1.8421e+13  5.33699e+12 -4.21267e+13  -2.2202e+13  -6.0089e+12  -1.0168e+13 -6.18992e+13 -5.19754e+13  9.42758e+12 -8.15582e+12 -5.38132e+12  1.67149e+13  2.10814e+13  5.69446e+13  5.61184e+13  5.03588e+12  5.70047e+13  -5.2448e+13 -5.60372e+13 -3.51696e+13 -7.16626e+13 -1.51294e+13  1.71037e+12 -2.26932e+13  3.18852e+13 -4.83185e+13 -4.71847e+13 -1.18606e+13  4.97677e+13  9.72857e+12 -2.73022e+12  1.43584e+13  7.14682e+12  4.68073e+13  -4.9389e+13 -1.50759e+13 -3.33631e+13  1.35283e+13  5.86368e+13  3.23417e+13  2.75498e+13  5.29125e+13 -4.23773e+13  1.55436e+13   5.8847e+13  -4.6254e+12 -2.68188e+13 -8.53582e+12  3.15694e+13  -2.0583e+13 -4.86117e+13  4.62895e+13 -8.31183e+13 -2.46419e+13 -1.59476e+12  2.40106e+12 -2.88545e+13 -6.26289e+12  5.53754e+12  3.76503e+13  1.42904e+13 -1.18978e+13 -1.73171e+13 -1.88527e+12 -9.03151e+12 -3.16688e+12 -1.45318e+13  3.56773e+13  5.88735e+13   5.8917e+13  3.51098e+13  1.08822e+13 -3.74696e+13  7.44795e+12  1.30368e+13 -1.47558e+13
 1.29731e+13  2.55623e+13  5.76634e+13  -8.6313e+13  5.61877e+13   -8.529e+12  4.90245e+11 -1.08522e+14  6.46683e+14  2.06087e+13 -8.26206e+12 -6.75978e+13  2.94994e+13  1.34631e+12  -4.9407e+13 -6.96433e+12  5.97973e+13 -5.93678e+13 -1.05498e+13 -1.21794e+12  5.67767e+13 -6.54892e+13 -2.21956e+13 -4.03345e+13  -9.5629e+12 -9.82331e+12 -1.21854e+13 -1.68864e+12 -5.35204e+13  3.82149e+13 -1.47886e+13  1.96208e+13 -9.38616e+12 -4.51351e+13  7.02814e+11  5.66918e+13  1.82831e+13 -3.36066e+13  -1.3211e+13  -1.4545e+13   1.6808e+13 -2.61944e+13 -4.38795e+13 -1.30475e+13  -1.4589e+13 -7.32428e+13   4.3989e+13 -1.07477e+13  1.04055e+12 -5.34151e+11 -2.46449e+13  3.34395e+12 -4.44676e+13  9.64119e+12 -1.98839e+13 -7.06404e+13 -4.41076e+13 -1.03262e+13 -1.86059e+13 -1.03774e+11  -2.1531e+13  -2.6761e+13  3.18616e+13  1.52603e+13  2.53019e+13 -8.02953e+13  1.70651e+13  1.39302e+13  6.43412e+13 -1.03852e+13 -8.37722e+12 -4.28708e+13 -1.88411e+13  1.02114e+13  4.87606e+13  4.06995e+13 -6.03239e+12  2.36501e+12  6.92704e+12  1.63192e+13 -2.06139e+13  2.81917e+13 -5.34504e+13  -6.8231e+13 -2.12718e+13 -8.37783e+12  1.79956e+13 -1.44323e+13  4.02083e+13 -1.20862e+13  2.47441e+13  -7.9543e+12  4.90246e+13  5.09997e+12  1.54768e+13  7.55294e+12  -1.4445e+13  2.27141e+13 -7.67796e+13  3.12932e+13 -1.29315e+13 -1.92741e+13    -4.32e+13  2.28961e+13 -1.26568e+13 -1.61611e+13   1.9656e+13  4.03244e+13   -1.635e+12  1.43855e+12  3.79013e+13 -2.66054e+13  3.01868e+12  6.36817e+12  -2.3595e+13  -2.4175e+13 -9.48546e+12 -2.27432e+13 -1.66879e+12 -4.53604e+13  3.95798e+12  3.05107e+13  4.64725e+13 -2.35843e+13  3.56404e+13  1.58292e+13  7.74538e+12 -4.29875e+12  7.88454e+12  -2.1593e+13 -3.06774e+12 -6.00332e+13  -7.0666e+13  3.13379e+12 -1.61681e+13 -3.69166e+13 -5.81931e+11 -4.85339e+13  4.35625e+13  1.67396e+13  4.40873e+13  2.58638e+13 -5.90898e+12  -2.1677e+13 -5.98088e+13  4.53153e+13 -2.49061e+13 -3.89596e+13  4.86283e+13  3.32359e+13  3.00276e+13  1.46851e+12  2.07516e+13  1.00706e+13  1.51031e+13 -2.56395e+13 -1.33879e+13 -3.04287e+13 -2.16664e+13 -3.45405e+13  3.26143e+13  2.39959e+13  4.71806e+13  7.01422e+13
-1.01848e+13  2.97239e+13  4.01321e+13   8.3514e+13  4.58775e+13 -5.30561e+13 -1.60996e+13  1.33688e+13  2.06087e+13  6.67378e+14  9.95148e+12 -4.42579e+13 -3.85914e+13  2.24295e+13 -5.03414e+12 -3.61684e+13 -5.87393e+13  1.21877e+14 -4.45251e+13 -1.02649e+13 -2.60395e+13  5.69728e+13  2.72725e+13 -8.11074e+11  3.25491e+13 -2.57756e+11 -4.14026e+13 -3.87885e+13 -1.06775e+14 -3.60988e+13  2.36567e+13 -1.47292e+13 -4.24151e+13 -1.42402e+13  2.67271e+13   6.1949e+13 -2.96444e+13  1.84312e+13  -4.9441e+13  3.65885e+11 -4.45717e+13  9.55215e+12  4.06573e+13 -4.78313e+13  1.30748e+13  3.75284e+13 -1.15364e+13  3.07977e+13 -2.99045e+13  6.26662e+13 -1.65001e+13 -9.77085e+12   5.3563e+12   5.5939e+13 -2.30557e+13   2.9856e+12  2.23108e+13 -4.95183e+13  1.72607e+12 -4.80356e+13 -1.50345e+13 -2.13508e+13  2.00389e+13 -4.66209e+13 -2.99393e+13   6.7243e+12  4.05838e+11 -5.58687e+12  5.48874e+13 -1.68736e+13  2.63322e+13 -2.21995e+13  2.64498e+13 -1.44729e+13   4.9902e+13 -1.20197e+13 -4.59268e+13 -1.37772e+13 -4.26633e+13  3.30962e+13 -1.39651e+13  2.57812e+13  -2.2021e+13  1.73194e+13  3.86403e+13  2.61502e+13 -1.00429e+13  2.59051e+13 -1.29267e+13 -2.07629e+12 -5.38431e+12  2.10643e+13 -1.61879e+13  1.05175e+14  1.25298e+13 -6.04023e+13 -2.55321e+13 -1.68926e+13  3.18234e+13 -5.60358e+13  4.20711e+12  1.81435e+13  8.40173e+12  4.68361e+13  2.09132e+13 -2.88249e+13  1.39586e+12 -1.85782e+13  3.72551e+12 -1.79466e+13  3.20598e+13 -2.68275e+13  3.26403e+13  8.59064e+12  3.00608e+13 -2.95364e+13  8.93102e+12  1.38371e+13  2.16427e+13 -2.81842e+13 -4.97481e+13  4.20073e+13 -2.64712e+13 -1.58335e+13  2.40942e+13  9.71609e+12 -2.64819e+13  1.56974e+13  2.39726e+13 -1.83112e+13 -3.98937e+13 -2.82493e+13 -1.87812e+13 -2.72105e+12 -3.40195e+13  2.68715e+13 -6.36208e+12  3.54198e+12  6.37613e+12  1.88503e+13 -5.80014e+13  4.30552e+13 -7.87525e+13   5.6894e+13 -6.94967e+13  1.46017e+13  2.70668e+13 -9.78232e+11  -2.5794e+13  1.74755e+13  5.16352e+13  4.12839e+13    9.383e+13 -2.76858e+12  1.32044e+13   3.3424e+12  -1.3844e+12 -3.31227e+13 -2.44909e+13 -1.90131e+11 -3.98224e+13  -8.9323e+12  2.97302e+13  1.63782e+13
-1.46434e+13 -1.28308e+14  7.33433e+13 -1.11722e+12 -5.74012e+13 -8.12651e+13  3.98724e+13  4.03991e+13 -8.26206e+12  9.95148e+12  7.96588e+14 -3.55221e+13 -2.66049e+13  -9.6569e+13  1.02049e+14  4.94722e+13  4.02241e+13  7.85996e+13  5.57267e+13 -9.92996e+13 -3.98417e+13  6.83534e+13 -5.37051e+11 -9.04123e+12  5.20327e+13  1.59399e+13  7.54451e+13 -5.63493e+12  7.24402e+12 -1.62583e+13  6.94477e+13   1.3681e+13  9.33286e+12   7.5052e+12  3.92193e+13 -7.93641e+13  -9.1391e+13  9.71208e+13 -1.75783e+13 -2.98259e+13 -6.34084e+13  1.40334e+13 -1.62822e+13 -1.23804e+13   3.9127e+13 -2.95626e+12 -2.72671e+13  2.81229e+10 -6.89373e+13  5.96305e+12 -7.06542e+13 -4.51664e+13   1.0291e+13 -3.18189e+13  3.19228e+13  2.41309e+13 -1.40901e+13  2.03859e+13   -8.782e+12  4.60832e+13 -3.29815e+13  4.57167e+12  4.56392e+13  6.33563e+13 -6.98318e+13  4.17122e+13  3.16136e+13  2.28102e+13  4.10462e+13 -2.87129e+13  5.40209e+13  2.73504e+13  -2.9268e+13 -1.48523e+13  9.23201e+12 -8.81144e+13 -2.46157e+13 -2.40054e+13  3.56443e+13   4.4291e+13 -1.26315e+13 -3.02834e+13  3.61685e+13 -6.20462e+12  -2.7953e+12  1.22255e+13  1.26105e+13 -5.48564e+13 -1.81475e+13  4.46854e+10 -4.20234e+13  8.53269e+12 -2.54184e+13  2.04803e+13  2.73368e+13 -3.33347e+13  1.33757e+12  7.37292e+13 -1.95423e+13  2.56801e+13  2.25537e+13 -3.56139e+13  2.79975e+13  4.70306e+13 -3.73666e+13 -2.69385e+13   4.9065e+12 -2.75877e+13 -1.98588e+13 -1.59492e+13  7.69166e+12 -3.09629e+13 -1.57896e+13  -3.6124e+13  6.35089e+12  2.90414e+13 -4.70786e+13 -3.44484e+13 -1.56982e+13 -1.33892e+13 -1.95704e+12 -2.96594e+12 -9.25771e+12 -4.81321e+13 -3.76341e+13  7.03897e+12  3.93232e+13 -2.71326e+13  1.13366e+12 -1.12096e+13 -9.55832e+12  1.64474e+13  1.20726e+13  5.48827e+13 -4.36395e+13  6.74544e+13 -7.19826e+12  -5.8872e+13 -9.04948e+13 -1.12013e+13 -6.37517e+13 -4.13191e+13  1.81035e+12  3.46855e+13 -2.18228e+13 -2.57728e+12  1.78465e+13  5.11314e+13  4.99809e+13 -1.45266e+13  -5.0158e+13  1.01336e+13 -3.91058e+13  4.60793e+13  -4.4844e+13  4.05526e+13  1.64081e+13    6.026e+12  -3.4271e+13  2.96866e+13  -2.7799e+13  -2.7068e+13 -2.20229e+13 -6.60331e+13
-2.10594e+13   7.4094e+13 -3.72799e+13 -2.38307e+12 -4.17843e+12  1.89366e+13 -3.55098e+13  -6.3794e+13 -6.75978e+13 -4.42579e+13 -3.55221e+13  6.82826e+14 -7.06671e+13  1.52103e+12 -1.37117e+13  2.67484e+12 -1.86838e+13  -5.7402e+13 -2.58265e+13 -1.66267e+13 -1.18534e+13  2.16345e+13 -3.23511e+13 -1.83048e+13 -1.93371e+13  6.86993e+13  9.77896e+12 -5.27954e+13 -1.00076e+13 -2.73982e+13  1.68369e+13 -3.42068e+13  1.26503e+13 -3.94405e+13 -3.66676e+13  8.36207e+12  5.37079e+11 -2.34398e+12  6.22753e+13 -1.71313e+13  5.29823e+13 -6.62721e+13  5.11295e+13  2.16373e+13 -8.31594e+13  7.59327e+13  2.87868e+13 -2.34911e+13  -5.1853e+13  1.56818e+13   1.5276e+13  1.04832e+12  2.17592e+13  1.90175e+13 -6.05377e+12 -2.20794e+13  3.92841e+12  3.72318e+13 -4.63366e+13  1.16703e+13  6.55058e+13   2.5677e+13  2.94291e+13  3.27388e+13  1.56364e+13  4.28263e+13  2.55977e+12    4.797e+13 -1.80902e+13 -2.13601e+13 -1.60033e+13  2.25224e+13 -4.52941e+13  2.29208e+13  6.04819e+13 -1.38498e+12   7.4675e+13 -2.24737e+13  7.95398e+13   -4.401e+12  -2.4798e+12  7.12029e+12 -3.67931e+12  1.85635e+13 -4.07438e+13 -9.24902e+12 -1.69912e+13 -1.81336e+13  6.95975e+13 -6.24351e+12  1.66707e+13   -2.095e+13 -2.55182e+13 -1.43785e+13  2.16639e+13 -1.07754e+13 -5.42784e+13 -2.62029e+13 -1.53867e+13 -2.68673e+13   5.1578e+13 -7.50056e+13 -9.94621e+13 -3.52455e+13  4.02181e+13  3.65214e+13  2.82546e+13 -1.42212e+13  2.76394e+13 -4.41702e+12 -1.29497e+13  9.21491e+12  2.20852e+13  1.31976e+13  1.51334e+13 -7.05549e+12 -2.73787e+13  5.51647e+13  2.67558e+13 -1.79572e+13  4.23769e+12 -4.39472e+13 -1.31137e+13 -2.11053e+13  6.74642e+12 -2.75942e+13 -8.97562e+12  2.87621e+13 -4.61534e+13 -5.73982e+13  2.65822e+13  4.34861e+13  3.97827e+13  2.54196e+13  3.13087e+13 -6.63344e+12 -2.97979e+13  2.86594e+13  4.41991e+13  8.61548e+13 -4.02262e+12  1.16925e+13 -1.28943e+13  1.09472e+13  2.56753e+13  8.50734e+13 -1.39022e+13 -1.48695e+13 -3.27767e+13 -4.86221e+13 -3.61986e+12 -5.03225e+12  2.97349e+13 -5.33325e+13  1.72044e+13  9.24967e+12 -1.34362e+13  5.88316e+12 -3.50859e+13  -8.3071e+12  9.33566e+12 -3.41047e+13 -5.01604e+13 -1.82411e+13
-6.33698e+13   1.0642e+14 -1.11368e+14  7.12286e+11  6.30751e+12  1.65963e+13  1.73279e+14  8.22582e+13  2.94994e+13 -3.85914e+13 -2.66049e+13 -7.06671e+13   8.5185e+14 -1.83053e+13 -1.35513e+14 -1.96301e+13  5.22493e+13 -2.24004e+13  8.29833e+13  3.78445e+13 -6.81601e+12  1.57562e+13 -4.22985e+13  3.05119e+13 -1.67211e+13 -6.71849e+12  1.20594e+14 -3.23849e+13 -2.01534e+13  1.25395e+12  2.70791e+13   8.1184e+13  6.36275e+12 -4.87999e+13    2.594e+13 -3.58883e+13  3.71044e+13 -4.83497e+13  3.83105e+13 -2.62357e+13 -5.96198e+13   4.7824e+13  -2.7504e+13  8.36664e+13 -4.45495e+13 -3.31262e+13  7.11035e+13 -2.13494e+13 -3.98545e+13 -3.68149e+11  2.02042e+13 -2.44584e+13  2.24666e+13 -1.48795e+13   3.4577e+13 -2.91667e+12 -8.39624e+13 -2.90087e+13   1.0316e+13 -8.02763e+12   -8.367e+13  -4.9256e+13 -5.57744e+13 -4.09166e+13  3.78824e+12  -5.3799e+13  5.55267e+13 -1.27714e+13 -6.19983e+12  4.05069e+13 -1.15142e+13 -3.44329e+13  2.95493e+12   1.8578e+13 -3.91612e+13  7.01093e+12  7.09043e+13  5.22631e+13 -2.72555e+13   4.2075e+13   3.8062e+13  6.67895e+12  4.79164e+13  -2.0069e+13  1.03666e+13  1.05721e+13  2.43339e+13  9.07345e+12  1.20097e+13 -3.63335e+13 -8.92861e+12 -2.40169e+13 -2.82351e+12 -4.40675e+13  1.81043e+13  3.51858e+13  5.58731e+13 -1.94647e+13 -3.46016e+13  2.15725e+13  3.03682e+13  3.11279e+13 -6.49259e+12  6.72925e+13 -1.43104e+13 -1.83407e+13  2.97716e+13  3.22689e+12  2.29462e+13  4.00773e+12  1.37076e+13   2.4795e+13 -1.06798e+13  3.73335e+12 -2.03474e+12 -2.33516e+13  3.36895e+13 -3.12288e+13  -7.8362e+13  5.15183e+13  1.20525e+13  2.07088e+13 -2.65507e+11 -6.47664e+12   -5.665e+13 -2.47675e+13  5.05719e+13  -2.5888e+13  2.59299e+13  6.71675e+13  2.83825e+13    7.805e+12 -3.02061e+13  7.75351e+12 -8.73484e+13 -1.27457e+13 -2.94403e+12  -2.0005e+13  -2.7312e+13  -2.1601e+13  5.42258e+13 -2.21302e+13  2.72783e+13  4.80617e+13  2.13566e+13 -4.79336e+13 -9.30203e+12 -7.11038e+12  3.64619e+13   5.3614e+13   4.7712e+13 -7.73965e+12  3.48964e+13 -5.54168e+13 -1.13148e+13  -4.1271e+13 -3.09114e+13 -8.33217e+12   3.8046e+13 -2.68306e+13  2.66304e+13 -2.54776e+13  1.52955e+13  1.75885e+13
 2.07791e+13  -7.0428e+13 -5.03614e+13 -2.65865e+12  3.24552e+13 -5.91669e+12 -8.18334e+13 -4.09118e+13  1.34631e+12  2.24295e+13  -9.6569e+13  1.52103e+12 -1.83053e+13  6.79416e+14  3.34651e+13  -3.1776e+13  1.42279e+12 -1.84046e+13 -1.92974e+13  6.70373e+13 -4.44529e+12 -9.29794e+12  6.95921e+12  1.64408e+13  3.24172e+13  1.62446e+13 -7.98562e+13  2.73594e+13  8.73638e+13  3.41155e+13 -4.97193e+13  2.20689e+13 -7.76317e+13 -2.17133e+13 -1.90439e+13  1.88692e+13 -6.34608e+11 -7.66974e+13 -5.26775e+12  5.68041e+13  7.16024e+13 -7.18909e+12  1.99772e+13 -5.04958e+13 -2.85898e+13  1.60469e+13 -5.89086e+13  2.91904e+13 -4.50624e+13  1.39133e+13 -2.59443e+13 -3.26737e+13  2.23543e+13  5.18815e+13 -4.02097e+12  7.81617e+13 -1.89605e+13  1.39801e+13  5.11889e+13 -6.46786e+12 -3.81086e+12  2.10367e+13  8.06334e+12 -4.43073e+13  1.88207e+13 -2.89519e+13  7.45405e+12  1.05809e+13 -5.41156e+13  1.31817e+13 -4.47345e+13  3.47152e+13  1.60487e+13 -2.43613e+13  4.89607e+12  8.61547e+12 -2.69052e+13  1.24672e+13  3.25073e+13 -2.50063e+12  2.41893e+13  3.89229e+12 -3.57227e+13  3.80983e+13  1.52246e+13 -2.21251e+13  5.93449e+13  1.87748e+13 -1.96605e+13   2.0423e+13 -2.95997e+13  5.81668e+13  3.31718e+13 -2.82325e+13  3.28923e+13  3.63886e+13  5.06624e+13 -2.86536e+13  3.10629e+13 -3.34966e+13  1.91179e+13 -9.91489e+12 -1.43784e+13  1.23824e+12  1.46287e+13  9.92881e+12  2.28361e+13 -2.12191e+12 -3.37695e+13 -1.28341e+13  4.05255e+13 -2.49009e+13 -5.16389e+12  5.42326e+13  -2.3384e+13 -1.15275e+13  4.48305e+13  2.15971e+13 -6.04754e+12 -5.37972e+13 -3.61441e+13 -1.00523e+12 -2.76254e+12  5.85713e+13  3.46272e+13 -4.85548e+13 -1.61575e+13  6.05015e+13  1.73025e+13 -2.01269e+13  5.57429e+13  6.53761e+11 -2.36413e+13 -1.20193e+13 -3.62447e+13  -5.1078e+13 -2.78682e+13   5.8989e+12   7.9536e+13 -4.88059e+13  3.40677e+13  2.66828e+13  5.70669e+12  2.96128e+13  2.40185e+13  8.31808e+12 -4.93878e+13 -4.26892e+13 -4.75897e+13  6.19966e+12 -2.40691e+13 -1.45031e+13 -2.92706e+13 -9.62649e+12  1.45214e+13 -2.24359e+12 -1.78626e+12  7.06995e+12  -3.9418e+13  7.69299e+12  3.20313e+13 -3.12997e+12 -2.61142e+13 -1.65012e+12
 7.14364e+13 -2.33056e+14  1.67352e+14   -1.744e+13 -9.87678e+12 -1.45866e+13 -1.66196e+14 -7.98606e+13  -4.9407e+13 -5.03414e+12  1.02049e+14 -1.37117e+13 -1.35513e+14  3.34651e+13  8.60349e+14 -4.19861e+13  3.45703e+13  1.14052e+12  3.30749e+12  7.35274e+13  4.44111e+12  1.03139e+13 -4.56813e+13  1.47285e+13 -1.54948e+12  3.48324e+13  1.13986e+13  2.38366e+13 -2.59018e+13  5.78152e+13 -4.84104e+13 -1.01467e+14 -3.27062e+13  7.02331e+13  1.05906e+13  6.91369e+13 -7.06426e+13    1.266e+13 -4.51075e+13 -5.49273e+13 -4.56817e+13  4.34303e+13  2.07074e+13 -7.45774e+12  7.02409e+13 -6.87709e+13 -4.38121e+13  4.38168e+13 -7.04718e+12  2.69595e+13 -8.35926e+13 -2.87233e+13 -4.06901e+13 -6.70505e+13 -3.17406e+13  3.58959e+13 -1.62705e+13 -1.54145e+13  -5.8606e+13 -2.56666e+13 -4.14638e+13  2.71052e+13  1.58351e+12  -4.0444e+13  8.34406e+12  5.01532e+13 -3.25589e+13  5.89228e+13  1.13888e+13 -1.78509e+13 -1.47152e+12  1.26378e+13 -3.16518e+13 -4.24287e+13  1.15501e+13  1.27316e+13 -2.39465e+13  2.22968e+11 -2.25841e+13  7.44918e+13  3.19102e+12 -6.63566e+13 -2.39273e+13  1.04489e+14 -1.19068e+13  7.28235e+13  -1.0727e+13 -1.33089e+13 -9.46418e+13 -2.62767e+13  6.37679e+13 -1.60451e+12 -5.51349e+13  9.59364e+11  5.61804e+13  2.10707e+13  3.14509e+13  4.48389e+13  7.92666e+12  2.61938e+13   1.0678e+13 -2.52752e+13  3.25784e+13   7.4926e+13  1.42578e+13 -5.29582e+13 -7.68651e+12  3.30659e+13 -6.13922e+13 -4.25798e+13  1.18699e+13 -4.65713e+13  2.51517e+13  4.16752e+13  2.71437e+13 -1.47731e+13  -5.1113e+12 -6.27546e+12  1.78237e+13  3.65184e+12  1.71729e+13  1.87896e+13  -1.0965e+12 -6.85773e+12  8.13568e+13 -1.97064e+13  4.36613e+13 -1.98028e+13  2.96594e+13 -1.01715e+13 -2.18695e+13 -1.69523e+13  2.90314e+13  5.78085e+13 -2.29742e+13  2.93483e+13  3.56133e+13 -4.79916e+12  6.75379e+12 -2.48352e+13 -1.66024e+13   5.1838e+13 -1.01347e+13  6.88543e+12  2.24729e+13  5.06966e+13  5.65229e+13   -3.325e+13  2.29297e+13 -3.10648e+12  -4.1549e+13 -2.76143e+13 -4.97995e+13  -3.3403e+13  3.29579e+13 -4.02377e+13  3.91721e+12 -3.19609e+13 -2.67298e+13  5.49603e+13  1.99309e+13  3.57116e+12  5.16965e+11    -4.43e+13
-3.05031e+12  3.32729e+13 -2.80982e+13  8.67201e+13  6.22454e+13   1.2662e+12   2.5048e+13  2.55309e+13 -6.96433e+12 -3.61684e+13  4.94722e+13  2.67484e+12 -1.96301e+13  -3.1776e+13 -4.19861e+13  7.07815e+14  8.16239e+12 -1.07236e+13   -8.207e+12  1.59173e+13  2.16536e+13  2.80227e+13  4.36483e+13 -2.66284e+13 -2.88896e+13  5.83967e+12 -3.12618e+13  -2.2903e+13 -6.00573e+12 -2.32794e+13  1.65552e+13 -1.42264e+13 -2.53003e+13 -1.87694e+13 -1.94313e+13 -4.97922e+13  4.04403e+13 -7.09803e+11 -4.58924e+13 -3.65233e+13  1.78226e+13 -5.25348e+13  6.94359e+13 -2.93754e+13  6.21608e+12 -3.38584e+13   9.0618e+13 -1.77854e+13 -3.60399e+12 -8.21057e+13 -4.59864e+12  5.49792e+12   1.1326e+13  1.50329e+13 -2.43726e+13 -1.14109e+13    1.307e+13  1.75672e+13  -7.2544e+13  -3.0396e+12 -1.43423e+13  1.12912e+13  3.40287e+13  2.73821e+13  1.98566e+13  3.69078e+13  1.50919e+13  9.82582e+10  4.29536e+13  2.04276e+13   4.4199e+13 -5.73383e+13 -1.55517e+13    2.424e+13 -2.57234e+13  9.56263e+12 -2.41303e+13 -4.34031e+13 -4.47596e+12 -6.39006e+12 -4.87908e+13 -2.38396e+13 -2.32957e+12  6.09141e+12 -5.25682e+13  6.18116e+13   -2.983e+13 -2.91962e+13  1.79495e+13 -3.98064e+13  1.35447e+13   5.6504e+13  -2.0514e+13 -1.98801e+12  3.74778e+13   5.8261e+13  -2.6828e+13 -4.72741e+12 -4.35962e+13  4.18893e+13 -5.24904e+12 -9.75065e+12  2.46674e+13 -1.80126e+13 -2.51043e+13  3.93918e+13  3.95802e+13 -4.59759e+13 -3.58556e+13 -2.12159e+13  1.69686e+13  1.13942e+10  6.13823e+12 -4.65173e+13  1.42921e+13  5.68592e+13  1.90385e+12 -3.26762e+13  7.88127e+12 -2.68955e+12  -9.0953e+12 -2.21307e+13  1.97615e+13 -4.11525e+12  1.63675e+13  -2.1569e+13 -2.45648e+13  1.72211e+12  5.74198e+13 -1.39565e+13 -1.58292e+13 -7.57415e+12  2.84441e+11  1.32685e+13  -7.9697e+12  4.26855e+12   8.5252e+12  4.42749e+13 -5.63277e+12  1.76223e+13  5.14048e+12  -1.1282e+12  9.57559e+12 -2.10355e+13 -3.13058e+13 -2.08746e+12 -8.36569e+12  4.06325e+13 -2.90549e+13 -1.85547e+13 -7.35125e+13  4.04457e+13  3.02061e+13  9.42721e+12  1.26702e+13  1.69833e+13   4.1795e+12 -2.31385e+13 -1.93007e+12  1.47547e+13  3.22977e+12 -1.34492e+12  2.68548e+13 -9.26877e+12
-2.65193e+13 -4.75231e+12  1.83797e+12  3.68766e+13  -1.6172e+13  -1.7053e+13  3.83597e+13  1.51734e+13  5.97973e+13 -5.87393e+13  4.02241e+13 -1.86838e+13  5.22493e+13  1.42279e+12  3.45703e+13  8.16239e+12  6.89667e+14 -6.51991e+13  5.80115e+13  6.38661e+13  6.20591e+13  1.19005e+13  -7.1899e+12   2.7187e+13  1.40626e+13  4.77277e+13  6.80334e+13  9.09404e+12  5.05748e+13  6.56579e+12  1.77427e+13  1.86832e+13  6.68912e+13 -2.10898e+13  6.32821e+12 -6.67775e+12 -8.97134e+11 -3.54807e+13 -7.06487e+13  4.41825e+13  4.13046e+12  4.73015e+11  2.09882e+13  -5.5277e+13  1.47051e+13  1.27132e+12  2.09072e+13  4.93642e+13 -1.11903e+13 -2.50322e+13  6.70088e+13 -2.65821e+13  1.19347e+13 -2.51568e+12 -5.44487e+13 -2.69594e+13 -8.24862e+13 -1.38187e+11   1.0344e+14    1.796e+13 -4.96335e+12  1.81562e+13  4.58762e+13 -6.42752e+12  9.90165e+12  1.17356e+13  3.91153e+13   1.6624e+13 -3.11594e+13 -4.82678e+12  6.84166e+12  4.82468e+13 -2.95124e+12  2.61674e+13 -3.99188e+12 -6.62514e+13 -6.89611e+13  3.28679e+13   3.8349e+13 -1.05335e+13  3.16858e+12 -3.39692e+13 -5.56354e+13  3.44144e+13 -3.59342e+12  4.55612e+13  7.14562e+12 -4.46737e+13 -3.07137e+13 -3.00454e+13 -6.72505e+12  -5.9383e+13  1.70017e+13  5.81158e+13  4.04052e+13 -7.09078e+12    3.457e+13  5.17244e+13  7.33741e+12  2.36549e+13 -4.36675e+13   2.1007e+12  2.81957e+13  2.92728e+13 -3.77704e+13 -4.09651e+13  4.63436e+13 -1.80355e+13 -5.44723e+13  2.25765e+10  1.70879e+13 -5.16544e+13 -1.58418e+12 -8.80719e+12 -3.64222e+13   3.7493e+13  3.43406e+13 -2.83112e+13 -6.43121e+13  2.64052e+13  7.84021e+12 -9.93092e+12  1.07896e+13  1.60414e+13  3.64515e+13 -1.52557e+13  1.50094e+13  1.23731e+13  6.05869e+12   2.0716e+13 -2.15186e+13 -3.69543e+12     1.94e+13   1.3124e+13 -9.63405e+12 -1.19598e+13  2.93396e+13 -7.34765e+11  -3.3329e+13  1.43757e+13 -9.54716e+12  4.17488e+13 -1.87799e+13 -2.48769e+13  5.98462e+13 -3.19171e+13 -2.77942e+13  2.98914e+13  6.52048e+13  3.57026e+12 -4.44678e+12 -4.47501e+13  -6.4702e+12 -4.15047e+12 -1.16014e+13  3.80493e+13  3.77776e+13  4.23538e+13  4.85006e+12 -9.65055e+12  4.11846e+13 -7.02711e+12 -1.23603e+13  1.24617e+13
 2.32307e+12 -2.43402e+13  5.50546e+13 -2.12538e+13 -5.95814e+12 -4.30597e+13 -2.47508e+13  7.97527e+13 -5.93678e+13  1.21877e+14  7.85996e+13  -5.7402e+13 -2.24004e+13 -1.84046e+13  1.14052e+12 -1.07236e+13 -6.51991e+13  7.02458e+14  3.94984e+13  1.28206e+13 -3.77586e+12 -6.17011e+11  4.40041e+12  5.12039e+13  3.98712e+13  -4.1716e+13  1.84388e+13 -4.46657e+12  1.03431e+13 -7.05565e+12  2.35556e+13 -4.28989e+13 -1.11013e+12  1.19265e+13  6.18941e+13   -2.925e+13  1.50767e+13  5.84367e+13 -6.94574e+13 -6.16646e+12 -5.03326e+12 -1.06604e+13  1.63878e+13  1.41317e+13  1.62266e+13  7.60916e+13  1.85512e+13 -6.18005e+13  1.06086e+13 -2.41614e+13 -5.99432e+13 -3.80101e+13 -6.21353e+13  5.80207e+13  1.64093e+13  2.82846e+13  4.86524e+13  3.21963e+13 -1.43194e+13 -1.71748e+12 -2.03019e+13 -7.47498e+12  1.25985e+13  -5.1676e+13 -5.48084e+13 -1.56036e+13 -6.26471e+13 -5.65938e+13 -1.60509e+13  1.31149e+13  4.32272e+13  2.14411e+12 -1.06401e+13  2.64983e+13  2.22645e+13 -5.26823e+13 -3.15282e+13 -5.36148e+13 -1.62996e+12  8.07041e+13 -6.65977e+12  2.60759e+13  1.81022e+13  3.16242e+13  1.89227e+12  9.46848e+12 -1.12547e+13  1.20199e+13 -3.20274e+13  2.06491e+13 -7.42943e+12  4.14519e+13  5.67719e+13  3.34423e+12 -4.47156e+13 -3.70428e+13 -6.60451e+12  -1.3597e+13  1.05812e+13 -3.96481e+13  1.17392e+13 -2.57824e+13 -4.74818e+12  3.54893e+13  3.98386e+13  9.27793e+12  2.00303e+13 -3.05113e+13  6.79696e+13 -1.99491e+13 -1.35207e+13 -7.44228e+12  1.79832e+13 -2.77812e+12   3.2953e+13  -1.9779e+13   2.2427e+13  -1.5806e+13 -1.96157e+13 -7.23823e+13  2.80773e+13  4.37547e+13  8.49128e+12  1.77652e+13  -2.7356e+12 -2.21357e+13  3.45906e+12  2.75124e+13  2.89679e+13   4.7885e+13 -5.50323e+12 -1.55626e+13   4.2269e+13  2.68093e+13  7.29953e+12  1.88411e+13 -5.46135e+13 -4.21519e+13 -3.06296e+13  1.94259e+13 -4.49901e+13  -3.3548e+13 -7.19694e+12  6.09907e+13 -7.76552e+13 -5.16857e+13  2.02506e+13  5.22911e+13  3.20809e+13  1.27314e+13 -6.41546e+13  -1.5873e+12   3.8972e+13  2.25569e+13  4.12319e+12  1.72083e+13  1.18144e+13  1.12208e+13 -8.91088e+12  7.70964e+13 -5.15736e+13 -1.64498e+13  4.63997e+13 -3.09078e+13
