 1.37189e+08 -1.84181e+08  6.10064e+07 -3.36239e+07  2.53567e+07 -3.50941e+07 -1.61792e+08 -9.59042e+07  2.32019e+07 -1.82106e+07 -2.62366e+07 -3.76761e+07 -1.13316e+08   3.7176e+07  1.27732e+08  -5.4287e+06 -4.74511e+07  4.16966e+06  -3.1052e+06 -6.86257e+06 -3.30769e+06 -1.14745e+07 -2.07903e+07 -1.17095e+07       147100 -5.72573e+06 -6.03255e+06     -47372.9       359621  4.35871e+07 -3.27117e+07 -2.52488e+07 -2.89426e+07  2.05779e+07  1.67444e+06   1.6008e+07  1.72764e+07 -1.70792e+07      -9944.1 -1.64992e+07  5.33047e+07  5.24388e+06  4.69553e+07  5.93481e+06  4.92108e+07 -3.13134e+07  7.03618e+06  1.01978e+07  4.34407e+07 -3.49193e+06 -5.11682e+07  7.98882e+06 -3.11701e+07 -4.14049e+07  -5.2215e+07 -1.32038e+06  4.56066e+07      -350026 -6.12615e+06   2.4821e+07 -3.44706e+06  2.10096e+07 -2.19566e+07 -1.23951e+07  1.52222e+07 -2.70477e+07 -2.20574e+07  8.16238e+06  1.10255e+07 -6.94161e+06  3.22853e+07 -3.91594e+07  1.23559e+06 -7.81938e+06  1.85374e+07  3.57159e+07 -3.61063e+07 -6.96826e+07 -1.61656e+07  6.58494e+06      -676294  1.57041e+07 -2.91221e+07  2.43941e+07  -5.1093e+06  2.11223e+07   1.4387e+07  1.74282e+07  -1.7721e+07  2.39907e+07  1.77062e+06  6.74274e+06  -1.3575e+07 -7.11812e+06  5.60405e+06  2.30871e+07  3.70345e+07 -3.28334e+06 -4.32218e+06  2.08236e+07  1.39615e+06  6.83006e+06 -3.33332e+06  1.58613e+07 -1.14606e+07  2.74173e+07  1.07674e+07 -1.46143e+07 -4.90015e+07  1.84324e+07  1.31861e+07  9.02513e+06  2.88122e+07  4.43895e+07  2.89472e+07 -1.74541e+06      -552861  3.31322e+07  1.72675e+07 -1.32101e+07  3.04063e+07  -6.5315e+06 -4.02763e+07  2.99503e+07  1.35238e+07 -1.06125e+07 -9.93991e+06  2.07797e+07 -4.74037e+07 -1.06264e+07  4.53771e+06 -1.10097e+07 -2.49917e+07   3.5298e+07  1.69584e+07  1.50257e+07 -4.96042e+06  1.43438e+07  2.40841e+07 -1.73059e+07  3.19256e+07  5.36466e+06 -1.82586e+07  8.96025e+06 -6.26015e+06 -7.33343e+06  3.23017e+07 -2.31611e+07  1.06652e+07 -5.02531e+06  -2.7038e+06 -3.47638e+07 -5.61582e+06 -1.34935e+07  2.94259e+07 -2.09686e+07 -2.49801e+07 -1.54114e+07 -1.96088e+07  1.12631e+07  2.08488e+07  8.73934e+06 -7.31724e+06      -764197
-1.84181e+08  1.29391e+09 -2.28269e+08  2.44926e+08  1.63257e+08  1.23739e+08  4.75893e+08  2.13967e+08  4.56988e+07  5.31726e+07  -2.2962e+08   1.3256e+08  1.90108e+08 -1.26077e+08 -4.16622e+08  5.94694e+07  -8.6286e+06 -4.35316e+07 -2.95068e+07 -9.64721e+07  4.59509e+07 -1.89528e+08  5.52526e+07 -1.18772e+08  1.61218e+07   1.2693e+07  2.12499e+06  4.61138e+06 -8.45986e+07 -2.57075e+07  2.42185e+07  4.37871e+07  2.45655e+07 -9.10156e+07 -1.31556e+08   2.3355e+06  5.49151e+06  4.73978e+07      -523733  5.40554e+07  -8.4614e+07 -2.77443e+06 -1.26532e+08  1.40966e+08 -8.60233e+07  -2.8725e+07  5.61339e+07  1.57502e+07  1.96129e+06 -9.06078e+06  1.35834e+08   1.3292e+08  4.15385e+07  8.16718e+07  7.22132e+07 -8.90797e+07 -2.41409e+07 -1.37869e+08 -2.46141e+07 -3.99543e+07   7.7829e+07 -1.18599e+08  1.67589e+07  7.18948e+07 -4.48632e+07 -1.02456e+08 -8.31558e+06  -1.4362e+08  1.14406e+07 -1.30807e+08 -5.01957e+07  3.46693e+06 -7.85792e+07  2.23956e+07 -6.50589e+07  -1.5669e+07    4.252e+07  3.31046e+07  4.06996e+07 -5.34562e+07   5.1821e+07 -7.44104e+07 -6.89553e+06  -1.0624e+08  7.22727e+07  -3.9009e+07  1.71684e+07  5.61517e+07  -7.2473e+06 -1.08456e+08 -2.50659e+06 -3.58847e+07  7.29833e+07 -1.43598e+08 -1.86577e+07  2.95175e+07 -1.11242e+08 -8.30131e+07  7.80945e+07 -3.27454e+07  5.32702e+06    2.575e+07 -2.82813e+07  -7.5775e+07  3.95091e+07   3.2126e+07  4.05145e+07 -6.75245e+06  1.35824e+08 -9.03779e+07  4.52928e+07  3.41691e+07 -4.20399e+07  -4.8949e+07 -8.13356e+07 -6.31957e+07  4.11944e+07 -6.61727e+07 -8.43051e+06 -2.20956e+07 -5.41492e+07  9.98636e+07 -8.15267e+06 -4.97748e+07  1.75706e+07   2.1654e+07 -1.95916e+06 -4.13871e+07   8.3857e+06  9.65822e+06  5.17043e+07  9.90818e+06 -6.16722e+07 -4.78988e+07 -3.62756e+07 -1.12215e+08 -5.58368e+07   3.0278e+07  7.39836e+07  7.90977e+07  1.19065e+07  1.37964e+08 -9.75394e+06 -1.18288e+06  6.04286e+07  3.90436e+06 -1.11086e+07 -1.49286e+06  -9.4463e+07 -7.31536e+06  3.20455e+07  7.58683e+07   4.8933e+07 -1.17279e+07 -5.11619e+07  2.65983e+07 -4.37487e+07 -5.49211e+07  4.38409e+07 -6.84266e+07  9.05777e+06 -3.66658e+06  1.61803e+07  4.32301e+07
 6.10064e+07 -2.28269e+08  9.76854e+08 -1.31261e+07  4.79909e+07 -1.07223e+08 -1.66451e+08 -8.11747e+07  1.03201e+08  7.18776e+07  1.31219e+08 -6.67225e+07  -1.9915e+08 -9.01045e+07  2.99234e+08  -5.0312e+07  3.30587e+06  9.85382e+07  -4.2984e+07  -3.3152e+07  5.44146e+07 -1.53468e+07 -6.44981e+06 -1.49832e+07  4.00592e+07  4.72281e+07  1.49139e+07 -2.63558e+07 -2.25769e+07  1.18221e+08  1.12818e+07  2.08379e+07 -3.45464e+07  8.67984e+07 -2.77598e+07 -2.68328e+07  3.49635e+07  5.36496e+07 -8.49791e+07  3.40298e+07 -2.11602e+07  4.61489e+07  1.72246e+07 -2.26576e+07  9.14177e+07  6.48546e+07  -3.6252e+07 -1.52891e+07 -2.08546e+07 -2.71193e+07 -4.34058e+07 -3.76065e+07 -3.79763e+07 -3.94617e+07 -1.35101e+08  5.39045e+07 -1.73832e+07 -4.15725e+07  4.78773e+07 -5.43546e+07 -2.93664e+07 -3.34878e+07  1.99056e+07 -1.19726e+08   2.3569e+07 -1.71961e+07  1.22832e+06 -2.60114e+07   6.7356e+07 -4.94351e+07  7.94014e+07  -2.8005e+07  4.54237e+07 -8.24315e+07 -5.13116e+06 -2.96597e+07 -1.37342e+08 -1.74125e+07 -3.49292e+07   3.1462e+06 -7.18469e+06  7.96396e+06       789839 -1.06742e+07  3.20247e+07  4.45988e+07 -5.75032e+06  5.51665e+07 -1.69898e+08  2.69502e+07  5.51817e+07 -9.69731e+06  -1.4077e+07  7.01594e+07  4.16302e+07 -3.47714e+07 -2.90012e+06  8.92313e+07  7.20192e+07 -3.13501e+07 -8.36636e+07 -1.97077e+07   2.0303e+07  5.90154e+07  3.28422e+07  6.90699e+07 -2.57792e+07  -5.5946e+07 -3.15159e+06 -3.58844e+07 -3.79623e+07 -2.35527e+07   8.9538e+07 -4.07068e+07      -253535 -7.58408e+06  5.71284e+07 -2.60396e+07 -5.68837e+06  -8.0337e+07  7.64371e+06  -1.6124e+07  5.23726e+07  6.90299e+07      -880926  9.35395e+07 -8.65018e+07  4.03717e+07 -4.62889e+07  8.32324e+06 -1.09289e+08 -5.91536e+07  6.01113e+06       473273  6.86222e+07   9.4427e+06  3.11049e+07  7.91512e+07 -4.21806e+07 -6.62951e+07 -7.71727e+07  7.78206e+06  5.38927e+07 -5.55128e+07  3.79775e+06 -5.02628e+07  3.85019e+07  1.09731e+07  9.35712e+07   4.4366e+06 -9.11187e+06 -2.38555e+06 -5.92649e+07  3.00374e+07  7.45587e+07 -1.00125e+08   9.9754e+06 -2.34935e+07 -3.04739e+07  2.54474e+07  3.89472e+07 -5.73546e+06  2.19008e+07 -4.62772e+07
-3.36239e+07  2.44926e+08 -1.31261e+07  1.24327e+09  1.78997e+08  9.89648e+07  9.82523e+06 -8.12431e+07 -1.54472e+08  1.49308e+08 -1.95071e+06 -4.35729e+06  1.19769e+06 -4.77824e+06 -3.11361e+07  1.55097e+08   6.6052e+07 -3.80826e+07  5.02177e+07 -5.38574e+06 -5.17645e+07 -2.19767e+07  3.35915e+07  2.73519e+07  -6.8669e+07  4.19491e+07 -6.33835e+07 -1.43293e+08 -2.00614e+07 -8.25732e+07       245633 -4.84128e+07 -1.24166e+08  8.95619e+06 -2.73255e+07 -8.09321e+07 -1.03388e+07  9.02849e+07 -8.01736e+07  8.87939e+07 -4.73103e+07  5.90789e+07  2.24721e+07 -5.69399e+07 -2.93869e+07 -8.12246e+07  2.86824e+07  1.96518e+07  2.39928e+07 -3.39763e+07   2.5289e+07  1.10252e+08 -3.93644e+07 -2.01416e+07 -3.20446e+07  6.27206e+07  8.54046e+06 -4.63899e+07 -6.67329e+07 -5.78501e+07  7.79636e+06 -1.91864e+07 -3.84125e+06 -2.18397e+07 -1.20488e+08 -1.26218e+07   1.6508e+08 -1.15708e+08 -2.88815e+07 -3.99571e+07 -1.71872e+07  5.49434e+07 -7.03208e+07  3.88372e+07 -7.41562e+07 -1.13425e+08 -1.83354e+07  8.82722e+07 -8.63904e+07 -1.49532e+07 -6.64412e+06 -4.94602e+07  9.30984e+06  2.70606e+07  8.77636e+06  4.83529e+07  6.66702e+07  -8.0681e+07  4.76616e+06 -1.51242e+08  5.01031e+07   3.3145e+07  4.36931e+07 -7.03431e+06  1.12774e+08  7.05297e+07  1.70718e+06  8.67718e+07  2.34224e+07 -4.03814e+07  7.64445e+07  1.00877e+08  3.14614e+07 -2.10662e+07 -4.83217e+07  1.44705e+08  6.47473e+07 -8.13182e+07  1.35973e+08 -8.74001e+07  3.68545e+07  -1.8224e+07 -6.14288e+07  1.84005e+06 -2.10271e+07  1.31004e+08  8.18447e+07 -4.02331e+07  2.40839e+07 -1.99729e+07 -1.75284e+07  3.43269e+07  1.19578e+08 -2.38918e+07  3.84599e+07 -1.43263e+08  1.55537e+07 -5.51901e+07  2.73526e+07 -7.58016e+07  5.19918e+07 -3.14051e+07 -7.26492e+07 -3.99619e+07 -2.24099e+07 -7.72536e+07 -1.42522e+06 -3.13181e+07   4.8524e+07  1.75868e+07 -3.24589e+07  3.50393e+07  2.90995e+06       158542  4.71781e+07 -9.69214e+07   -7.562e+07 -1.96518e+06 -5.58267e+07  -1.4153e+07 -3.45446e+07  3.44785e+07 -9.27298e+06  9.80182e+06  2.84992e+07 -1.53461e+07  1.19206e+06 -1.67605e+07  3.64737e+07  -4.5305e+07 -3.41048e+07 -9.95736e+07    1.535e+07 -6.58584e+07
 2.53567e+07  1.63257e+08  4.79909e+07  1.78997e+08  9.57585e+08 -1.47822e+08 -5.42778e+07 -5.87059e+07  1.00515e+08  8.21439e+07 -1.02728e+08 -7.46704e+06  1.12198e+07  5.80765e+07 -1.76232e+07  1.11373e+08 -2.89974e+07 -1.06979e+07 -1.47636e+07  4.75071e+07 -3.94375e+07 -6.18017e+07  6.02768e+07 -1.21684e+08  3.39585e+06  8.91669e+06 -1.29992e+08 -5.15973e+07 -5.90436e+07 -2.33427e+07 -6.04503e+07 -1.30085e+07 -4.85368e+07 -2.52605e+07 -8.48038e+07  4.17577e+07  1.97312e+07  4.11979e+07 -1.35559e+07  5.89881e+07  -2.8014e+07  8.70339e+07  3.20871e+07  2.56248e+07 -4.11843e+07 -1.22635e+08  7.14649e+07 -4.54226e+07  6.49834e+07  2.07297e+07  3.67645e+07  9.78351e+07  2.57901e+07 -1.65523e+07 -6.67268e+07 -1.63955e+07  3.25445e+07  -5.7945e+07 -8.67515e+07 -4.55319e+07 -1.42593e+07  -1.2127e+08 -7.58685e+07  2.74944e+07 -5.34197e+07 -3.62804e+07 -3.39887e+07 -1.08783e+08  6.70412e+07 -7.85327e+07  2.32689e+07  5.70958e+07  4.94928e+06  2.09126e+07 -7.20983e+07   2.7046e+07 -4.49561e+07 -4.62697e+06 -7.98786e+07 -2.34125e+07  7.00492e+07   2.3749e+07  1.42942e+07 -8.58307e+07  1.14226e+08 -1.76552e+07  4.91061e+07  5.63581e+07 -6.16418e+07 -1.93845e+07  5.78879e+06  2.60969e+07  5.95985e+07 -4.61439e+07  4.69145e+07 -2.22319e+07 -2.10686e+07 -1.81133e+07 -1.37982e+07   6.8425e+06  3.93907e+07  7.29132e+07 -7.87967e+07 -2.37442e+07 -2.33126e+07  6.96297e+07  7.00205e+07 -4.94756e+07  3.87626e+07  3.50019e+07  6.54523e+07  2.67251e+07 -7.21141e+07  5.26663e+07  2.55234e+07 -1.11916e+07  9.31715e+07 -2.93883e+07 -3.16601e+07 -4.79168e+07 -4.34564e+07  8.36595e+07  2.54535e+07  2.70242e+06   2.0487e+07 -4.67298e+07  3.17949e+07  2.78998e+07 -2.61178e+07 -4.78284e+06  1.01749e+08 -3.72297e+07 -5.43808e+07 -6.07703e+07  4.94968e+07 -7.33843e+07  3.16895e+07 -2.17469e+07  6.33564e+07  2.18107e+07  2.59793e+07  3.15077e+07 -9.81919e+07  6.66793e+07 -9.34611e+06 -4.82984e+07  1.77441e+07 -8.00481e+07 -6.83459e+06 -2.96892e+07  -4.6758e+07  6.33023e+06  5.90465e+07  2.26498e+07  6.06158e+07 -1.82035e+07  1.99488e+06 -5.61091e+07 -3.01284e+07 -5.19643e+07  2.91461e+07  2.52298e+07  5.92263e+07  -2.3936e+07
-3.50941e+07  1.23739e+08 -1.07223e+08  9.89648e+07 -1.47822e+08  1.07723e+09 -9.72173e+07  1.21394e+08  -1.5085e+07 -9.49663e+07 -1.45172e+08  3.39113e+07  2.96674e+07 -1.05848e+07 -2.60188e+07      2.3e+06 -3.04257e+07 -7.71846e+07 -2.28784e+07  1.44345e+08 -1.17156e+07 -1.37823e+08 -1.06706e+08  5.54916e+07  1.64209e+07  9.62558e+07 -4.80007e+06  3.54405e+07  5.40599e+07  -6.3342e+07   3.7151e+07 -3.68739e+06  2.39575e+07  2.85036e+06 -1.22231e+08 -1.94132e+06  -4.6244e+07  4.22303e+07 -8.13634e+07  -1.8845e+07  7.44135e+07  8.30564e+07  1.12376e+07  2.86579e+07   6.8968e+07  6.50321e+07  5.64172e+06  6.36487e+06  2.59362e+07 -4.47401e+07  3.88318e+07  9.47941e+06  7.97331e+06 -7.42717e+07 -7.08595e+07  -5.0704e+07  7.60794e+07  8.52734e+07  8.60437e+06  9.81213e+07  4.46865e+07 -3.63579e+07   3.7753e+07  1.60469e+07  5.57498e+06 -1.97709e+07 -1.45685e+07 -7.17435e+07   4.2391e+07 -2.18722e+07  3.45483e+07  5.76839e+07  6.84493e+07 -3.55924e+07 -6.82812e+07     -60891.1  5.89889e+07  -1.7931e+07 -1.92189e+07  4.58573e+07  6.98859e+06    -8.23e+07  4.26913e+07       954076 -1.20912e+07  3.03427e+07  2.38896e+06 -1.00697e+07 -5.47562e+07 -6.34141e+07  2.94885e+07 -4.17379e+07 -7.11522e+06 -7.02108e+07 -4.07382e+07  1.23038e+07  4.00947e+07  4.55489e+07 -8.69813e+07  -3.0729e+07  9.18876e+07  2.48306e+06  1.06289e+07 -8.14164e+07 -5.37611e+07  1.67367e+07 -6.98766e+07  6.47612e+07  1.73889e+07   2.7381e+07 -6.04273e+07  3.37615e+07 -4.77856e+07  9.19972e+06 -2.84019e+07 -8.54593e+06 -4.81751e+07 -1.35398e+07  4.40824e+07  2.73438e+06  1.45964e+07 -4.71507e+07 -4.12518e+07 -9.49849e+07 -2.13736e+07 -1.24745e+08  5.26786e+07 -9.14779e+07  1.64571e+07 -1.29116e+07  4.20694e+07  5.58406e+07   2.5407e+07 -3.15859e+07  5.00307e+07  4.71662e+07  5.27739e+07  2.09858e+07 -3.38967e+07  3.15544e+07  7.92536e+07  5.25963e+07   -6.117e+07 -4.45689e+07 -2.93796e+07  2.21834e+07  5.37766e+07  1.42071e+07 -3.88102e+07  -8.0066e+06 -1.10693e+07  6.40799e+07 -7.11644e+07  1.67345e+07 -7.19707e+07 -6.01351e+07  -9.7778e+07 -1.55487e+07 -3.40946e+06 -2.05757e+07 -2.73396e+07 -8.44591e+06   -4.326e+06 -4.65332e+07
-1.61792e+08  4.75893e+08 -1.66451e+08  9.82523e+06 -5.42778e+07 -9.72173e+07  1.39646e+09  1.98726e+08       745282 -2.88189e+07   7.1248e+07 -6.35539e+07  3.09924e+08 -1.46315e+08 -2.97131e+08   4.4704e+07  6.85872e+07 -4.42172e+07  2.49182e+07 -8.68502e+07 -5.75384e+07  6.95362e+07 -1.00587e+08 -1.44314e+08  6.98897e+07 -5.94904e+07  7.48451e+07  1.84272e+08      -399233 -1.00077e+07 -4.48043e+07 -3.63833e+06  8.95336e+07  6.78746e+06 -1.30237e+08 -8.93194e+07  4.82414e+07  1.47508e+08  8.94888e+06 -4.95372e+07  2.54255e+07 -1.83178e+07 -1.60675e+07  2.46676e+07 -5.42847e+07 -8.83963e+07 -5.27558e+06 -4.43986e+07  8.19506e+07 -5.74021e+07  9.94664e+07 -6.14151e+07 -3.53289e+06  8.01243e+07  9.50752e+07 -1.75243e+07 -1.51927e+08 -5.19048e+07 -4.31357e+07 -6.68192e+07      89517.7 -4.25807e+07  4.89296e+06  2.55894e+06  2.38962e+07 -6.34272e+07  4.85447e+07 -2.26367e+07 -1.92809e+07 -1.58615e+07 -2.55225e+07 -1.10626e+08  6.57585e+07  8.19958e+07 -4.40155e+07 -5.62015e+07  1.12176e+07  8.02681e+07   1.6922e+06 -7.38536e+07  2.67078e+07  9.09122e+07  1.08515e+08  -1.2079e+08  4.00001e+07   3.1431e+07 -8.59749e+06  6.71556e+07 -5.41229e+07 -3.39747e+07 -9.80888e+07 -1.01159e+07  2.88702e+07 -3.01621e+07 -1.91998e+07  1.94475e+07 -9.93692e+07 -4.67066e+07   1.0428e+08  9.74504e+07 -4.15859e+07  1.01021e+08  4.73186e+07 -6.17596e+07     -28062.9  -1.1935e+08       189218  5.33323e+07  1.06268e+08 -1.35979e+07  1.01483e+08 -5.16634e+07 -3.74813e+07 -5.45721e+07 -2.19523e+07 -2.10972e+07 -1.36293e+07 -3.06426e+07 -1.50403e+07   1.9914e+07 -2.55433e+07  9.06573e+06  2.06423e+07  2.06788e+07 -3.91008e+07  8.59628e+07 -1.02049e+08  3.99262e+06 -3.95529e+07  1.65581e+07  9.43656e+07  2.21357e+07  -8.1365e+07 -6.27896e+07 -1.12336e+08 -4.59529e+07 -1.34312e+08 -9.46028e+06   2.7375e+07  -1.6899e+07 -1.97819e+07  4.47129e+07  8.35943e+07  3.81366e+07   9.7213e+07  2.98663e+07  9.44283e+06  3.60586e+06 -8.81284e+07   1.0967e+08  6.95086e+07 -2.42105e+07  2.52574e+07  1.32777e+07 -2.06148e+07    6.062e+06      -659521  8.49312e+07  4.75011e+06  1.21458e+07 -1.45516e+07  1.31874e+07  3.27801e+07 -3.06555e+06
-9.59042e+07  2.13967e+08 -8.11747e+07 -8.12431e+07 -5.87059e+07  1.21394e+08  1.98726e+08  1.35695e+09 -1.94192e+08  2.38702e+07  7.22672e+07 -1.14071e+08  1.47015e+08   -7.322e+07 -1.42724e+08   4.5697e+07  2.72826e+07  1.42756e+08  3.88082e+06  9.19627e+07  1.62418e+07  1.41264e+08 -2.16598e+08  8.25417e+07  3.58792e+07  3.91782e+06  4.83712e+07  1.08461e+08  6.99171e+07 -1.80982e+08  8.29014e+07  1.36752e+08   8.8186e+07 -7.39881e+07  1.32827e+07 -8.05638e+07 -1.18692e+08  1.15016e+08 -4.35268e+07 -3.48688e+06 -6.28899e+07  1.14679e+06  2.17373e+07  2.43455e+07  1.07407e+08  9.66281e+07 -5.28749e+06  4.97771e+07 -4.48722e+07  3.10433e+07  5.12051e+07 -4.38246e+07 -3.25849e+07       165580  8.00297e+07   2.5614e+06  3.02572e+07 -1.44111e+07  6.25509e+07  2.38164e+07 -2.79664e+07  8.03536e+07  3.14304e+07  1.38651e+07  -3.1313e+07  8.34176e+07     4.53e+06  -3.3849e+07  8.26366e+07  9.02027e+07  3.77766e+07 -9.08205e+07 -5.03477e+07  4.40976e+07 -3.06601e+07 -9.77522e+07 -3.64867e+07  5.08817e+07 -6.18482e+07 -1.39946e+07 -3.28631e+07  6.93299e+07  7.81457e+07  3.09828e+07 -3.29708e+07  1.18456e+08  1.30152e+07  1.36906e+07 -3.29558e+07  9.61516e+06 -7.53541e+07 -3.96928e+07 -1.07167e+07 -1.81891e+07 -1.10732e+08 -9.30538e+07  1.68684e+07 -1.45678e+07 -9.64952e+06  2.99387e+07  3.77461e+07  1.01922e+08  1.00422e+08  9.00694e+06  1.02025e+08 -9.38892e+07 -1.00271e+08 -6.29512e+07 -1.28216e+08 -2.70354e+07  3.06749e+06 -4.06315e+07  5.70845e+07 -8.64546e+07 -8.43971e+07 -2.11906e+07  8.90448e+07  1.73918e+07 -4.84997e+06  2.56738e+07  1.28495e+07  8.37167e+07 -8.84189e+07  -2.7021e+07 -5.96724e+07  2.41626e+07  1.04891e+08   5.7897e+07  4.93591e+07  9.46831e+07  -7.5832e+07  2.78772e+07  1.05308e+08 -8.21193e+06 -4.79384e+07 -1.52684e+07  5.64523e+07 -3.68291e+07 -8.69627e+07   8.2863e+07 -1.48754e+08 -4.40868e+07 -2.92038e+06   4.3184e+06  -5.1636e+07  -1.1196e+07  9.89615e+06  6.73383e+07  2.56125e+07 -2.12867e+07 -3.09831e+07 -3.40858e+06 -1.61662e+07 -5.62023e+06 -2.59779e+07  6.38717e+07  1.05377e+08  1.05482e+08  6.27221e+07  1.94893e+07 -6.70585e+07  1.33416e+07   2.3314e+07 -2.63612e+07
 2.32019e+07  4.56988e+07  1.03201e+08 -1.54472e+08  1.00515e+08  -1.5085e+07       745282 -1.94192e+08  1.15775e+09  3.68544e+07 -1.49065e+07 -1.20829e+08  5.29213e+07  2.38934e+06  -8.8364e+07 -1.24153e+07  1.07042e+08 -1.06178e+08 -1.88915e+07 -2.18072e+06  1.01563e+08 -1.17142e+08 -3.97236e+07 -7.20393e+07 -1.71895e+07 -1.75634e+07 -2.18146e+07 -2.94168e+06 -9.57731e+07  6.83517e+07 -2.64178e+07  3.52002e+07 -1.68747e+07 -8.07979e+07  1.15555e+06  1.01427e+08   3.2781e+07 -6.01336e+07 -2.36339e+07 -2.59564e+07  3.01495e+07  -4.6796e+07 -7.85207e+07 -2.33989e+07 -2.61059e+07 -1.31036e+08  7.86585e+07 -1.92815e+07  1.89205e+06      -970542  -4.4123e+07  6.00171e+06 -7.95171e+07   1.7288e+07 -3.56148e+07 -1.26421e+08 -7.88998e+07 -1.84357e+07 -3.32764e+07      -178763 -3.84876e+07 -4.78605e+07  5.69606e+07  2.72328e+07  4.53125e+07 -1.43654e+08  3.05511e+07  2.49733e+07  1.15091e+08 -1.85536e+07 -1.49705e+07 -7.66833e+07 -3.37409e+07  1.82558e+07  8.73358e+07  7.28301e+07 -1.08183e+07  4.27713e+06  1.24729e+07  2.92678e+07  -3.6877e+07  5.04554e+07  -9.5531e+07 -1.22099e+08 -3.80905e+07 -1.49968e+07  3.22397e+07 -2.58537e+07  7.19559e+07 -2.16858e+07  4.43462e+07 -1.42791e+07  8.78041e+07  9.07178e+06  2.77223e+07  1.35031e+07 -2.58733e+07  4.07087e+07 -1.37376e+08  5.59911e+07 -2.30878e+07 -3.45377e+07 -7.73471e+07  4.09512e+07 -2.26513e+07 -2.88767e+07  3.51543e+07  7.22025e+07  -2.8762e+06  2.58602e+06  6.78299e+07 -4.75678e+07  5.37012e+06  1.13858e+07 -4.21828e+07 -4.32658e+07  -1.6959e+07 -4.07381e+07 -2.98136e+06  -8.1229e+07  7.04551e+06  5.45744e+07  8.32102e+07 -4.22408e+07  6.37721e+07  2.82557e+07  1.39068e+07 -7.69326e+06   1.4069e+07 -3.86025e+07 -5.56621e+06 -1.07425e+08 -1.26418e+08  5.62478e+06 -2.89103e+07 -6.60667e+07 -1.02748e+06 -8.68424e+07  7.79237e+07  2.98971e+07  7.89176e+07  4.62743e+07 -1.06021e+07 -3.87946e+07 -1.07087e+08  8.10858e+07 -4.46282e+07 -6.96583e+07  8.69746e+07  5.95007e+07   5.3736e+07  2.61284e+06  3.71091e+07  1.80252e+07  2.70246e+07 -4.59303e+07 -2.39506e+07 -5.44912e+07 -3.87323e+07 -6.17836e+07  5.84061e+07  4.29854e+07  8.44282e+07  1.25483e+08
-1.82106e+07  5.31726e+07  7.18776e+07  1.49308e+08  8.21439e+07 -9.49663e+07 -2.88189e+07  2.38702e+07  3.68544e+07  1.19473e+09  1.77771e+07 -7.91798e+07 -6.89538e+07  4.00961e+07  -9.0553e+06 -6.47192e+07 -1.05173e+08  2.18098e+08 -7.96818e+07 -1.83113e+07 -4.66427e+07  1.01905e+08  4.89415e+07 -1.43665e+06  5.82379e+07      -448799  -7.4126e+07 -6.93952e+07 -1.91004e+08 -6.46729e+07   4.2384e+07  -2.6327e+07 -7.58841e+07 -2.54358e+07  4.77908e+07  1.10765e+08 -5.30565e+07  3.29869e+07 -8.84649e+07       603338 -7.97323e+07   1.7115e+07   7.2867e+07 -8.55668e+07  2.34731e+07   6.7129e+07 -2.06662e+07   5.5125e+07 -5.34421e+07  1.12225e+08 -2.95032e+07 -1.75149e+07  9.64792e+06  1.00091e+08 -4.13004e+07  5.30734e+06  3.98998e+07 -8.86165e+07   3.0615e+06  -8.5958e+07 -2.69102e+07 -3.82352e+07  3.58604e+07 -8.33753e+07 -5.35872e+07  1.20756e+07       684069 -1.00024e+07  9.82732e+07 -3.01936e+07   4.7124e+07 -3.97788e+07  4.73619e+07  -2.5944e+07  8.92724e+07  -2.1526e+07 -8.21958e+07 -2.46803e+07 -7.63031e+07  5.92816e+07 -2.49931e+07  4.60985e+07 -3.94143e+07  3.09819e+07   6.9186e+07  4.67978e+07 -1.80499e+07  4.63743e+07 -2.31386e+07 -3.69869e+06 -9.60592e+06  3.76991e+07 -2.89824e+07  1.88209e+08  2.23963e+07 -1.08098e+08 -4.56862e+07 -3.02506e+07  5.69859e+07 -1.00255e+08  7.49756e+06  3.24407e+07  1.50052e+07  8.38169e+07  3.74163e+07 -5.16032e+07  2.51204e+06 -3.32682e+07  6.62761e+06 -3.21182e+07  5.74106e+07 -4.79677e+07  5.84133e+07  1.53599e+07  5.37942e+07 -5.28464e+07  1.59129e+07  2.47704e+07    3.875e+07 -5.04365e+07 -8.90161e+07  7.51814e+07  -4.7375e+07 -2.83396e+07  4.30702e+07  1.74321e+07 -4.73892e+07  2.81034e+07  4.28784e+07 -3.27825e+07 -7.14413e+07 -5.05453e+07 -3.35741e+07 -4.87055e+06 -6.08356e+07   4.8132e+07 -1.13731e+07  6.39227e+06  1.14244e+07  3.37341e+07 -1.03815e+08   7.7072e+07 -1.40932e+08  1.01821e+08 -1.24379e+08  2.60736e+07  4.84599e+07 -1.77515e+06 -4.61411e+07  3.12375e+07  9.23951e+07  7.39261e+07  1.67922e+08  -5.0067e+06  2.36203e+07  5.98908e+06 -2.52546e+06 -5.92568e+07 -4.38532e+07      -394595 -7.12952e+07 -1.59659e+07   5.3205e+07  2.93017e+07
-2.62366e+07  -2.2962e+08  1.31219e+08 -1.95071e+06 -1.02728e+08 -1.45172e+08   7.1248e+07  7.22672e+07 -1.49065e+07  1.77771e+07   1.4258e+09 -6.35267e+07 -4.75914e+07 -1.72708e+08  1.82472e+08  8.85231e+07  7.17752e+07  1.40617e+08   9.9706e+07  -1.7746e+08 -7.13384e+07   1.2236e+08      -923518 -1.61198e+07   9.2995e+07  2.85155e+07  1.35008e+08 -1.01392e+07  1.29609e+07 -2.91429e+07  1.24344e+08   2.4522e+07  1.66752e+07  1.33851e+07  7.02028e+07 -1.41885e+08 -1.63569e+08  1.73763e+08 -3.14428e+07 -5.33249e+07 -1.13449e+08  2.50397e+07  -2.9092e+07 -2.20204e+07  6.99973e+07 -5.28504e+06 -4.88748e+07       176264 -1.23334e+08  1.06054e+07 -1.26422e+08  -8.0788e+07  1.85317e+07 -5.69024e+07  5.70352e+07   4.3222e+07 -2.51359e+07  3.65256e+07 -1.56214e+07  8.25693e+07 -5.89721e+07  8.18908e+06  8.16414e+07  1.13374e+08 -1.24974e+08  7.47193e+07  5.65713e+07  4.08544e+07  7.34793e+07 -5.13662e+07   9.6609e+07  4.89364e+07  -5.2362e+07 -2.65095e+07  1.65336e+07 -1.57645e+08 -4.39535e+07 -4.28811e+07  6.37932e+07  7.92428e+07 -2.25769e+07 -5.42172e+07  6.47455e+07 -1.11147e+07 -5.06665e+06  2.18612e+07    2.258e+07 -9.82033e+07 -3.24597e+07       120776 -7.52765e+07  1.52796e+07 -4.55442e+07  3.66732e+07  4.89102e+07 -5.95799e+07  2.42689e+06  1.31889e+08 -3.49309e+07  4.59067e+07  4.03391e+07 -6.36923e+07  5.00413e+07  8.41407e+07 -6.68577e+07 -4.81201e+07  8.80394e+06 -4.93824e+07 -3.55859e+07 -2.85579e+07  1.37594e+07 -5.53915e+07 -2.83077e+07 -6.45958e+07  1.13837e+07  5.19586e+07 -8.42648e+07 -6.16891e+07 -2.81122e+07 -2.39104e+07 -3.46305e+06 -5.29708e+06 -1.65091e+07  -8.6142e+07 -6.73808e+07  1.25929e+07   7.0345e+07 -4.85438e+07  2.01309e+06 -2.00459e+07 -1.70627e+07  2.94643e+07  2.16011e+07  9.81303e+07 -7.80466e+07   1.2071e+08 -1.29335e+07 -1.05335e+08 -1.61907e+08 -2.00151e+07 -1.14088e+08 -7.39238e+07   3.2739e+06  6.20968e+07 -3.90312e+07 -4.54458e+06  3.18997e+07  9.15186e+07  8.94199e+07 -2.60566e+07 -8.97407e+07  1.81699e+07 -7.00307e+07  8.24866e+07 -8.01681e+07  7.25375e+07  2.92616e+07  1.08014e+07  -6.1268e+07  5.31393e+07 -4.98261e+07 -4.84006e+07 -3.94315e+07 -1.18156e+08
-3.76761e+07   1.3256e+08 -6.67225e+07 -4.35729e+06 -7.46704e+06  3.39113e+07 -6.35539e+07 -1.14071e+08 -1.20829e+08 -7.91798e+07 -6.35267e+07  1.22262e+09 -1.26367e+08  2.70462e+06 -2.44346e+07   4.7434e+06 -3.34871e+07 -1.02742e+08 -4.61014e+07 -2.97417e+07 -2.12781e+07  3.88404e+07 -5.78757e+07 -3.27512e+07 -3.45413e+07  1.22898e+08  1.75431e+07 -9.43748e+07 -1.80298e+07 -4.91232e+07  3.01469e+07 -6.10701e+07  2.27359e+07 -7.05824e+07 -6.56057e+07  1.50301e+07       979439 -4.16553e+06  1.11473e+08 -3.08066e+07  9.48089e+07 -1.18583e+08  9.14419e+07  3.86107e+07 -1.48775e+08  1.35845e+08  5.13942e+07  -4.2068e+07 -9.28122e+07  2.80617e+07  2.72461e+07  1.79063e+06    3.893e+07  3.39799e+07 -1.08146e+07 -3.94791e+07  7.01905e+06  6.66178e+07 -8.28545e+07  2.08779e+07  1.17271e+08  4.59713e+07  5.26859e+07  5.85859e+07  2.80061e+07  7.66609e+07   4.6494e+06  8.58578e+07 -3.23267e+07 -3.81827e+07 -2.85653e+07  4.03595e+07 -8.10767e+07   4.1001e+07  1.08321e+08  -2.4528e+06  1.33574e+08 -4.01751e+07  1.42342e+08 -7.86108e+06 -4.40993e+06  1.27663e+07 -6.48385e+06  3.31686e+07 -7.29624e+07 -1.65917e+07 -3.04036e+07 -3.24225e+07  1.24551e+08 -1.12503e+07  2.97999e+07 -3.74579e+07 -4.55879e+07 -2.57327e+07  3.87535e+07 -1.93969e+07 -9.72754e+07  -4.6874e+07 -2.74563e+07 -4.80388e+07  9.22831e+07 -1.34305e+08 -1.77999e+08 -6.30338e+07  7.19539e+07  6.53419e+07   5.0538e+07 -2.54688e+07  4.94786e+07 -7.88628e+06 -2.31614e+07  1.64897e+07  3.96186e+07  2.36496e+07  2.71291e+07 -1.26369e+07   -4.896e+07  9.87517e+07  4.79105e+07 -3.21407e+07  7.63249e+06 -7.86134e+07 -2.34734e+07 -3.77836e+07  1.20732e+07 -4.93971e+07 -1.60782e+07  5.15078e+07 -8.25831e+07 -1.02723e+08  4.75883e+07  7.78456e+07  7.11608e+07  4.55293e+07  5.60007e+07 -1.18406e+07 -5.33521e+07  5.12573e+07  7.91292e+07  1.54177e+08 -7.17709e+06  2.09528e+07 -2.29903e+07  1.95686e+07  4.59597e+07  1.52169e+08 -2.48626e+07 -2.66279e+07 -5.87449e+07  -8.6994e+07  -6.4468e+06 -9.08004e+06  5.32729e+07 -9.54866e+07  3.08505e+07  1.65223e+07 -2.40736e+07  1.05482e+07 -6.28198e+07 -1.49091e+07  1.67065e+07 -6.10587e+07 -8.97681e+07 -3.26109e+07
-1.13316e+08  1.90108e+08  -1.9915e+08  1.19769e+06  1.12198e+07  2.96674e+07  3.09924e+08  1.47015e+08  5.29213e+07 -6.89538e+07 -4.75914e+07 -1.26367e+08  1.52479e+09 -3.26086e+07  -2.4231e+08 -3.51347e+07  9.34081e+07 -4.00117e+07  1.48513e+08  6.76995e+07 -1.22516e+07  2.83582e+07  -7.5555e+07  5.46148e+07 -2.98814e+07 -1.20005e+07  2.15708e+08 -5.78268e+07 -3.60738e+07  2.39899e+06  4.84315e+07   1.4514e+08   1.1329e+07 -8.73381e+07  4.64039e+07 -6.42096e+07  6.63848e+07 -8.65541e+07  6.84576e+07 -4.70354e+07 -1.06522e+08  8.55236e+07 -4.91796e+07  1.49571e+08 -7.94963e+07 -5.93224e+07  1.27099e+08 -3.82793e+07 -7.13372e+07      -621101  3.59944e+07 -4.37762e+07  4.00682e+07 -2.65517e+07   6.1873e+07 -5.17114e+06 -1.50189e+08 -5.18131e+07  1.84842e+07 -1.43445e+07 -1.49672e+08 -8.80145e+07 -9.97813e+07  -7.3173e+07  6.75533e+06 -9.61848e+07  9.92911e+07 -2.27588e+07 -1.11254e+07  7.24873e+07 -2.05791e+07 -6.16229e+07  5.33099e+06  3.32081e+07 -7.01135e+07  1.25377e+07  1.26864e+08  9.34177e+07 -4.87582e+07  7.51861e+07  6.80761e+07  1.19741e+07  8.56832e+07 -3.58075e+07  1.85524e+07  1.88796e+07  4.35615e+07  1.62037e+07  2.15368e+07 -6.50154e+07 -1.60542e+07  -4.3035e+07 -5.03515e+06 -7.87528e+07  3.23115e+07  6.29233e+07  1.00003e+08 -3.48462e+07 -6.19105e+07   3.8599e+07  5.43484e+07  5.56556e+07 -1.16347e+07  1.20419e+08 -2.55473e+07 -3.27149e+07  5.32905e+07   5.7768e+06  4.10173e+07  7.09822e+06  2.44738e+07  4.43978e+07 -1.91414e+07  6.65649e+06 -3.63594e+06    -4.18e+07  6.02266e+07 -5.58884e+07  -1.4027e+08  9.21853e+07  2.15835e+07  3.70712e+07      -476345 -1.15766e+07 -1.01373e+08 -4.43379e+07  9.04529e+07 -4.63241e+07  4.63557e+07    1.202e+08  5.07388e+07  1.39965e+07 -5.40793e+07  1.38598e+07 -1.56237e+08 -2.27795e+07  -5.2717e+06 -3.57855e+07 -4.88242e+07 -3.87115e+07  9.70622e+07 -3.96481e+07  4.87807e+07  8.59221e+07  3.82886e+07 -8.57461e+07 -1.66263e+07 -1.27472e+07  6.53367e+07  9.59579e+07  8.53599e+07 -1.38211e+07  6.24293e+07 -9.91338e+07 -2.02039e+07 -7.38049e+07 -5.52453e+07 -1.49478e+07  6.80564e+07 -4.79692e+07  4.76549e+07 -4.55767e+07  2.73786e+07   3.1425e+07
  3.7176e+07 -1.26077e+08 -9.01045e+07 -4.77824e+06  5.80765e+07 -1.05848e+07 -1.46315e+08   -7.322e+07  2.38934e+06  4.00961e+07 -1.72708e+08  2.70462e+06 -3.26086e+07  1.21627e+09  5.97655e+07 -5.67619e+07  2.50048e+06 -3.29364e+07 -3.44557e+07  1.19848e+08 -7.95114e+06 -1.66054e+07  1.24458e+07  2.93838e+07  5.80631e+07  2.89845e+07 -1.42825e+08  4.89907e+07  1.56245e+08  6.10129e+07 -8.89354e+07  3.95136e+07 -1.38858e+08 -3.88144e+07 -3.40372e+07  3.36424e+07 -1.12781e+06 -1.37138e+08 -9.37549e+06  1.01654e+08  1.28127e+08 -1.29852e+07  3.57591e+07 -9.03138e+07 -5.10757e+07  2.86976e+07 -1.05448e+08  5.22057e+07 -8.05454e+07  2.48283e+07 -4.64688e+07 -5.84398e+07  3.99215e+07  9.27815e+07 -7.18613e+06   1.3982e+08 -3.38796e+07   2.4947e+07  9.15434e+07 -1.15948e+07 -6.89144e+06  3.75921e+07  1.44476e+07 -7.92834e+07  3.37035e+07 -5.17428e+07  1.34123e+07  1.89282e+07 -9.68299e+07   2.3539e+07 -8.00579e+07  6.21555e+07  2.86595e+07 -4.36071e+07  8.81791e+06  1.54184e+07 -4.81515e+07  2.22996e+07  5.81003e+07 -4.46432e+06  4.33475e+07  6.98253e+06 -6.38912e+07  6.81148e+07  2.72373e+07 -3.96326e+07  1.06191e+08  3.36014e+07 -3.51891e+07  3.64649e+07 -5.29964e+07  1.04124e+08  5.93254e+07 -5.04836e+07  5.89222e+07  6.51946e+07  9.06402e+07 -5.13112e+07  5.56318e+07  -5.9932e+07  3.42086e+07 -1.77821e+07 -2.56449e+07  2.20669e+06  2.61798e+07  1.78154e+07  4.08803e+07 -3.79918e+06 -6.04542e+07 -2.30031e+07  7.25442e+07 -4.45193e+07 -9.22277e+06  9.71119e+07 -4.18844e+07  -2.0626e+07  8.01804e+07  3.86304e+07 -1.08785e+07 -9.62869e+07 -6.46755e+07 -1.87611e+06 -4.96105e+06  1.04757e+08  6.19729e+07 -8.68482e+07 -2.88787e+07  1.08265e+08  3.09449e+07 -3.60234e+07  9.97509e+07  1.22395e+06  -4.2305e+07 -2.15408e+07  -6.4843e+07 -9.14007e+07 -4.98448e+07  1.05779e+07  1.42298e+08 -8.72591e+07  6.09873e+07  4.77505e+07  1.01826e+07  5.30054e+07  4.30105e+07  1.48504e+07 -8.83916e+07 -7.63435e+07 -8.51465e+07  1.11245e+07 -4.30745e+07 -2.59231e+07 -5.24276e+07 -1.72711e+07  2.60063e+07 -4.04855e+06 -3.29203e+06  1.26234e+07 -7.05579e+07  1.37412e+07  5.73917e+07 -5.65824e+06 -4.67198e+07 -2.96533e+06
 1.27732e+08 -4.16622e+08  2.99234e+08 -3.11361e+07 -1.76232e+07 -2.60188e+07 -2.97131e+08 -1.42724e+08  -8.8364e+07  -9.0553e+06  1.82472e+08 -2.44346e+07  -2.4231e+08  5.97655e+07  1.53998e+09 -7.50541e+07   6.1958e+07  1.92752e+06  6.05881e+06  1.31553e+08  8.01177e+06  1.85087e+07 -8.17634e+07  2.62727e+07 -2.77266e+06  6.24519e+07  2.04567e+07  4.25972e+07 -4.64231e+07  1.03325e+08 -8.66239e+07  -1.8146e+08 -5.83992e+07  1.25632e+08  1.89277e+07  1.23649e+08 -1.26419e+08   2.2639e+07 -8.07105e+07 -9.82683e+07 -8.18311e+07  7.77728e+07  3.69027e+07 -1.33215e+07  1.25586e+08 -1.23134e+08 -7.83943e+07  7.84758e+07  -1.2578e+07  4.82198e+07 -1.49472e+08 -5.14055e+07  -7.2678e+07 -1.20038e+08   -5.675e+07  6.41952e+07 -2.92126e+07 -2.77046e+07 -1.04894e+08  -4.5926e+07 -7.41792e+07  4.84471e+07  2.87506e+06 -7.23799e+07  1.49339e+07  8.97209e+07 -5.81594e+07  1.05387e+08  2.04519e+07 -3.19879e+07 -2.66608e+06  2.25679e+07 -5.65746e+07 -7.59355e+07  2.06175e+07  2.26856e+07 -4.28428e+07       462605 -4.04202e+07  1.33265e+08   5.7432e+06 -1.18706e+08 -4.28389e+07  1.86914e+08  -2.1357e+07  1.30338e+08 -1.91958e+07 -2.38572e+07 -1.69372e+08 -4.71354e+07  1.14086e+08 -2.91172e+06 -9.86091e+07  1.63462e+06  1.00487e+08  3.77201e+07  5.62076e+07  8.02134e+07  1.41786e+07  4.68487e+07  1.90922e+07 -4.52404e+07  5.82318e+07  1.34009e+08  2.54667e+07 -9.47491e+07 -1.37689e+07   5.9184e+07  -1.0979e+08 -7.61253e+07  2.12074e+07 -8.33162e+07  4.49347e+07  7.46004e+07  4.86428e+07 -2.64192e+07  -9.1537e+06 -1.12423e+07  3.19083e+07  6.52851e+06  3.07525e+07  3.36589e+07 -1.96619e+06 -1.23316e+07   1.4559e+08 -3.52274e+07  7.81456e+07 -3.54604e+07  5.30333e+07 -1.81703e+07 -3.91594e+07 -3.03275e+07  5.19313e+07  1.03496e+08 -4.10879e+07  5.25123e+07   6.3632e+07  -8.5735e+06  1.20304e+07 -4.43732e+07 -2.96687e+07  9.28358e+07 -1.81439e+07  1.23084e+07  4.01973e+07  9.07194e+07  1.01147e+08 -5.95306e+07    4.097e+07  -5.5529e+06 -7.42525e+07 -4.94219e+07 -8.91359e+07 -5.98051e+07  5.89184e+07 -7.19875e+07  6.98907e+06 -5.72133e+07 -4.79212e+07  9.83764e+07  3.56467e+07   6.3457e+06       916435 -7.93059e+07
 -5.4287e+06  5.94694e+07  -5.0312e+07  1.55097e+08  1.11373e+08      2.3e+06   4.4704e+07   4.5697e+07 -1.24153e+07 -6.47192e+07  8.85231e+07   4.7434e+06 -3.51347e+07 -5.67619e+07 -7.50541e+07  1.26727e+09  1.44702e+07 -1.92452e+07 -1.47238e+07  2.84011e+07  3.87406e+07  5.00614e+07  7.80781e+07 -4.76024e+07 -5.17298e+07  1.04409e+07  -5.5874e+07 -4.09168e+07 -1.07563e+07 -4.16581e+07  2.94961e+07  -2.5535e+07 -4.53173e+07  -3.3652e+07 -3.46541e+07 -8.89764e+07   7.2309e+07 -1.32066e+06 -8.20415e+07 -6.54433e+07  3.20307e+07 -9.39658e+07  1.24233e+08 -5.25361e+07  1.11641e+07 -6.05872e+07  1.62037e+08 -3.18165e+07 -6.47095e+06 -1.46935e+08 -8.31423e+06  9.81066e+06  2.03377e+07  2.68404e+07 -4.37208e+07 -2.03868e+07  2.33844e+07  3.13689e+07 -1.29797e+08 -5.49568e+06 -2.57113e+07  2.02083e+07  6.08242e+07  4.89592e+07  3.55939e+07  6.59781e+07  2.69825e+07       104895  7.69552e+07  3.65421e+07  7.91163e+07 -1.02578e+08 -2.78797e+07  4.33574e+07 -4.61157e+07  1.71232e+07 -4.32537e+07 -7.75936e+07 -7.98047e+06 -1.14079e+07 -8.72536e+07 -4.26139e+07 -4.16795e+06   1.0871e+07  -9.4072e+07  1.10556e+08 -5.33548e+07 -5.22203e+07  3.21099e+07 -7.12187e+07  2.41906e+07  1.01029e+08 -3.67619e+07  -3.6026e+06  6.71824e+07  1.04264e+08  -4.8038e+07 -8.47716e+06 -7.79571e+07  7.50421e+07 -9.41866e+06 -1.74404e+07  4.42048e+07 -3.22055e+07 -4.49276e+07  7.04122e+07  7.07868e+07 -8.22496e+07 -6.42217e+07 -3.79508e+07  3.03325e+07      33572.1   1.0951e+07 -8.31844e+07  2.56732e+07  1.01744e+08  3.37954e+06 -5.84813e+07  1.40825e+07 -4.79264e+06 -1.62487e+07 -3.96457e+07  3.53565e+07  -7.3426e+06  2.93177e+07 -3.85533e+07  -4.3978e+07  3.01548e+06  1.02751e+08 -2.49783e+07 -2.83658e+07 -1.35312e+07       541703  2.37468e+07 -1.42808e+07  7.61292e+06  1.52561e+07  7.92431e+07 -1.00866e+07  3.14675e+07  9.24252e+06 -2.01389e+06   1.7165e+07 -3.76477e+07 -5.59829e+07 -3.76447e+06 -1.49116e+07  7.26633e+07 -5.19849e+07 -3.31787e+07 -1.31555e+08  7.23367e+07   5.4081e+07  1.68649e+07   2.2645e+07  3.03618e+07  7.44183e+06 -4.13989e+07  -3.3607e+06  2.63811e+07   5.8823e+06 -2.34731e+06  4.80946e+07 -1.65226e+07
-4.74511e+07  -8.6286e+06  3.30587e+06   6.6052e+07 -2.89974e+07 -3.04257e+07  6.85872e+07  2.72826e+07  1.07042e+08 -1.05173e+08  7.17752e+07 -3.34871e+07  9.34081e+07  2.50048e+06   6.1958e+07  1.44702e+07  1.23483e+09 -1.16664e+08  1.03704e+08   1.1441e+08  1.11003e+08  2.12375e+07 -1.27721e+07  4.86736e+07  2.50764e+07   8.5409e+07  1.21797e+08  1.62923e+07  9.04666e+07  1.17015e+07  3.17839e+07   3.3464e+07  1.19618e+08 -3.77907e+07  1.12627e+07 -1.19497e+07  -1.5654e+06 -6.34962e+07 -1.26446e+08   7.9028e+07   7.4733e+06       908734   3.7604e+07 -9.88366e+07  2.62804e+07   2.3162e+06  3.73985e+07  8.83461e+07 -1.99837e+07 -4.48066e+07  1.19937e+08  -4.7524e+07  2.13729e+07 -4.47765e+06 -9.74318e+07 -4.81608e+07 -1.47565e+08      -247319  1.85067e+08  3.21452e+07 -8.87272e+06  3.25433e+07  8.19933e+07 -1.15237e+07  1.76987e+07  2.10555e+07  6.99588e+07  2.97863e+07 -5.57506e+07 -8.71357e+06  1.22534e+07  8.63687e+07  -5.3725e+06  4.68002e+07 -7.15843e+06 -1.18545e+08 -1.23394e+08  5.88629e+07  6.85697e+07  -1.8852e+07  5.58533e+06 -6.07123e+07 -9.95822e+07  6.15219e+07 -6.46071e+06  8.15292e+07  1.27489e+07 -7.99177e+07 -5.49469e+07 -5.36843e+07 -1.19464e+07 -1.06218e+08  3.05018e+07  1.03899e+08   7.2248e+07 -1.27671e+07  6.19114e+07  9.25804e+07  1.31445e+07   4.2291e+07 -7.81731e+07   3.7763e+06  5.04452e+07  5.23849e+07 -6.76354e+07 -7.33242e+07  8.28667e+07 -3.22026e+07 -9.74279e+07      84009.4  3.05206e+07 -9.24121e+07  -2.7786e+06 -1.57531e+07 -6.51331e+07  6.70071e+07   6.1423e+07 -5.06274e+07 -1.15023e+08  4.73024e+07  1.40473e+07 -1.77266e+07  1.92543e+07  2.86761e+07  6.51902e+07 -2.72914e+07  2.69054e+07  2.22399e+07  1.08396e+07   3.7087e+07 -3.84385e+07 -6.63486e+06  3.47598e+07  2.35048e+07 -1.72045e+07 -2.13699e+07  5.25294e+07 -1.34695e+06 -5.96844e+07  2.57857e+07 -1.70989e+07  7.47258e+07 -3.36255e+07 -4.45475e+07  1.07064e+08 -5.71337e+07 -4.97268e+07  5.34973e+07  1.16656e+08  6.42652e+06 -7.99008e+06 -8.00675e+07 -1.16039e+07 -7.42603e+06  -2.0792e+07  6.80817e+07  6.75293e+07  7.57635e+07   8.6198e+06 -1.72602e+07   7.3656e+07 -1.25247e+07 -2.20713e+07  2.22941e+07
 4.16966e+06 -4.35316e+07  9.85382e+07 -3.80826e+07 -1.06979e+07 -7.71846e+07 -4.42172e+07  1.42756e+08 -1.06178e+08  2.18098e+08  1.40617e+08 -1.02742e+08 -4.00117e+07 -3.29364e+07  1.92752e+06 -1.92452e+07 -1.16664e+08  1.25775e+09  7.07309e+07  2.30411e+07  -6.7521e+06 -1.05684e+06   7.8182e+06  9.16007e+07  7.13325e+07 -7.46642e+07   3.3051e+07 -8.02528e+06  1.84828e+07 -1.26605e+07  4.22432e+07 -7.68314e+07 -1.95725e+06  2.12583e+07  1.10697e+08 -5.23332e+07    2.702e+07  1.04607e+08 -1.24212e+08 -1.10349e+07  -9.0123e+06 -1.91128e+07  2.92454e+07  2.53347e+07  2.90676e+07  1.36149e+08  3.32431e+07 -1.10611e+08  1.90103e+07 -4.31415e+07 -1.07284e+08 -6.81162e+07  -1.1116e+08  1.03906e+08  2.93358e+07   5.0596e+07  8.69942e+07  5.75893e+07 -2.55487e+07 -3.10947e+06 -3.63257e+07 -1.33781e+07  2.25549e+07 -9.24361e+07 -9.81322e+07 -2.78806e+07 -1.12181e+08 -1.01272e+08  -2.8713e+07  2.34563e+07   7.7382e+07  3.78638e+06 -1.90297e+07  4.74058e+07  3.98104e+07 -9.42978e+07 -5.64245e+07 -9.60072e+07 -2.82374e+06  1.44426e+08 -1.19598e+07  4.66584e+07  3.23486e+07  5.66317e+07  3.42019e+06  1.69376e+07 -2.00895e+07   2.1522e+07 -5.73075e+07  3.69813e+07 -1.33194e+07  7.42441e+07  1.01572e+08  5.94883e+06 -8.00798e+07 -6.62554e+07 -1.18165e+07 -2.43437e+07   1.8982e+07 -7.09098e+07  2.09859e+07 -4.61582e+07 -8.51598e+06  6.35753e+07  7.12356e+07  1.67018e+07   3.5875e+07 -5.45762e+07   1.2163e+08 -3.56807e+07 -2.41705e+07 -1.33663e+07  3.21613e+07 -4.96104e+06  5.89902e+07 -3.54255e+07  4.01812e+07 -2.83017e+07 -3.50229e+07 -1.29558e+08  5.01957e+07  7.82179e+07  1.51872e+07  3.18384e+07 -4.88679e+06 -3.96177e+07  6.20235e+06   4.9185e+07  5.18436e+07  8.57038e+07 -9.90861e+06 -2.77949e+07  7.57504e+07  4.79901e+07   1.3083e+07  3.36882e+07 -9.76998e+07  -7.5388e+07 -5.48451e+07  3.47765e+07 -8.05596e+07 -5.99881e+07 -1.28243e+07  1.09164e+08 -1.38967e+08 -9.25726e+07  3.63012e+07  9.35878e+07  5.74954e+07  2.27493e+07 -1.14722e+08 -2.76156e+06  6.96745e+07  4.03317e+07  7.31731e+06  3.08247e+07  2.11637e+07  2.00618e+07 -1.59618e+07   1.3794e+08 -9.22847e+07 -2.94266e+07    8.304e+07 -5.52727e+07
