 2.45301e+15 -3.29567e+15  1.09122e+15 -6.02058e+14  4.52915e+14 -6.27479e+14 -2.89482e+15 -1.71592e+15   4.1514e+14 -3.25915e+14 -4.68589e+14 -6.73901e+14 -2.02783e+15  6.64932e+14  2.28596e+15   -9.761e+13 -8.48618e+14  7.43381e+13 -5.57155e+13 -1.22634e+14 -5.93082e+13 -2.05045e+14 -3.71432e+14 -2.09539e+14  2.21021e+12 -1.02963e+14 -1.07367e+14  -7.5327e+11   6.5681e+12  7.79655e+14 -5.85108e+14 -4.51976e+14 -5.17802e+14  3.68308e+14  3.06533e+13  2.86503e+14  3.08797e+14 -3.05485e+14 -1.60078e+11 -2.95528e+14  9.53283e+14   9.4217e+13  8.40053e+14  1.05718e+14  8.80138e+14 -5.60112e+14  1.25704e+14  1.82242e+14  7.76897e+14 -6.23157e+13 -9.15659e+14  1.43278e+14 -5.57433e+14 -7.40297e+14 -9.33805e+14 -2.34089e+13  8.15652e+14 -5.82982e+12 -1.09649e+14   4.4396e+14 -6.16095e+13  3.76139e+14 -3.92648e+14 -2.21628e+14  2.72557e+14 -4.83459e+14  -3.9494e+14  1.45835e+14  1.97195e+14 -1.24041e+14  5.77889e+14 -6.99978e+14  2.20987e+13 -1.39654e+14  3.32218e+14  6.38987e+14 -6.45976e+14 -1.24625e+15 -2.88896e+14  1.17644e+14 -1.20559e+13  2.81288e+14 -5.21083e+14  4.36388e+14 -9.13793e+13   3.7756e+14  2.57107e+14  3.11433e+14 -3.16372e+14  4.29242e+14  3.17935e+13  1.20693e+14 -2.42362e+14  -1.2678e+14  9.99261e+13  4.12779e+14  6.62156e+14 -5.84828e+13 -7.69442e+13  3.72525e+14   2.4795e+13  1.22079e+14 -5.99451e+13  2.83815e+14  -2.0495e+14  4.89878e+14  1.92394e+14 -2.61313e+14 -8.76152e+14  3.29634e+14  2.35691e+14  1.61787e+14  5.15244e+14  7.93525e+14  5.17553e+14  -3.1119e+13 -9.96612e+12  5.92791e+14  3.08968e+14 -2.35786e+14  5.44072e+14 -1.16811e+14 -7.20059e+14  5.35479e+14  2.42388e+14 -1.90087e+14 -1.77962e+14  3.71694e+14 -8.48104e+14 -1.90194e+14  8.11197e+13 -1.96877e+14 -4.46733e+14  6.31087e+14  3.03392e+14  2.68981e+14 -8.85069e+13  2.56642e+14  4.30506e+14 -3.09981e+14  5.70677e+14  9.59243e+13 -3.26293e+14  1.59874e+14 -1.11625e+14 -1.30968e+14  5.77433e+14 -4.14044e+14  1.90767e+14 -8.95806e+13 -4.85872e+13 -6.21592e+14 -1.00649e+14 -2.41316e+14  5.26348e+14 -3.75081e+14 -4.46466e+14 -2.75447e+14 -3.50998e+14  2.02102e+14  3.72746e+14  1.56322e+14 -1.30803e+14 -1.39091e+13
-3.29567e+15  2.31424e+16  -4.0833e+15  4.38043e+15  2.91841e+15  2.21618e+15  8.51559e+15  3.83065e+15  8.17994e+14  9.51166e+14 -4.10585e+15  2.37101e+15  3.40545e+15  -2.2537e+15  -7.4578e+15  1.06473e+15 -1.52074e+14 -7.78886e+14 -5.26829e+14 -1.72526e+15  8.20525e+14 -3.38882e+15  9.86766e+14 -2.12407e+15  2.89589e+14  2.27714e+14  3.80355e+13  8.22512e+13 -1.51376e+15 -4.61307e+14  4.33738e+14  7.84429e+14  4.40248e+14 -1.62938e+15 -2.35479e+15  4.09181e+13  9.92784e+13  8.48924e+14 -9.48378e+12  9.66596e+14 -1.51301e+15 -4.93113e+13 -2.26381e+15  2.52194e+15 -1.53884e+15 -5.13359e+14  1.00412e+15  2.81982e+14  3.48102e+13 -1.62654e+14  2.43094e+15  2.37607e+15  7.43809e+14  1.46194e+15  1.29162e+15 -1.59338e+15 -4.32069e+14 -2.46524e+15 -4.39874e+14 -7.14746e+14  1.39205e+15 -2.12158e+15   3.0036e+14  1.28553e+15 -8.01501e+14 -1.83271e+15 -1.47288e+14 -2.56861e+15  2.03974e+14 -2.33953e+15 -8.98251e+14  6.24622e+13 -1.40497e+15  4.00922e+14  -1.1637e+15 -2.81377e+14  7.61142e+14  5.92772e+14  7.27539e+14 -9.56663e+14  9.26932e+14 -1.33131e+15 -1.23072e+14 -1.90156e+15  1.29272e+15 -6.98422e+14  3.07029e+14  1.00344e+15 -1.28613e+14 -1.93974e+15 -4.52689e+13 -6.42583e+14  1.30487e+15 -2.56844e+15 -3.34479e+14  5.28984e+14 -1.98976e+15  -1.4848e+15  1.39671e+15 -5.86787e+14  9.54785e+13  4.60851e+14 -5.05734e+14 -1.35564e+15  7.06895e+14  5.74299e+14  7.24411e+14  -1.2022e+14   2.4293e+15 -1.61644e+15  8.09858e+14  6.11661e+14 -7.53178e+14 -8.75365e+14 -1.45497e+15 -1.12957e+15  7.36716e+14 -1.18342e+15 -1.51064e+14 -3.95244e+14 -9.68575e+14  1.78511e+15 -1.45878e+14 -8.90476e+14  3.13314e+14  3.88064e+14  -3.4475e+13 -7.40283e+14   1.5014e+14  1.74106e+14  9.25276e+14  1.77102e+14  -1.1029e+15 -8.55866e+14 -6.48689e+14 -2.00645e+15 -9.99269e+14  5.41753e+14  1.32298e+15  1.41542e+15  2.13231e+14  2.46703e+15 -1.75378e+14 -2.02583e+13  1.08045e+15  6.93062e+13 -1.99427e+14 -2.62001e+13 -1.68914e+15 -1.31114e+14  5.74076e+14  1.35833e+15  8.75263e+14 -2.08974e+14 -9.15044e+14  4.75334e+14 -7.82704e+14 -9.81944e+14  7.84267e+14  -1.2242e+15  1.61286e+14 -6.58353e+13  2.88753e+14  7.73715e+14
 1.09122e+15  -4.0833e+15  1.74708e+16 -2.35868e+14  8.58507e+14 -1.91956e+15 -2.97774e+15 -1.45243e+15  1.84523e+15  1.28423e+15  2.34698e+15 -1.19296e+15 -3.56379e+15 -1.61156e+15  5.35528e+15 -8.99141e+14   5.8815e+13  1.76175e+15 -7.69884e+14 -5.92494e+14  9.74919e+14 -2.74765e+14  -1.1386e+14 -2.69087e+14  7.15296e+14  8.45408e+14  2.68503e+14 -4.72617e+14  -4.0314e+14  2.11449e+15  2.01241e+14  3.69658e+14 -6.17834e+14  1.55367e+15 -4.95576e+14 -4.79431e+14  6.24699e+14  9.59177e+14  -1.5201e+15  6.08946e+14 -3.78748e+14   8.2442e+14  3.08888e+14 -4.04053e+14  1.63487e+15   1.1603e+15 -6.48752e+14 -2.72587e+14 -3.72783e+14 -4.84688e+14 -7.77614e+14 -6.71756e+14 -6.80724e+14 -7.06365e+14 -2.41538e+15  9.64815e+14 -3.10391e+14 -7.43244e+14  8.55609e+14 -9.71811e+14 -5.24879e+14 -5.98551e+14  3.55759e+14 -2.14124e+15  4.20984e+14 -3.07149e+14   2.1958e+13 -4.65024e+14  1.20422e+15 -8.84583e+14  1.41948e+15 -5.00141e+14  8.11618e+14   -1.474e+15 -9.15787e+13 -5.30809e+14 -2.45589e+15 -3.11546e+14 -6.24447e+14  5.63659e+13 -1.28454e+14  1.42861e+14  1.34756e+13 -1.90212e+14  5.72311e+14   7.9675e+14 -1.03135e+14  9.85431e+14 -3.03813e+15  4.81795e+14  9.86651e+14 -1.72965e+14 -2.51851e+14  1.25588e+15  7.44681e+14 -6.21485e+14   -5.079e+13  1.59549e+15  1.28867e+15 -5.60424e+14  -1.4967e+15 -3.52902e+14  3.63213e+14  1.05607e+15  5.88067e+14  1.23583e+15 -4.61648e+14 -1.00086e+15 -5.59595e+13 -6.42358e+14  -6.7911e+14  -4.2097e+14  1.60129e+15 -7.28004e+14 -3.95908e+12 -1.35633e+14  1.02117e+15 -4.65413e+14 -1.01639e+14 -1.43633e+15   1.3663e+14 -2.87831e+14  9.36845e+14   1.2339e+15 -1.54167e+13   1.6734e+15 -1.54793e+15  7.22533e+14 -8.28375e+14  1.48299e+14 -1.95496e+15 -1.05759e+15  1.07826e+14  7.98968e+12  1.22729e+15  1.69368e+14  5.56685e+14  1.41567e+15 -7.53869e+14 -1.18605e+15 -1.37968e+15  1.38766e+14  9.64515e+14 -9.92998e+14  6.82179e+13 -8.99587e+14  6.88261e+14  1.96398e+14  1.67438e+15  7.98379e+13 -1.62968e+14  -4.2929e+13 -1.05974e+15  5.37433e+14  1.33376e+15 -1.78999e+15  1.78538e+14 -4.20114e+14 -5.45564e+14  4.54871e+14  6.96946e+14 -1.02471e+14  3.91441e+14 -8.27791e+14
-6.02058e+14  4.38043e+15 -2.35868e+14  2.22303e+16  3.19902e+15  1.77253e+15  1.75951e+14 -1.45081e+15 -2.76202e+15  2.67245e+15 -3.57512e+13 -7.62581e+13  2.27931e+13 -8.50767e+13  -5.5808e+14  2.77504e+15  1.18005e+15 -6.80121e+14  8.98936e+14 -9.67146e+13 -9.26689e+14  -3.9211e+14  6.00902e+14  4.90248e+14 -1.22735e+15  7.50741e+14 -1.13268e+15 -2.56533e+15 -3.57064e+14 -1.47737e+15  5.36685e+12 -8.65101e+14 -2.22095e+15  1.58282e+14  -4.8837e+14 -1.44699e+15 -1.85781e+14  1.61368e+15 -1.43454e+15  1.58786e+15  -8.4648e+14  1.05613e+15  4.02656e+14 -1.01917e+15 -5.26981e+14 -1.45116e+15  5.13491e+14  3.51436e+14  4.27689e+14 -6.07134e+14  4.51992e+14  1.97115e+15 -7.03296e+14  -3.6073e+14 -5.73648e+14  1.12282e+15  1.52814e+14 -8.29772e+14 -1.19323e+15 -1.03445e+15  1.39591e+14 -3.44385e+14 -6.93819e+13 -3.90603e+14 -2.15374e+15 -2.25188e+14  2.95309e+15 -2.06946e+15  -5.1616e+14 -7.14308e+14 -3.06323e+14  9.82605e+14 -1.25807e+15  6.94831e+14 -1.32607e+15 -2.02864e+15 -3.27664e+14  1.57897e+15 -1.54433e+15 -2.66941e+14 -1.18271e+14 -8.84619e+14  1.67562e+14  4.83481e+14  1.56354e+14   8.6378e+14  1.19253e+15 -1.44268e+15  8.37553e+13 -2.70543e+15  8.96322e+14  5.91776e+14  7.81242e+14 -1.25281e+14  2.01734e+15  1.26126e+15  3.00112e+13  1.55224e+15    4.189e+14 -7.22148e+14  1.36825e+15  1.80436e+15   5.6224e+14 -3.76961e+14 -8.63939e+14  2.58781e+15  1.15713e+15 -1.45537e+15   2.4316e+15 -1.56377e+15  6.58214e+14 -3.26387e+14 -1.09841e+15  3.25638e+13 -3.76523e+14  2.34409e+15  1.46314e+15 -7.19187e+14  4.31495e+14 -3.57999e+14 -3.12817e+14  6.12679e+14  2.13857e+15 -4.27034e+14  6.87779e+14 -2.56286e+15  2.78951e+14 -9.86899e+14  4.89869e+14 -1.35587e+15  9.29188e+14  -5.6177e+14 -1.29976e+15 -7.15007e+14 -4.00702e+14 -1.38226e+15 -2.57957e+13 -5.59233e+14  8.67527e+14  3.15051e+14 -5.80459e+14   6.2566e+14  5.13047e+13   3.3441e+12  8.43669e+14 -1.73323e+15 -1.35251e+15 -3.49937e+13 -9.98717e+14 -2.52765e+14 -6.16996e+14  6.16902e+14 -1.65657e+14  1.75081e+14  5.10673e+14 -2.73871e+14  2.23159e+13 -2.99434e+14   6.5196e+14 -8.10976e+14 -6.10246e+14 -1.78107e+15  2.74509e+14 -1.17818e+15
 4.52915e+14  2.91841e+15  8.58507e+14  3.19902e+15  1.71214e+16 -2.64252e+15 -9.69297e+14 -1.04899e+15  1.79801e+15  1.46808e+15 -1.83684e+15  -1.3371e+14   2.0184e+14  1.03857e+15 -3.16057e+14  1.99185e+15 -5.17504e+14 -1.90661e+14 -2.63977e+14  8.49862e+14 -7.05524e+14 -1.10475e+15  1.07791e+15  -2.1769e+15  6.07462e+13  1.61349e+14 -2.32411e+15 -9.23459e+14 -1.05399e+15 -4.16128e+14 -1.08128e+15 -2.33724e+14 -8.66733e+14 -4.51804e+14 -1.51627e+15  7.46668e+14  3.53136e+14  7.37532e+14 -2.42385e+14  1.05432e+15 -5.01244e+14  1.55764e+15  5.73327e+14  4.58389e+14 -7.37347e+14 -2.19274e+15  1.27874e+15 -8.11919e+14  1.16184e+15  3.71312e+14  6.57919e+14  1.74975e+15  4.60849e+14  -2.9522e+14 -1.19294e+15 -2.92862e+14  5.81231e+14 -1.03654e+15 -1.55064e+15 -8.14695e+14 -2.54783e+14 -2.16798e+15 -1.35657e+15  4.91414e+14  -9.5513e+14 -6.48655e+14 -6.07149e+14 -1.94374e+15  1.19773e+15 -1.40383e+15  4.15538e+14  1.02096e+15  8.83246e+13  3.74272e+14 -1.28895e+15  4.83966e+14  -8.0358e+14  -8.2248e+13 -1.42856e+15 -4.17671e+14  1.25268e+15  4.25319e+14  2.55099e+14 -1.53533e+15  2.04179e+15 -3.16908e+14  8.77345e+14  1.00786e+15 -1.10112e+15 -3.45446e+14  1.03662e+14   4.6592e+14  1.06517e+15 -8.24706e+14  8.37897e+14 -3.97635e+14 -3.76959e+14 -3.24799e+14 -2.46902e+14  1.23185e+14  7.04453e+14  1.30281e+15 -1.40888e+15 -4.24631e+14 -4.16283e+14  1.24614e+15  1.25158e+15 -8.85671e+14   6.9321e+14  6.25828e+14  1.16954e+15  4.78469e+14  -1.2895e+15  9.41286e+14  4.56903e+14 -2.00127e+14  1.66616e+15 -5.24512e+14 -5.65548e+14 -8.56464e+14 -7.77648e+14  1.49521e+15  4.54903e+14  4.74498e+13  3.66173e+14 -8.36028e+14  5.68442e+14  4.97931e+14 -4.67401e+14 -8.63064e+13  1.81884e+15 -6.65679e+14 -9.72584e+14 -1.08739e+15  8.86359e+14 -1.31294e+15  5.66099e+14 -3.89018e+14  1.13316e+15  3.90401e+14  4.64331e+14  5.63308e+14 -1.75592e+15  1.19231e+15 -1.66906e+14 -8.63738e+14  3.17706e+14 -1.43115e+15 -1.21705e+14 -5.30132e+14 -8.35758e+14  1.13821e+14  1.05635e+15  4.04804e+14  1.08334e+15 -3.25274e+14  3.66687e+13 -1.00222e+15 -5.38937e+14 -9.29606e+14  5.22035e+14  4.51403e+14  1.05933e+15 -4.26916e+14
-6.27479e+14  2.21618e+15 -1.91956e+15  1.77253e+15 -2.64252e+15  1.92579e+16 -1.73982e+15    2.171e+15 -2.72928e+14  -1.6978e+15 -2.60048e+15  6.05972e+14  5.31082e+14 -1.89334e+14 -4.66771e+14  4.05185e+13 -5.45695e+14 -1.37791e+15   -4.091e+14   2.5809e+15 -2.09966e+14  -2.4659e+15 -1.90864e+15  9.93997e+14  2.90722e+14  1.72016e+15 -8.45302e+13  6.36317e+14  9.66179e+14 -1.13407e+15  6.66662e+14 -6.44173e+13   4.2849e+14  4.97888e+13 -2.18629e+15 -3.45173e+13 -8.25823e+14   7.5465e+14 -1.45354e+15  -3.3539e+14  1.33089e+15   1.4848e+15  2.00496e+14  5.12066e+14  1.23386e+15  1.16357e+15  1.01097e+14  1.13904e+14  4.63237e+14 -8.02146e+14  6.95159e+14  1.69196e+14  1.42734e+14 -1.32795e+15 -1.26659e+15 -9.07802e+14  1.36091e+15  1.52514e+15  1.52195e+14  1.75511e+15  8.00138e+14 -6.51011e+14   6.7478e+14  2.87326e+14  9.89572e+13 -3.53442e+14 -2.60086e+14 -1.28449e+15  7.56793e+14 -3.90519e+14  6.17452e+14  1.03158e+15  1.22411e+15 -6.37545e+14 -1.22114e+15 -3.46809e+11  1.05547e+15 -3.20382e+14 -3.43856e+14  8.19768e+14  1.25299e+14 -1.47351e+15  7.63299e+14  1.81525e+13 -2.15813e+14  5.42631e+14  4.26049e+13 -1.80752e+14 -9.78454e+14 -1.13504e+15  5.26466e+14 -7.46136e+14 -1.28507e+14 -1.25686e+15 -7.28156e+14  2.20572e+14  7.18012e+14  8.14337e+14 -1.55574e+15 -5.50097e+14  1.64323e+15  4.54245e+13  1.90805e+14 -1.45485e+15 -9.61388e+14  2.99617e+14 -1.24872e+15  1.15748e+15  3.11204e+14  4.88901e+14 -1.08031e+15  6.03242e+14 -8.54353e+14  1.64426e+14 -5.07791e+14 -1.53734e+14 -8.60923e+14 -2.41322e+14  7.87549e+14  4.85869e+13  2.61189e+14 -8.42705e+14 -7.37671e+14 -1.69881e+15 -3.82483e+14 -2.23017e+15  9.41752e+14 -1.63564e+15   2.9354e+14 -2.31388e+14  7.52526e+14  9.97894e+14  4.54411e+14 -5.64742e+14  8.94621e+14  8.42977e+14  9.44705e+14  3.74879e+14 -6.07064e+14  5.65467e+14  1.41645e+15  9.40028e+14 -1.09353e+15 -7.96171e+14 -5.26136e+14  3.96266e+14  9.60998e+14   2.5429e+14 -6.94523e+14 -1.44054e+14 -1.98138e+14  1.14635e+15 -1.27227e+15  2.98809e+14 -1.28725e+15 -1.07517e+15 -1.74964e+15  -2.7884e+14 -6.08547e+13 -3.68285e+14 -4.89413e+14 -1.51543e+14 -7.73017e+13 -8.32284e+14
-2.89482e+15  8.51559e+15 -2.97774e+15  1.75951e+14 -9.69297e+14 -1.73982e+15  2.49723e+16  3.55454e+15  1.56879e+13 -5.15188e+14  1.27592e+15 -1.13631e+15  5.54494e+15 -2.61867e+15 -5.31828e+15  8.01536e+14  1.22751e+15 -7.92024e+14   4.4682e+14 -1.55588e+15 -1.02826e+15  1.24346e+15 -1.80078e+15 -2.58281e+15  1.25093e+15 -1.06318e+15  1.33884e+15  3.29481e+15 -7.22732e+12 -1.78782e+14 -8.01257e+14 -6.23111e+13  1.60434e+15  1.19755e+14 -2.33039e+15 -1.60002e+15  8.65468e+14   2.6395e+15  1.59497e+14 -8.85204e+14  4.53324e+14 -3.28104e+14 -2.89747e+14    4.405e+14 -9.70765e+14 -1.58048e+15 -9.33766e+13 -7.94851e+14  1.46479e+15 -1.02534e+15  1.78113e+15 -1.09881e+15 -6.20102e+13  1.43152e+15    1.701e+15 -3.13684e+14 -2.71814e+15 -9.29631e+14 -7.72279e+14 -1.19477e+15  9.70916e+11 -7.63047e+14  8.73176e+13  4.63738e+13  4.28033e+14 -1.13486e+15  8.69287e+14 -4.05233e+14 -3.45357e+14 -2.83852e+14  -4.5646e+14 -1.97855e+15  1.17611e+15  1.46646e+15 -7.86692e+14  -1.0064e+15  2.00419e+14  1.43606e+15  3.03056e+13 -1.32139e+15  4.78063e+14  1.62545e+15  1.94096e+15  -2.1611e+15  7.15983e+14   5.6287e+14 -1.53177e+14  1.20081e+15 -9.67502e+14 -6.07665e+14 -1.75404e+15 -1.81673e+14  5.15795e+14 -5.41059e+14  -3.4283e+14  3.48188e+14 -1.77885e+15 -8.34576e+14  1.86525e+15  1.74271e+15 -7.43305e+14  1.80695e+15  8.45643e+14 -1.10455e+15   8.7188e+10 -2.13471e+15  3.26915e+12  9.54368e+14  1.90109e+15 -2.43182e+14  1.81504e+15 -9.24293e+14 -6.70564e+14 -9.75298e+14 -3.93239e+14 -3.77672e+14 -2.43731e+14 -5.48496e+14 -2.69483e+14  3.56201e+14 -4.56042e+14  1.63229e+14  3.69866e+14  3.70267e+14 -6.98538e+14  1.53722e+15 -1.82406e+15  7.23412e+13  -7.0667e+14  2.96876e+14  1.68801e+15  3.94829e+14  -1.4554e+15 -1.12248e+15 -2.00954e+15 -8.22578e+14 -2.40187e+15 -1.68293e+14  4.89346e+14 -3.00869e+14 -3.54237e+14  7.98963e+14  1.49545e+15   6.8214e+14  1.73779e+15  5.33649e+14  1.68934e+14  6.42101e+13 -1.57657e+15  1.96113e+15  1.24241e+15 -4.33234e+14  4.52761e+14  2.37713e+14 -3.68839e+14  1.08441e+14 -1.19457e+13  1.51874e+15  8.55691e+13  2.16693e+14 -2.60813e+14  2.35527e+14  5.86287e+14 -5.51277e+13
-1.71592e+15  3.83065e+15 -1.45243e+15 -1.45081e+15 -1.04899e+15    2.171e+15  3.55454e+15  2.42609e+16 -3.47272e+15  4.27802e+14  1.29277e+15 -2.04141e+15  2.63226e+15 -1.30918e+15 -2.55554e+15  8.16988e+14  4.85548e+14  2.55209e+15  7.17381e+13  1.64625e+15  2.91869e+14  2.52497e+15 -3.87321e+15  1.47639e+15  6.39635e+14  6.99537e+13  8.62893e+14  1.94117e+15  1.25136e+15 -3.23557e+15  1.48206e+15  2.44682e+15  1.57804e+15 -1.32452e+15  2.35342e+14 -1.44202e+15 -2.12129e+15  2.05741e+15 -7.77819e+14 -6.05174e+13 -1.12516e+15  2.11535e+13  3.86325e+14  4.35392e+14  1.91988e+15  1.72705e+15 -9.30342e+13  8.90024e+14 -8.03715e+14  5.55287e+14  9.16996e+14  -7.8353e+14 -5.79995e+14  2.15434e+12  1.43151e+15  4.38246e+13  5.40841e+14  -2.5771e+14  1.11687e+15  4.26024e+14 -5.00656e+14  1.43626e+15   5.6288e+14  2.47903e+14  -5.6024e+14  1.49133e+15  8.35181e+13 -6.05419e+14  1.47882e+15  1.61239e+15  6.75624e+14 -1.62502e+15 -8.99739e+14  7.88806e+14 -5.48579e+14 -1.74891e+15 -6.51753e+14  9.10764e+14 -1.10549e+15 -2.50317e+14 -5.87426e+14  1.23964e+15  1.39757e+15  5.54824e+14 -5.89392e+14  2.11893e+15  2.32419e+14  2.45213e+14 -5.89472e+14  1.70784e+14 -1.34805e+15 -7.10463e+14 -1.92285e+14 -3.25376e+14 -1.98077e+15 -1.66321e+15  3.01683e+14 -2.60986e+14 -1.72202e+14  5.34875e+14  6.74604e+14  1.82223e+15  1.79579e+15  1.61148e+14  1.82415e+15 -1.67834e+15 -1.79319e+15 -1.12543e+15  -2.2932e+15 -4.84142e+14   5.4732e+13 -7.26181e+14  1.02033e+15 -1.54619e+15 -1.50991e+15 -3.79538e+14  1.59257e+15  3.11314e+14  -8.7367e+13  4.59467e+14  2.28698e+14  1.49783e+15 -1.58045e+15 -4.82428e+14 -1.06762e+15  4.32904e+14  1.87638e+15  1.03493e+15  8.81592e+14   1.6932e+15 -1.35607e+15  4.97395e+14   1.8831e+15 -1.48013e+14 -8.58202e+14 -2.73146e+14  1.01022e+15 -6.58657e+14 -1.55557e+15  1.48126e+15 -2.65979e+15  -7.8854e+14 -5.10323e+13  7.68338e+13 -9.23345e+14 -2.00413e+14  1.77201e+14  1.20481e+15  4.57292e+14  -3.8073e+14 -5.54146e+14 -6.03285e+13 -2.89008e+14  -1.0134e+14 -4.65019e+14  1.14167e+15  1.88395e+15  1.88534e+15  1.12351e+15  3.48231e+14 -1.19903e+15  2.38334e+14  4.17179e+14 -4.72186e+14
  4.1514e+14  8.17994e+14  1.84523e+15 -2.76202e+15  1.79801e+15 -2.72928e+14  1.56879e+13 -3.47272e+15  2.06938e+16  6.59478e+14 -2.64386e+14 -2.16313e+15   9.4398e+14  4.30819e+13 -1.58102e+15 -2.22858e+14  1.91351e+15 -1.89977e+15 -3.37594e+14  -3.8974e+13  1.81685e+15 -2.09565e+15  -7.1026e+14  -1.2907e+15 -3.06013e+14 -3.14346e+14 -3.89934e+14 -5.40366e+13 -1.71265e+15  1.22288e+15 -4.73237e+14  6.27864e+14 -3.00357e+14 -1.44432e+15  2.24901e+13  1.81414e+15  5.85061e+14 -1.07541e+15 -4.22753e+14 -4.65439e+14  5.37857e+14  -8.3822e+14 -1.40415e+15  -4.1752e+14 -4.66849e+14 -2.34377e+15  1.40765e+15 -3.43926e+14  3.32976e+13 -1.70928e+13 -7.88636e+14  1.07006e+14 -1.42296e+15  3.08518e+14 -6.36286e+14 -2.26049e+15 -1.41144e+15 -3.30439e+14 -5.95388e+14 -3.32076e+12 -6.88992e+14 -8.56352e+14  1.01957e+15  4.88329e+14  8.09662e+14 -2.56945e+15  5.46083e+14  4.45767e+14  2.05892e+15 -3.32327e+14 -2.68071e+14 -1.37187e+15 -6.02915e+14  3.26766e+14  1.56034e+15  1.30238e+15 -1.93036e+14  7.56804e+13  2.21665e+14  5.22216e+14 -6.59645e+14  9.02133e+14 -1.71041e+15 -2.18339e+15 -6.80697e+14 -2.68091e+14  5.75858e+14 -4.61832e+14  1.28666e+15 -3.86759e+14  7.91812e+14 -2.54537e+14  1.56879e+15  1.63199e+14  4.95257e+14  2.41694e+14 -4.62239e+14  7.26853e+14 -2.45695e+15  1.00138e+15 -4.13806e+14 -6.16773e+14  -1.3824e+15  7.32676e+14 -4.05019e+14 -5.17155e+14  6.28993e+14  1.29038e+15 -5.23199e+13  4.60338e+13  1.21284e+15 -8.51374e+14  9.65978e+13  2.03782e+14  -7.5504e+14   -7.736e+14 -3.03535e+14 -7.27781e+14 -5.34013e+13 -1.45153e+15  1.26655e+14  9.76341e+14  1.48712e+15 -7.54696e+14  1.14049e+15  5.06535e+14  2.47852e+14  -1.3756e+14  2.52305e+14 -6.90976e+14 -9.81678e+13 -1.92106e+15 -2.26131e+15  1.00281e+14 -5.17379e+14 -1.18133e+15 -1.86218e+13 -1.55309e+15    1.394e+15  5.35668e+14  1.41079e+15  8.27641e+14 -1.89087e+14 -6.93665e+14 -1.91388e+15  1.45009e+15 -7.96995e+14 -1.24671e+15  1.55611e+15  1.06355e+15  9.60882e+14  4.69925e+13  6.64052e+14  3.22261e+14  4.83301e+14 -8.20464e+14 -4.28414e+14 -9.73718e+14 -6.93324e+14  -1.1053e+15  1.04366e+15  7.67868e+14  1.50978e+15  2.24455e+15
-3.25915e+14  9.51166e+14  1.28423e+15  2.67245e+15  1.46808e+15  -1.6978e+15 -5.15188e+14  4.27802e+14  6.59478e+14  2.13561e+16  3.18447e+14 -1.41625e+15 -1.23492e+15  7.17743e+14 -1.61092e+14 -1.15739e+15 -1.87966e+15  3.90005e+15  -1.4248e+15 -3.28476e+14 -8.33265e+14  1.82313e+15   8.7272e+14 -2.59544e+13  1.04157e+15 -8.24818e+12 -1.32488e+15 -1.24123e+15  -3.4168e+15 -1.15516e+15  7.57014e+14 -4.71335e+14 -1.35728e+15 -4.55686e+14  8.55268e+14  1.98237e+15 -9.48619e+14  5.89799e+14 -1.58211e+15  1.17083e+13 -1.42629e+15  3.05669e+14  1.30103e+15  -1.5306e+15  4.18393e+14  1.20091e+15 -3.69164e+14  9.85527e+14 -9.56944e+14  2.00532e+15 -5.28003e+14 -3.12667e+14  1.71402e+14  1.79005e+15 -7.37782e+14  9.55391e+13  7.13946e+14 -1.58459e+15  5.52341e+13 -1.53714e+15 -4.81105e+14 -6.83225e+14  6.41245e+14 -1.49187e+15 -9.58059e+14  2.15178e+14  1.29868e+13  -1.7878e+14   1.7564e+15 -5.39955e+14  8.42631e+14 -7.10383e+14  8.46393e+14 -4.63133e+14  1.59686e+15  -3.8463e+14 -1.46966e+15 -4.40871e+14 -1.36523e+15  1.05908e+15 -4.46884e+14  8.24998e+14 -7.04673e+14  5.54222e+14  1.23649e+15  8.36808e+14 -3.21373e+14  8.28962e+14 -4.13655e+14 -6.64413e+13 -1.72298e+14  6.74058e+14 -5.18014e+14  3.36559e+15  4.00953e+14 -1.93287e+15 -8.17028e+14 -5.40562e+14  1.01835e+15 -1.79315e+15  1.34627e+14  5.80594e+14  2.68855e+14  1.49876e+15  6.69222e+14 -9.22396e+14  4.46674e+13 -5.94503e+14  1.19216e+14 -5.74291e+14  1.02591e+15 -8.58481e+14  1.04449e+15    2.749e+14  9.61946e+14 -9.45164e+14  2.85793e+14  4.42788e+14  6.92567e+14 -9.01895e+14 -1.59194e+15  1.34423e+15 -8.47079e+14 -5.06671e+14  7.71016e+14  3.10915e+14  -8.4742e+14  5.02318e+14  7.67124e+14 -5.85958e+14  -1.2766e+15 -9.03979e+14 -6.00998e+14 -8.70735e+13 -1.08862e+15  8.59887e+14 -2.03587e+14  1.13343e+14  2.04036e+14   6.0321e+14 -1.85605e+15  1.37777e+15 -2.52008e+15  1.82061e+15 -2.22389e+15  4.67253e+14  8.66136e+14 -3.13034e+13 -8.25408e+14  5.59218e+14  1.65233e+15  1.32108e+15  3.00256e+15 -8.85945e+13  4.22542e+14  1.06957e+14 -4.43009e+13 -1.05992e+15 -7.83708e+14  -6.0842e+12 -1.27432e+15 -2.85834e+14  9.51365e+14  5.24101e+14
-4.68589e+14 -4.10585e+15  2.34698e+15 -3.57512e+13 -1.83684e+15 -2.60048e+15  1.27592e+15  1.29277e+15 -2.64386e+14  3.18447e+14  2.54908e+16 -1.13671e+15 -8.51356e+14 -3.09021e+15  3.26558e+15  1.58311e+15  1.28717e+15  2.51519e+15  1.78325e+15 -3.17759e+15 -1.27493e+15  2.18731e+15 -1.71856e+13 -2.89319e+14  1.66505e+15  5.10076e+14  2.41424e+15 -1.80318e+14  2.31809e+14 -5.20265e+14  2.22233e+15  4.37793e+14  2.98651e+14  2.40166e+14  1.25502e+15 -2.53965e+15 -2.92451e+15  3.10787e+15 -5.62506e+14 -9.54429e+14 -2.02907e+15   4.4907e+14 -5.21031e+14 -3.96172e+14  1.25206e+15 -9.46003e+13 -8.72547e+14  8.99931e+11 -2.20599e+15  1.90817e+14 -2.26093e+15 -1.44532e+15  3.29311e+14  -1.0182e+15  1.02153e+15  7.72188e+14 -4.50884e+14   6.5235e+14 -2.81024e+14  1.47466e+15 -1.05541e+15  1.46293e+14  1.46045e+15   2.0274e+15 -2.23462e+15  1.33479e+15  1.01163e+15  7.29927e+14  1.31348e+15 -9.18814e+14  1.72867e+15  8.75212e+14 -9.36575e+14 -4.75272e+14  2.95424e+14 -2.81966e+15 -7.87703e+14 -7.68174e+14  1.14062e+15  1.41731e+15 -4.04209e+14 -9.69069e+14  1.15739e+15 -1.98548e+14 -8.94498e+13  3.91218e+14  4.03534e+14 -1.75541e+15 -5.80719e+14  1.42993e+12 -1.34475e+15  2.73046e+14 -8.13387e+14  6.55369e+14  8.74779e+14 -1.06671e+15  4.28024e+13  2.35933e+15 -6.25353e+14  8.21763e+14  7.21718e+14 -1.13965e+15   8.9592e+14  1.50498e+15 -1.19573e+15 -8.62031e+14  1.57008e+14 -8.82806e+14 -6.35481e+14 -5.10374e+14  2.46133e+14 -9.90812e+14 -5.05268e+14 -1.15597e+15  2.03228e+14  9.29326e+14 -1.50652e+15 -1.10235e+15 -5.02341e+14 -4.28453e+14 -6.26252e+13 -9.49101e+13 -2.96247e+14 -1.54023e+15 -1.20429e+15  2.25247e+14  1.25834e+15 -8.68243e+14  3.62771e+13 -3.58709e+14 -3.05866e+14  5.26317e+14  3.86323e+14  1.75625e+15 -1.39646e+15  2.15854e+15 -2.30344e+14  -1.8839e+15 -2.89583e+15 -3.58442e+14 -2.04005e+15 -1.32221e+15  5.79314e+13  1.10994e+15 -6.98331e+14 -8.24731e+13  5.71089e+14   1.6362e+15  1.59939e+15 -4.64852e+14 -1.60506e+15  3.24276e+14 -1.25139e+15  1.47454e+15 -1.43501e+15  1.29768e+15   5.2506e+14  1.92832e+14 -1.09667e+15  9.49972e+14 -8.89569e+14 -8.66175e+14 -7.04733e+14 -2.11306e+15
-6.73901e+14  2.37101e+15 -1.19296e+15 -7.62581e+13  -1.3371e+14  6.05972e+14 -1.13631e+15 -2.04141e+15 -2.16313e+15 -1.41625e+15 -1.13671e+15  2.18504e+16 -2.26135e+15  4.86731e+13 -4.38774e+14  8.55947e+13 -5.97882e+14 -1.83686e+15 -8.26448e+14 -5.32054e+14 -3.79309e+14  6.92303e+14 -1.03524e+15 -5.85752e+14 -6.18786e+14  2.19838e+15  3.12927e+14 -1.68945e+15 -3.20243e+14 -8.76742e+14  5.38781e+14 -1.09462e+15  4.04811e+14  -1.2621e+15 -1.17336e+15  2.67586e+14  1.71865e+13 -7.50075e+13  1.99281e+15 -5.48202e+14  1.69543e+15 -2.12071e+15  1.63614e+15  6.92395e+14  -2.6611e+15  2.42985e+15  9.21177e+14 -7.51716e+14  -1.6593e+15  5.01818e+14   4.8883e+14  3.35464e+13  6.96296e+14  6.08559e+14 -1.93721e+14  -7.0654e+14  1.25709e+14  1.19142e+15 -1.48277e+15  3.73451e+14  2.09619e+15  8.21665e+14  9.41731e+14  1.04764e+15  5.00366e+14  1.37044e+15  8.19127e+13  1.53504e+15 -5.78885e+14 -6.83522e+14 -5.12107e+14  7.20718e+14 -1.44941e+15  7.33467e+14  1.93542e+15 -4.43193e+13   2.3896e+15 -7.19157e+14  2.54527e+15 -1.40832e+14 -7.93537e+13  2.27849e+14 -1.17738e+14  5.94032e+14  -1.3038e+15 -2.95969e+14 -5.43717e+14 -5.80274e+14  2.22712e+15 -1.99792e+14  5.33461e+14 -6.70398e+14 -8.16581e+14  -4.6011e+14  6.93244e+14 -3.44811e+14 -1.73691e+15 -8.38492e+14 -4.92373e+14 -8.59755e+14  1.65049e+15 -2.40018e+15 -3.18279e+15 -1.12786e+15  1.28698e+15  1.16869e+15  9.04149e+14 -4.55077e+14  8.84462e+14 -1.41345e+14  -4.1439e+14  2.94877e+14  7.06727e+14  4.22323e+14   4.8427e+14 -2.25776e+14  -8.7612e+14  1.76527e+15  8.56187e+14 -5.74631e+14  1.35606e+14 -1.40631e+15 -4.19638e+14  -6.7537e+14  2.15885e+14 -8.83015e+14  -2.8722e+14  9.20386e+14 -1.47691e+15 -1.83674e+15   8.5063e+14  1.39156e+15  1.27305e+15  8.13429e+14  1.00188e+15  -2.1227e+14 -9.53532e+14  9.17101e+14  1.41437e+15  2.75695e+15 -1.28724e+14  3.74159e+14 -4.12617e+14  3.50309e+14  8.21611e+14  2.72235e+15 -4.44872e+14 -4.75825e+14 -1.04886e+15 -1.55591e+15 -1.15836e+14 -1.61032e+14  9.51517e+14 -1.70664e+15  5.50541e+14  2.95989e+14  -4.2996e+14  1.88261e+14 -1.12275e+15 -2.65827e+14  2.98741e+14 -1.09135e+15 -1.60513e+15 -5.83714e+14
-2.02783e+15  3.40545e+15 -3.56379e+15  2.27931e+13   2.0184e+14  5.31082e+14  5.54494e+15  2.63226e+15   9.4398e+14 -1.23492e+15 -8.51356e+14 -2.26135e+15  2.72592e+16 -5.85769e+14  -4.3364e+15 -6.28164e+14  1.67198e+15 -7.16814e+14  2.65547e+15  1.21102e+15 -2.18112e+14  5.04199e+14 -1.35355e+15   9.7638e+14 -5.35076e+14 -2.14992e+14  3.85901e+15 -1.03632e+15 -6.44909e+14  4.01263e+13  8.66531e+14  2.59789e+15  2.03608e+14  -1.5616e+15  8.30081e+14 -1.14842e+15  1.18734e+15 -1.54719e+15  1.22594e+15 -8.39542e+14 -1.90783e+15  1.53037e+15 -8.80128e+14  2.67733e+15 -1.42558e+15 -1.06004e+15  2.27531e+15 -6.83181e+14 -1.27534e+15 -1.17808e+13  6.46533e+14 -7.82669e+14  7.18931e+14 -4.76142e+14  1.10646e+15 -9.33333e+13  -2.6868e+15 -9.28279e+14  3.30111e+14 -2.56884e+14 -2.67744e+15 -1.57619e+15 -1.78478e+15 -1.30933e+15  1.21224e+14 -1.72157e+15  1.77685e+15 -4.08683e+14 -1.98394e+14  1.29622e+15 -3.68456e+14 -1.10185e+15  9.45577e+13  5.94496e+14 -1.25316e+15   2.2435e+14  2.26894e+15  1.67242e+15 -8.72176e+14   1.3464e+15  1.21798e+15  2.13727e+14  1.53333e+15 -6.42207e+14   3.3173e+14  3.38306e+14  7.78684e+14   2.9035e+14   3.8431e+14 -1.16267e+15 -2.85715e+14 -7.68541e+14 -9.03524e+13 -1.41016e+15  5.79338e+14  1.12594e+15  1.78794e+15 -6.22869e+14 -1.10725e+15  6.90318e+14  9.71784e+14  9.96092e+14 -2.07763e+14  2.15336e+15 -4.57932e+14 -5.86901e+14   9.5269e+14  1.03261e+14  7.34278e+14  1.28247e+14  4.38642e+14   7.9344e+14 -3.41755e+14  1.19467e+14 -6.51118e+13 -7.47253e+14  1.07806e+15 -9.99321e+14 -2.50758e+15  1.64859e+15   3.8568e+14  6.62681e+14 -8.49623e+12 -2.07252e+14  -1.8128e+15 -7.92561e+14   1.6183e+15 -8.28415e+14  8.29758e+14  2.14936e+15   9.0824e+14   2.4976e+14 -9.66594e+14  2.48112e+14 -2.79515e+15 -4.07863e+14 -9.42089e+13  -6.4016e+14 -8.73984e+14 -6.91232e+14  1.73523e+15 -7.08165e+14  8.72904e+14  1.53797e+15  6.83411e+14 -1.53387e+15 -2.97665e+14 -2.27532e+14  1.16678e+15  1.71565e+15  1.52678e+15 -2.47669e+14  1.11668e+15 -1.77334e+15 -3.62074e+14 -1.32067e+15 -9.89165e+14 -2.66629e+14  1.21747e+15 -8.58578e+14  8.52174e+14 -8.15285e+14  4.89456e+14  5.62833e+14
 6.64932e+14  -2.2537e+15 -1.61156e+15 -8.50767e+13  1.03857e+15 -1.89334e+14 -2.61867e+15 -1.30918e+15  4.30819e+13  7.17743e+14 -3.09021e+15  4.86731e+13 -5.85769e+14  2.17413e+16  1.07088e+15 -1.01683e+15  4.55292e+13 -5.88948e+14 -6.17518e+14  2.14519e+15 -1.42249e+14 -2.97534e+14  2.22695e+14  5.26106e+14  1.03735e+15  5.19826e+14  -2.5554e+15  8.75502e+14  2.79564e+15   1.0917e+15 -1.59102e+15  7.06206e+14 -2.48422e+15 -6.94825e+14 -6.09406e+14  6.03814e+14 -2.03075e+13 -2.45432e+15 -1.68568e+14  1.81773e+15  2.29128e+15 -2.30051e+14   6.3927e+14 -1.61586e+15 -9.14873e+14  5.13502e+14 -1.88507e+15  9.34092e+14   -1.442e+15  4.45225e+14 -8.30219e+14 -1.04556e+15  7.15337e+14  1.66021e+15 -1.28671e+14  2.50117e+15 -6.06735e+14  4.47365e+14  1.63804e+15 -2.06971e+14 -1.21947e+14  6.73175e+14  2.58027e+14 -1.41783e+15  6.02262e+14 -9.26461e+14   2.3853e+14  3.38587e+14  -1.7317e+15  4.21815e+14  -1.4315e+15  1.11089e+15  5.13559e+14 -7.79563e+14  1.56674e+14  2.75695e+14 -8.60965e+14  3.98952e+14  1.04024e+15 -8.00203e+13  7.74058e+14  1.24553e+14 -1.14313e+15  1.21914e+15  4.87187e+14 -7.08003e+14  1.89904e+15  6.00792e+14 -6.29136e+14  6.53536e+14 -9.47191e+14  1.86134e+15   1.0615e+15 -9.03438e+14  1.05255e+15  1.16443e+15   1.6212e+15 -9.16915e+14  9.94012e+14 -1.07189e+15  6.11771e+14 -3.17276e+14  -4.6011e+14  3.96237e+13  4.68119e+14  3.17722e+14  7.30755e+14 -6.79011e+13 -1.08063e+15 -4.10692e+14  1.29682e+15 -7.96828e+14 -1.65244e+14  1.73544e+15 -7.48288e+14 -3.68879e+14  1.43458e+15  6.91106e+14 -1.93521e+14 -1.72151e+15 -1.15661e+15 -3.21674e+13 -8.84012e+13  1.87428e+15  1.10807e+15 -1.55375e+15 -5.17041e+14  1.93605e+15   5.5368e+14  -6.4406e+14  1.78377e+15  2.09204e+13 -7.56521e+14 -3.84618e+14 -1.15983e+15  -1.6345e+15 -8.91784e+14  1.88765e+14  2.54515e+15 -1.56179e+15  1.09017e+15  8.53848e+14  1.82614e+14  9.47609e+14  7.68591e+14  2.66179e+14 -1.58041e+15 -1.36605e+15 -1.52287e+15  1.98389e+14 -7.70212e+14 -4.64098e+14 -9.36659e+14 -3.08048e+14  4.64686e+14 -7.17949e+13 -5.71605e+13  2.26238e+14 -1.26138e+15  2.46176e+14    1.025e+15 -1.00159e+14 -8.35656e+14 -5.28038e+13
 2.28596e+15  -7.4578e+15  5.35528e+15  -5.5808e+14 -3.16057e+14 -4.66771e+14 -5.31828e+15 -2.55554e+15 -1.58102e+15 -1.61092e+14  3.26558e+15 -4.38774e+14  -4.3364e+15  1.07088e+15  2.75312e+16 -1.34356e+15  1.10625e+15  3.64968e+13   1.0584e+14  2.35288e+15  1.42116e+14  3.30044e+14  -1.4618e+15  4.71313e+14 -4.95835e+13  1.11464e+15  3.64754e+14  7.62772e+14 -8.28859e+14  1.85009e+15 -1.54913e+15 -3.24694e+15  -1.0466e+15  2.24746e+15  3.38899e+14  2.21238e+15 -2.26056e+15  4.05119e+14 -1.44344e+15 -1.75767e+15 -1.46181e+15  1.38977e+15  6.62637e+14 -2.38648e+14  2.24771e+15 -2.20067e+15 -1.40199e+15  1.40214e+15  -2.2551e+14  8.62703e+14 -2.67496e+15 -9.19146e+14 -1.30208e+15 -2.14561e+15  -1.0157e+15  1.14867e+15 -5.20656e+14 -4.93264e+14 -1.87539e+15  -8.2133e+14 -1.32684e+15  8.67368e+14  5.06723e+13 -1.29421e+15   2.6701e+14   1.6049e+15 -1.04189e+15  1.88553e+15   3.6444e+14 -5.71229e+14 -4.70887e+13   4.0441e+14 -1.01286e+15 -1.35772e+15  3.69604e+14  4.07412e+14 -7.66288e+14  7.13496e+12 -7.22691e+14  2.38374e+15  1.02113e+14 -2.12341e+15 -7.65672e+14  3.34366e+15 -3.81018e+14  2.33035e+15 -3.43262e+14 -4.25884e+14 -3.02854e+15 -8.40855e+14  2.04057e+15 -5.13443e+13 -1.76432e+15  3.06996e+13  1.79777e+15  6.74261e+14  1.00643e+15  1.43485e+15  2.53653e+14    8.382e+14  3.41697e+14 -8.08806e+14  1.04251e+15  2.39763e+15  4.56251e+14 -1.69466e+15 -2.45968e+14  1.05811e+15 -1.96455e+15 -1.36256e+15  3.79838e+14 -1.49028e+15  8.04854e+14  1.33361e+15  8.68599e+14 -4.72738e+14 -1.63562e+14 -2.00815e+14   5.7036e+14  1.16859e+14  5.49532e+14  6.01266e+14 -3.50879e+13 -2.19447e+14  2.60342e+15 -6.30604e+14  1.39716e+15  -6.3369e+14    9.491e+14 -3.25488e+14 -6.99825e+14 -5.42475e+14  9.29005e+14  1.84987e+15 -7.35175e+14  9.39145e+14  1.13963e+15 -1.53573e+14  2.16121e+14 -7.94728e+14 -5.31277e+14  1.65882e+15 -3.24311e+14  2.20334e+14  7.19133e+14  1.62229e+15  1.80873e+15   -1.064e+15  7.33751e+14 -9.94074e+13 -1.32957e+15 -8.83657e+14 -1.59358e+15  -1.0689e+15  1.05465e+15  -1.2876e+15  1.25351e+14 -1.02275e+15 -8.55353e+14  1.75873e+15  6.37788e+14  1.14277e+14  1.65429e+13  -1.4176e+15
  -9.761e+13  1.06473e+15 -8.99141e+14  2.77504e+15  1.99185e+15  4.05185e+13  8.01536e+14  8.16988e+14 -2.22858e+14 -1.15739e+15  1.58311e+15  8.55947e+13 -6.28164e+14 -1.01683e+15 -1.34356e+15  2.26501e+16  2.61197e+14 -3.43154e+14 -2.62624e+14  5.09354e+14  6.92916e+14  8.96728e+14  1.39675e+15  -8.5211e+14 -9.24467e+14  1.86869e+14 -1.00038e+15 -7.32896e+14 -1.92183e+14  -7.4494e+14  5.29765e+14 -4.55245e+14 -8.09611e+14 -6.00621e+14 -6.21802e+14 -1.59335e+15  1.29409e+15 -2.27137e+13 -1.46856e+15 -1.16875e+15  5.70322e+14 -1.68111e+15  2.22195e+15 -9.40013e+14  1.98915e+14 -1.08347e+15  2.89978e+15 -5.69131e+14 -1.15328e+14 -2.62738e+15 -1.47157e+14  1.75934e+14  3.62431e+14  4.81053e+14 -7.79924e+14 -3.65149e+14  4.18239e+14   5.6215e+14 -2.32141e+15 -9.72673e+13 -4.58954e+14   3.6132e+14  1.08892e+15  8.76227e+14  6.35412e+14  1.18105e+15  4.82942e+14  3.14426e+12  1.37451e+15  6.53682e+14  1.41437e+15 -1.83482e+15 -4.97654e+14  7.75681e+14 -8.23147e+14  3.06004e+14 -7.72171e+14  -1.3889e+15 -1.43231e+14 -2.04482e+14  -1.5613e+15 -7.62867e+14 -7.45464e+13  1.94925e+14 -1.68218e+15  1.97797e+15 -9.54558e+14 -9.34277e+14  5.74384e+14  -1.2738e+15   4.3343e+14  1.80813e+15 -6.56449e+14 -6.36164e+13  1.19929e+15  1.86435e+15 -8.58495e+14 -1.51277e+14 -1.39508e+15  1.34046e+15 -1.67969e+14 -3.12021e+14  7.89356e+14 -5.76403e+14 -8.03337e+14  1.26054e+15  1.26657e+15 -1.47123e+15 -1.14738e+15  -6.7891e+14  5.42996e+14  3.64616e+11  1.96423e+14 -1.48855e+15  4.57348e+14   1.8195e+15  6.09232e+13 -1.04564e+15  2.52201e+14 -8.60656e+13  -2.9105e+14 -7.08181e+14  6.32369e+14 -1.31688e+14  5.23761e+14 -6.90208e+14 -7.86074e+14  5.51077e+13  1.83743e+15 -4.46608e+14 -5.06535e+14 -2.42373e+14   9.1021e+12  4.24592e+14  -2.5503e+14  1.36594e+14  2.72806e+14   1.4168e+15 -1.80249e+14  5.63913e+14  1.64495e+14 -3.61024e+13  3.06419e+14 -6.73135e+14 -1.00179e+15 -6.67986e+13 -2.67702e+14  1.30024e+15 -9.29758e+14  -5.9375e+14  -2.3524e+15  1.29426e+15  9.66594e+14  3.01671e+14  4.05445e+14  5.43466e+14  1.33744e+14 -7.40433e+14 -6.17621e+13  4.72149e+14  1.03353e+14 -4.30375e+13  8.59353e+14 -2.96601e+14
-8.48618e+14 -1.52074e+14   5.8815e+13  1.18005e+15 -5.17504e+14 -5.45695e+14  1.22751e+15  4.85548e+14  1.91351e+15 -1.87966e+15  1.28717e+15 -5.97882e+14  1.67198e+15  4.55292e+13  1.10625e+15  2.61197e+14  2.20693e+16 -2.08637e+15  1.85637e+15  2.04371e+15  1.98589e+15  3.80815e+14 -2.30077e+14  8.69984e+14  4.50005e+14  1.52729e+15  2.17707e+15  2.91009e+14  1.61839e+15  2.10105e+14  5.67767e+14  5.97864e+14  2.14052e+15 -6.74875e+14  2.02503e+14 -2.13688e+14 -2.87083e+13 -1.13538e+15 -2.26076e+15  1.41384e+15  1.32175e+14  1.51365e+13  6.71621e+14 -1.76886e+15  4.70564e+14  4.06821e+13  6.69031e+14  1.57965e+15 -3.58089e+14 -8.01031e+14  2.14428e+15 -8.50626e+14  3.81909e+14 -8.05016e+13 -1.74236e+15 -8.62701e+14 -2.63956e+15 -4.42197e+12  3.31007e+15  5.74719e+14 -1.58827e+14  5.80998e+14  1.46804e+15 -2.05681e+14  3.16853e+14  3.75539e+14  1.25169e+15  5.31968e+14 -9.97101e+14 -1.54457e+14  2.18933e+14   1.5439e+15 -9.44397e+13  8.37356e+14  -1.2774e+14 -2.12005e+15 -2.20676e+15  1.05177e+15  1.22717e+15 -3.37072e+14  1.01394e+14 -1.08702e+15 -1.78033e+15  1.10126e+15  -1.1499e+14  1.45796e+15   2.2866e+14 -1.42956e+15 -9.82839e+14 -9.61454e+14 -2.15201e+14 -1.90025e+15  5.44053e+14   1.8597e+15  1.29297e+15 -2.26905e+14  1.10624e+15  1.65518e+15  2.34797e+14  7.56958e+14 -1.39736e+15  6.72224e+13  9.02262e+14   9.3673e+14 -1.20865e+15 -1.31088e+15    1.483e+15 -5.77135e+14 -1.74311e+15  7.22447e+11  5.46812e+14 -1.65294e+15 -5.06936e+13  -2.8183e+14 -1.16551e+15  1.19978e+15   1.0989e+15 -9.05959e+14 -2.05799e+15  8.44967e+14  2.50887e+14 -3.17789e+14  3.45267e+14  5.13325e+14  1.16645e+15 -4.88183e+14  4.80299e+14  3.95938e+14  1.93878e+14  6.62912e+14 -6.88595e+14 -1.18254e+14  6.20799e+14  4.19968e+14  -3.0829e+14 -3.82714e+14  9.38867e+14 -2.35125e+13 -1.06653e+15  4.60023e+14 -3.05509e+14  1.33596e+15 -6.00956e+14  -7.9606e+14  1.91508e+15 -1.02135e+15 -8.89413e+14  9.56526e+14  2.08655e+15  1.14248e+14 -1.42297e+14   -1.432e+15 -2.07046e+14 -1.32815e+14 -3.71246e+14  1.21758e+15  1.20888e+15  1.35532e+15  1.55202e+14 -3.08818e+14  1.31791e+15 -2.24868e+14 -3.95529e+14  3.98775e+14
 7.43381e+13 -7.78886e+14  1.76175e+15 -6.80121e+14 -1.90661e+14 -1.37791e+15 -7.92024e+14  2.55209e+15 -1.89977e+15  3.90005e+15  2.51519e+15 -1.83686e+15 -7.16814e+14 -5.88948e+14  3.64968e+13 -3.43154e+14 -2.08637e+15  2.24787e+16  1.26395e+15  4.10259e+14 -1.20827e+14 -1.97443e+13  1.40813e+14  1.63852e+15  1.27588e+15 -1.33491e+15  5.90043e+14  -1.4293e+14  3.30978e+14 -2.25781e+14   7.5378e+14 -1.37276e+15 -3.55242e+13  3.81648e+14  1.98061e+15 -9.36001e+14  4.82455e+14  1.86997e+15 -2.22264e+15 -1.97327e+14 -1.61064e+14 -3.41133e+14   5.2441e+14  4.52215e+14  5.19252e+14  2.43493e+15  5.93637e+14 -1.97762e+15  3.39476e+14 -7.73166e+14 -1.91818e+15 -1.21632e+15 -1.98833e+15  1.85666e+15  5.25098e+14  9.05107e+14  1.55688e+15  1.03028e+15  -4.5822e+14 -5.49594e+13  -6.4966e+14 -2.39199e+14  4.03153e+14 -1.65363e+15 -1.75387e+15 -4.99316e+14 -2.00471e+15   -1.811e+15 -5.13628e+14  4.19678e+14  1.38327e+15  6.86115e+13 -3.40483e+14  8.47946e+14  7.12464e+14 -1.68583e+15  -1.0089e+15 -1.71567e+15 -5.21587e+13  2.58253e+15 -2.13113e+14  8.34428e+14  5.79272e+14  1.01198e+15  6.05526e+13  3.02991e+14 -3.60151e+14  3.84637e+14 -1.02488e+15  6.60771e+14 -2.37742e+14  1.32646e+15   1.8167e+15  1.07015e+14  -1.4309e+15 -1.18537e+15 -2.11344e+14 -4.35103e+14  3.38599e+14 -1.26874e+15  3.75655e+14 -8.25037e+14 -1.51942e+14  1.13566e+15  1.27484e+15  2.96894e+14  6.40968e+14 -9.76362e+14  2.17503e+15 -6.38371e+14 -4.32661e+14 -2.38153e+14  5.75463e+14 -8.88998e+13   1.0545e+15 -6.32929e+14  7.17665e+14 -5.05793e+14 -6.27704e+14 -2.31623e+15  8.98474e+14  1.40015e+15  2.71721e+14  5.68486e+14 -8.75393e+13 -7.08342e+14   1.1069e+14  8.80398e+14  9.26972e+14  1.53232e+15 -1.76103e+14 -4.98002e+14  1.35261e+15  8.57897e+14  2.33585e+14  6.02915e+14 -1.74763e+15 -1.34886e+15 -9.80146e+14  6.21629e+14 -1.43968e+15 -1.07354e+15 -2.30302e+14   1.9517e+15 -2.48497e+15 -1.65394e+15  6.48019e+14  1.67331e+15  1.02659e+15  4.07404e+14 -2.05295e+15 -5.07937e+13   1.2471e+15   7.2182e+14  1.31942e+14  5.50664e+14  3.78061e+14  3.59064e+14 -2.85148e+14  2.46708e+15 -1.65035e+15 -5.26394e+14  1.48479e+15  -9.8905e+14
