 1.22651e+15 -1.64784e+15  5.45609e+14 -3.01029e+14  2.26458e+14  -3.1374e+14 -1.44741e+15 -8.57961e+14   2.0757e+14 -1.62957e+14 -2.34294e+14 -3.36951e+14 -1.01392e+15  3.32466e+14  1.14298e+15  -4.8805e+13 -4.24309e+14  3.71691e+13 -2.78577e+13 -6.13169e+13 -2.96541e+13 -1.02523e+14 -1.85716e+14  -1.0477e+14   1.1051e+12 -5.14814e+13 -5.36837e+13 -3.76635e+11  3.28405e+12  3.89828e+14 -2.92554e+14 -2.25988e+14 -2.58901e+14  1.84154e+14  1.53267e+13  1.43251e+14  1.54399e+14 -1.52743e+14 -8.00388e+10 -1.47764e+14  4.76642e+14  4.71085e+13  4.20026e+14  5.28591e+13  4.40069e+14 -2.80056e+14  6.28518e+13   9.1121e+13  3.88449e+14 -3.11579e+13 -4.57829e+14  7.16391e+13 -2.78716e+14 -3.70149e+14 -4.66903e+14 -1.17045e+13  4.07826e+14 -2.91491e+12 -5.48245e+13   2.2198e+14 -3.08048e+13   1.8807e+14 -1.96324e+14 -1.10814e+14  1.36278e+14 -2.41729e+14  -1.9747e+14  7.29175e+13  9.85974e+13 -6.20205e+13  2.88944e+14 -3.49989e+14  1.10494e+13 -6.98272e+13  1.66109e+14  3.19494e+14 -3.22988e+14 -6.23124e+14 -1.44448e+14  5.88218e+13 -6.02796e+12  1.40644e+14 -2.60542e+14  2.18194e+14 -4.56896e+13   1.8878e+14  1.28553e+14  1.55717e+14 -1.58186e+14  2.14621e+14  1.58967e+13  6.03465e+13 -1.21181e+14 -6.33902e+13   4.9963e+13   2.0639e+14  3.31078e+14 -2.92414e+13 -3.84721e+13  1.86262e+14  1.23975e+13  6.10395e+13 -2.99725e+13  1.41908e+14 -1.02475e+14  2.44939e+14  9.61971e+13 -1.30657e+14 -4.38076e+14  1.64817e+14  1.17845e+14  8.08933e+13  2.57622e+14  3.96763e+14  2.58776e+14 -1.55595e+13 -4.98306e+12  2.96395e+14  1.54484e+14 -1.17893e+14  2.72036e+14 -5.84053e+13 -3.60029e+14  2.67739e+14  1.21194e+14 -9.50437e+13 -8.89811e+13  1.85847e+14 -4.24052e+14  -9.5097e+13  4.05599e+13 -9.84386e+13 -2.23366e+14  3.15544e+14  1.51696e+14   1.3449e+14 -4.42534e+13  1.28321e+14  2.15253e+14 -1.54991e+14  2.85338e+14  4.79622e+13 -1.63146e+14  7.99369e+13 -5.58127e+13 -6.54842e+13  2.88716e+14 -2.07022e+14  9.53835e+13 -4.47903e+13 -2.42936e+13 -3.10796e+14 -5.03247e+13 -1.20658e+14  2.63174e+14  -1.8754e+14 -2.23233e+14 -1.37724e+14 -1.75499e+14  1.01051e+14  1.86373e+14  7.81609e+13 -6.54017e+13 -6.95457e+12
-1.64784e+15  1.15712e+16 -2.04165e+15  2.19022e+15  1.45921e+15  1.10809e+15  4.25779e+15  1.91533e+15  4.08997e+14  4.75583e+14 -2.05293e+15   1.1855e+15  1.70272e+15 -1.12685e+15  -3.7289e+15  5.32367e+14  -7.6037e+13 -3.89443e+14 -2.63414e+14 -8.62628e+14  4.10262e+14 -1.69441e+15  4.93383e+14 -1.06203e+15  1.44794e+14  1.13857e+14  1.90177e+13  4.11256e+13 -7.56879e+14 -2.30654e+14  2.16869e+14  3.92215e+14  2.20124e+14 -8.14689e+14 -1.17739e+15  2.04591e+13  4.96392e+13  4.24462e+14 -4.74189e+12  4.83298e+14 -7.56503e+14 -2.46557e+13  -1.1319e+15  1.26097e+15  -7.6942e+14 -2.56679e+14  5.02062e+14  1.40991e+14  1.74051e+13 -8.13269e+13  1.21547e+15  1.18803e+15  3.71905e+14  7.30971e+14  6.45812e+14  -7.9669e+14 -2.16035e+14 -1.23262e+15 -2.19937e+14 -3.57373e+14  6.96023e+14 -1.06079e+15   1.5018e+14  6.42765e+14 -4.00751e+14 -9.16353e+14 -7.36441e+13  -1.2843e+15  1.01987e+14 -1.16976e+15 -4.49126e+14  3.12311e+13 -7.02483e+14  2.00461e+14 -5.81848e+14 -1.40689e+14  3.80571e+14  2.96386e+14   3.6377e+14 -4.78332e+14  4.63466e+14 -6.65653e+14 -6.15362e+13  -9.5078e+14  6.46359e+14 -3.49211e+14  1.53515e+14  5.01718e+14 -6.43065e+13 -9.69872e+14 -2.26345e+13 -3.21292e+14  6.52435e+14 -1.28422e+15  -1.6724e+14  2.64492e+14 -9.94882e+14 -7.42402e+14  6.98353e+14 -2.93394e+14  4.77393e+13  2.30426e+14 -2.52867e+14  -6.7782e+14  3.53447e+14  2.87149e+14  3.62206e+14   -6.011e+13  1.21465e+15 -8.08218e+14  4.04929e+14   3.0583e+14 -3.76589e+14 -4.37683e+14 -7.27484e+14 -5.64785e+14  3.68358e+14 -5.91709e+14 -7.55318e+13 -1.97622e+14 -4.84288e+14  8.92555e+14  -7.2939e+13 -4.45238e+14  1.56657e+14  1.94032e+14 -1.72375e+13 -3.70142e+14  7.50698e+13  8.70529e+13  4.62638e+14  8.85511e+13  -5.5145e+14 -4.27933e+14 -3.24345e+14 -1.00323e+15 -4.99634e+14  2.70877e+14  6.61488e+14  7.07709e+14  1.06616e+14  1.23351e+15 -8.76892e+13 -1.01291e+13  5.40224e+14  3.46531e+13 -9.97135e+13    -1.31e+13 -8.44569e+14 -6.55572e+13  2.87038e+14  6.79163e+14  4.37631e+14 -1.04487e+14 -4.57522e+14  2.37667e+14 -3.91352e+14 -4.90972e+14  3.92134e+14 -6.12099e+14  8.06428e+13 -3.29177e+13  1.44377e+14  3.86858e+14
 5.45609e+14 -2.04165e+15  8.73538e+15 -1.17934e+14  4.29253e+14 -9.59779e+14 -1.48887e+15 -7.26216e+14  9.22614e+14  6.42113e+14  1.17349e+15 -5.96478e+14 -1.78189e+15 -8.05782e+14  2.67764e+15 -4.49571e+14  2.94075e+13  8.80874e+14 -3.84942e+14 -2.96247e+14   4.8746e+14 -1.37383e+14 -5.69299e+13 -1.34543e+14  3.57648e+14  4.22704e+14  1.34252e+14 -2.36309e+14  -2.0157e+14  1.05725e+15  1.00621e+14  1.84829e+14 -3.08917e+14  7.76835e+14 -2.47788e+14 -2.39716e+14  3.12349e+14  4.79588e+14 -7.60052e+14  3.04473e+14 -1.89374e+14   4.1221e+14  1.54444e+14 -2.02026e+14  8.17433e+14   5.8015e+14 -3.24376e+14 -1.36293e+14 -1.86391e+14 -2.42344e+14 -3.88807e+14 -3.35878e+14 -3.40362e+14 -3.53183e+14 -1.20769e+15  4.82408e+14 -1.55195e+14 -3.71622e+14  4.27805e+14 -4.85906e+14 -2.62439e+14 -2.99276e+14   1.7788e+14 -1.07062e+15  2.10492e+14 -1.53575e+14   1.0979e+13 -2.32512e+14  6.02112e+14 -4.42291e+14   7.0974e+14 -2.50071e+14  4.05809e+14 -7.37001e+14 -4.57893e+13 -2.65405e+14 -1.22794e+15 -1.55773e+14 -3.12223e+14   2.8183e+13 -6.42271e+13  7.14303e+13  6.73779e+12 -9.51061e+13  2.86155e+14  3.98375e+14 -5.15674e+13  4.92716e+14 -1.51907e+15  2.40897e+14  4.93325e+14 -8.64827e+13 -1.25925e+14  6.27942e+14  3.72341e+14 -3.10742e+14  -2.5395e+13  7.97743e+14  6.44337e+14 -2.80212e+14 -7.48351e+14 -1.76451e+14  1.81606e+14  5.28034e+14  2.94033e+14  6.17915e+14 -2.30824e+14 -5.00432e+14 -2.79798e+13 -3.21179e+14 -3.39555e+14 -2.10485e+14  8.00644e+14 -3.64002e+14 -1.97954e+12 -6.78167e+13  5.10585e+14 -2.32707e+14 -5.08194e+13 -7.18164e+14  6.83149e+13 -1.43915e+14  4.68423e+14   6.1695e+14 -7.70837e+12  8.36702e+14 -7.73967e+14  3.61267e+14 -4.14188e+14  7.41495e+13 -9.77481e+14 -5.28797e+14  5.39128e+13  3.99484e+12  6.13645e+14  8.46841e+13  2.78343e+14  7.07836e+14 -3.76935e+14 -5.93025e+14 -6.89841e+14  6.93829e+13  4.82257e+14 -4.96499e+14   3.4109e+13 -4.49793e+14   3.4413e+14  9.81989e+13  8.37189e+14   3.9919e+13 -8.14842e+13 -2.14645e+13 -5.29871e+14  2.68717e+14  6.66878e+14 -8.94993e+14   8.9269e+13 -2.10057e+14 -2.72782e+14  2.27436e+14  3.48473e+14 -5.12357e+13  1.95721e+14 -4.13895e+14
-3.01029e+14  2.19022e+15 -1.17934e+14  1.11152e+16  1.59951e+15  8.86265e+14  8.79756e+13 -7.25405e+14 -1.38101e+15  1.33622e+15 -1.78756e+13  -3.8129e+13  1.13966e+13 -4.25384e+13  -2.7904e+14  1.38752e+15  5.90026e+14 -3.40061e+14  4.49468e+14 -4.83573e+13 -4.63344e+14 -1.96055e+14  3.00451e+14  2.45124e+14 -6.13675e+14   3.7537e+14 -5.66338e+14 -1.28266e+15 -1.78532e+14 -7.38684e+14  2.68342e+12  -4.3255e+14 -1.11048e+15   7.9141e+13 -2.44185e+14 -7.23497e+14 -9.28904e+13   8.0684e+14 -7.17269e+14  7.93931e+14  -4.2324e+14  5.28065e+14  2.01328e+14 -5.09585e+14 -2.63491e+14  -7.2558e+14  2.56745e+14  1.75718e+14  2.13845e+14 -3.03567e+14  2.25996e+14  9.85576e+14 -3.51648e+14 -1.80365e+14 -2.86824e+14  5.61412e+14  7.64071e+13 -4.14886e+14 -5.96617e+14 -5.17223e+14  6.97955e+13 -1.72192e+14 -3.46909e+13 -1.95302e+14 -1.07687e+15 -1.12594e+14  1.47654e+15 -1.03473e+15  -2.5808e+14 -3.57154e+14 -1.53161e+14  4.91303e+14 -6.29036e+14  3.47416e+14 -6.63034e+14 -1.01432e+15 -1.63832e+14  7.89486e+14 -7.72164e+14  -1.3347e+14 -5.91357e+13 -4.42309e+14  8.37809e+13  2.41741e+14  7.81772e+13   4.3189e+14  5.96267e+14 -7.21342e+14  4.18776e+13 -1.35272e+15  4.48161e+14  2.95888e+14  3.90621e+14 -6.26404e+13  1.00867e+15  6.30628e+14  1.50056e+13  7.76119e+14   2.0945e+14 -3.61074e+14  6.84124e+14  9.02178e+14   2.8112e+14 -1.88481e+14  -4.3197e+14  1.29391e+15  5.78566e+14 -7.27686e+14   1.2158e+15 -7.81883e+14  3.29107e+14 -1.63194e+14 -5.49205e+14  1.62819e+13 -1.88261e+14  1.17204e+15  7.31568e+14 -3.59593e+14  2.15747e+14 -1.78999e+14 -1.56408e+14  3.06339e+14  1.06929e+15 -2.13517e+14  3.43889e+14 -1.28143e+15  1.39476e+14 -4.93449e+14  2.44934e+14 -6.77935e+14  4.64594e+14 -2.80885e+14 -6.49881e+14 -3.57503e+14 -2.00351e+14 -6.91128e+14 -1.28978e+13 -2.79617e+14  4.33764e+14  1.57525e+14  -2.9023e+14   3.1283e+14  2.56524e+13  1.67205e+12  4.21835e+14 -8.66614e+14 -6.76256e+14 -1.74969e+13 -4.99359e+14 -1.26383e+14 -3.08498e+14  3.08451e+14 -8.28283e+13  8.75406e+13  2.55336e+14 -1.36936e+14  1.11579e+13 -1.49717e+14   3.2598e+14 -4.05488e+14 -3.05123e+14 -8.90534e+14  1.37255e+14 -5.89089e+14
 2.26458e+14  1.45921e+15  4.29253e+14  1.59951e+15   8.5607e+15 -1.32126e+15 -4.84649e+14 -5.24496e+14  8.99003e+14  7.34039e+14  -9.1842e+14 -6.68548e+13   1.0092e+14  5.19284e+14 -1.58028e+14  9.95926e+14 -2.58752e+14 -9.53303e+13 -1.31989e+14  4.24931e+14 -3.52762e+14 -5.52376e+14  5.38953e+14 -1.08845e+15  3.03731e+13  8.06744e+13 -1.16206e+15  -4.6173e+14 -5.26995e+14 -2.08064e+14 -5.40638e+14 -1.16862e+14 -4.33367e+14 -2.25902e+14 -7.58134e+14  3.73334e+14  1.76568e+14  3.68766e+14 -1.21193e+14   5.2716e+14 -2.50622e+14   7.7882e+14  2.86663e+14  2.29195e+14 -3.68673e+14 -1.09637e+15  6.39371e+14 -4.05959e+14  5.80919e+14  1.85656e+14  3.28959e+14  8.74874e+14  2.30425e+14  -1.4761e+14 -5.96468e+14 -1.46431e+14  2.90615e+14 -5.18268e+14 -7.75322e+14 -4.07347e+14 -1.27392e+14 -1.08399e+15 -6.78287e+14  2.45707e+14 -4.77565e+14 -3.24328e+14 -3.03575e+14  -9.7187e+14  5.98863e+14 -7.01913e+14  2.07769e+14  5.10479e+14  4.41623e+13  1.87136e+14 -6.44473e+14  2.41983e+14  -4.0179e+14  -4.1124e+13 -7.14282e+14 -2.08836e+14  6.26341e+14   2.1266e+14  1.27549e+14 -7.67663e+14   1.0209e+15 -1.58454e+14  4.38672e+14  5.03931e+14 -5.50558e+14 -1.72723e+14   5.1831e+13   2.3296e+14  5.32584e+14 -4.12353e+14  4.18949e+14 -1.98818e+14  -1.8848e+14 -1.62399e+14 -1.23451e+14  6.15925e+13  3.52226e+14  6.51405e+14 -7.04442e+14 -2.12316e+14 -2.08141e+14  6.23071e+14  6.25791e+14 -4.42835e+14  3.46605e+14  3.12914e+14  5.84768e+14  2.39235e+14 -6.44751e+14  4.70643e+14  2.28452e+14 -1.00064e+14  8.33082e+14 -2.62256e+14 -2.82774e+14 -4.28232e+14 -3.88824e+14  7.47604e+14  2.27451e+14  2.37249e+13  1.83087e+14 -4.18014e+14  2.84221e+14  2.48966e+14 -2.33701e+14 -4.31532e+13  9.09422e+14 -3.32839e+14 -4.86292e+14 -5.43694e+14  4.43179e+14  -6.5647e+14  2.83049e+14 -1.94509e+14  5.66581e+14  1.95201e+14  2.32166e+14  2.81654e+14 -8.77959e+14  5.96155e+14 -8.34529e+13 -4.31869e+14  1.58853e+14 -7.15576e+14 -6.08523e+13 -2.65066e+14 -4.17879e+14  5.69104e+13  5.28173e+14  2.02402e+14  5.41672e+14 -1.62637e+14  1.83343e+13 -5.01109e+14 -2.69469e+14 -4.64803e+14  2.61017e+14  2.25701e+14  5.29663e+14 -2.13458e+14
 -3.1374e+14  1.10809e+15 -9.59779e+14  8.86265e+14 -1.32126e+15  9.62893e+15 -8.69912e+14   1.0855e+15 -1.36464e+14 -8.48898e+14 -1.30024e+15  3.02986e+14  2.65541e+14 -9.46671e+13 -2.33385e+14  2.02593e+13 -2.72848e+14 -6.88956e+14  -2.0455e+14  1.29045e+15 -1.04983e+14 -1.23295e+15  -9.5432e+14  4.96998e+14  1.45361e+14  8.60081e+14 -4.22651e+13  3.18158e+14   4.8309e+14 -5.67033e+14  3.33331e+14 -3.22086e+13  2.14245e+14  2.48944e+13 -1.09315e+15 -1.72586e+13 -4.12912e+14  3.77325e+14 -7.26768e+14 -1.67695e+14  6.65443e+14  7.42398e+14  1.00248e+14  2.56033e+14  6.16929e+14  5.81787e+14  5.05483e+13  5.69521e+13  2.31619e+14 -4.01073e+14  3.47579e+14  8.45978e+13  7.13672e+13 -6.63973e+14 -6.33297e+14 -4.53901e+14  6.80456e+14  7.62568e+14  7.60977e+13  8.77556e+14  4.00069e+14 -3.25506e+14   3.3739e+14  1.43663e+14  4.94786e+13 -1.76721e+14 -1.30043e+14 -6.42246e+14  3.78397e+14 -1.95259e+14  3.08726e+14  5.15792e+14  6.12057e+14 -3.18773e+14 -6.10571e+14 -1.73405e+11  5.27733e+14 -1.60191e+14 -1.71928e+14  4.09884e+14  6.26497e+13 -7.36756e+14  3.81649e+14  9.07623e+12 -1.07906e+14  2.71315e+14  2.13024e+13  -9.0376e+13 -4.89227e+14  -5.6752e+14  2.63233e+14 -3.73068e+14 -6.42537e+13  -6.2843e+14 -3.64078e+14  1.10286e+14  3.59006e+14  4.07168e+14 -7.77872e+14 -2.75048e+14  8.21617e+14  2.27123e+13  9.54026e+13 -7.27425e+14 -4.80694e+14  1.49808e+14 -6.24361e+14   5.7874e+14  1.55602e+14  2.44451e+14 -5.40155e+14  3.01621e+14 -4.27177e+14  8.22129e+13 -2.53896e+14  -7.6867e+13 -4.30462e+14 -1.20661e+14  3.93774e+14  2.42934e+13  1.30594e+14 -4.21352e+14 -3.68835e+14 -8.49403e+14 -1.91241e+14 -1.11509e+15  4.70876e+14 -8.17821e+14   1.4677e+14 -1.15694e+14  3.76263e+14  4.98947e+14  2.27205e+14 -2.82371e+14   4.4731e+14  4.21488e+14  4.72353e+14  1.87439e+14 -3.03532e+14  2.82733e+14  7.08223e+14  4.70014e+14 -5.46767e+14 -3.98085e+14 -2.63068e+14  1.98133e+14  4.80499e+14  1.27145e+14 -3.47261e+14 -7.20272e+13  -9.9069e+13  5.73175e+14 -6.36135e+14  1.49404e+14 -6.43626e+14 -5.37583e+14 -8.74822e+14  -1.3942e+14 -3.04273e+13 -1.84143e+14 -2.44706e+14 -7.57716e+13 -3.86509e+13 -4.16142e+14
-1.44741e+15  4.25779e+15 -1.48887e+15  8.79756e+13 -4.84649e+14 -8.69912e+14  1.24862e+16  1.77727e+15  7.84393e+12 -2.57594e+14  6.37959e+14 -5.68156e+14  2.77247e+15 -1.30933e+15 -2.65914e+15  4.00768e+14  6.13756e+14 -3.96012e+14   2.2341e+14  -7.7794e+14 -5.14131e+14  6.21731e+14 -9.00389e+14 -1.29141e+15  6.25466e+14  -5.3159e+14  6.69422e+14   1.6474e+15 -3.61366e+12 -8.93912e+13 -4.00628e+14 -3.11555e+13  8.02171e+14  5.98773e+13  -1.1652e+15 -8.00008e+14  4.32734e+14  1.31975e+15  7.97484e+13 -4.42602e+14  2.26662e+14 -1.64052e+14 -1.44873e+14   2.2025e+14 -4.85382e+14 -7.90242e+14 -4.66883e+13 -3.97425e+14  7.32397e+14 -5.12669e+14  8.90563e+14 -5.49406e+14 -3.10051e+13  7.15758e+14  8.50502e+14 -1.56842e+14 -1.35907e+15 -4.64816e+14  -3.8614e+14 -5.97387e+14  4.85458e+11 -3.81523e+14  4.36588e+13  2.31869e+13  2.14017e+14  -5.6743e+14  4.34643e+14 -2.02616e+14 -1.72679e+14 -1.41926e+14  -2.2823e+14 -9.89276e+14  5.88057e+14  7.33228e+14 -3.93346e+14 -5.03201e+14  1.00209e+14  7.18031e+14  1.51528e+13 -6.60697e+14  2.39032e+14  8.12726e+14   9.7048e+14 -1.08055e+15  3.57991e+14  2.81435e+14 -7.65885e+13  6.00403e+14 -4.83751e+14 -3.03833e+14 -8.77021e+14 -9.08367e+13  2.57897e+14  -2.7053e+14 -1.71415e+14  1.74094e+14 -8.89427e+14 -4.17288e+14  9.32627e+14  8.71356e+14 -3.71653e+14  9.03475e+14  4.22821e+14 -5.52273e+14   4.3594e+10 -1.06735e+15  1.63457e+12  4.77184e+14  9.50547e+14 -1.21591e+14  9.07521e+14 -4.62146e+14 -3.35282e+14 -4.87649e+14  -1.9662e+14 -1.88836e+14 -1.21866e+14 -2.74248e+14 -1.34741e+14    1.781e+14 -2.28021e+14  8.16143e+13  1.84933e+14  1.85133e+14 -3.49269e+14  7.68611e+14 -9.12032e+14  3.61706e+13 -3.53335e+14  1.48438e+14  8.44003e+14  1.97415e+14 -7.27702e+14 -5.61242e+14 -1.00477e+15 -4.11289e+14 -1.20094e+15 -8.41466e+13  2.44673e+14 -1.50435e+14 -1.77118e+14  3.99481e+14  7.47723e+14   3.4107e+14  8.68894e+14  2.66824e+14  8.44672e+13   3.2105e+13 -7.88286e+14  9.80566e+14  6.21206e+14 -2.16617e+14   2.2638e+14  1.18857e+14  -1.8442e+14  5.42203e+13 -5.97283e+12  7.59371e+14  4.27846e+13  1.08347e+14 -1.30407e+14  1.17763e+14  2.93143e+14 -2.75639e+13
-8.57961e+14  1.91533e+15 -7.26216e+14 -7.25405e+14 -5.24496e+14   1.0855e+15  1.77727e+15  1.21305e+16 -1.73636e+15  2.13901e+14  6.46386e+14  -1.0207e+15  1.31613e+15 -6.54588e+14 -1.27777e+15  4.08494e+14  2.42774e+14  1.27604e+15   3.5869e+13  8.23127e+14  1.45934e+14  1.26248e+15 -1.93661e+15  7.38193e+14  3.19818e+14  3.49769e+13  4.31447e+14  9.70583e+14  6.25679e+14 -1.61778e+15  7.41028e+14  1.22341e+15  7.89018e+14 -6.62259e+14  1.17671e+14 -7.21009e+14 -1.06064e+15  1.02871e+15 -3.88909e+14 -3.02587e+13 -5.62578e+14  1.05767e+13  1.93162e+14  2.17696e+14  9.59942e+14  8.63524e+14 -4.65171e+13  4.45012e+14 -4.01857e+14  2.77643e+14  4.58498e+14 -3.91765e+14 -2.89998e+14  1.07717e+12  7.15753e+14  2.19123e+13  2.70421e+14 -1.28855e+14  5.58433e+14  2.13012e+14 -2.50328e+14  7.18132e+14   2.8144e+14  1.23952e+14  -2.8012e+14  7.45664e+14   4.1759e+13  -3.0271e+14  7.39412e+14  8.06195e+14  3.37812e+14 -8.12512e+14  -4.4987e+14  3.94403e+14  -2.7429e+14 -8.74456e+14 -3.25877e+14  4.55382e+14 -5.52746e+14 -1.25159e+14 -2.93713e+14  6.19819e+14  6.98784e+14  2.77412e+14 -2.94696e+14  1.05946e+15   1.1621e+14  1.22606e+14 -2.94736e+14  8.53919e+13 -6.74027e+14 -3.55232e+14 -9.61424e+13 -1.62688e+14 -9.90387e+14 -8.31607e+14  1.50841e+14 -1.30493e+14 -8.61012e+13  2.67438e+14  3.37302e+14  9.11114e+14  8.97894e+14   8.0574e+13  9.12074e+14 -8.39168e+14 -8.96595e+14 -5.62714e+14  -1.1466e+15 -2.42071e+14   2.7366e+13  -3.6309e+14  5.10164e+14 -7.73096e+14 -7.54955e+14 -1.89769e+14  7.96284e+14  1.55657e+14 -4.36835e+13  2.29734e+14  1.14349e+14  7.48917e+14 -7.90224e+14 -2.41214e+14 -5.33809e+14  2.16452e+14  9.38188e+14  5.17467e+14  4.40796e+14  8.46601e+14 -6.78037e+14  2.48697e+14  9.41551e+14 -7.40064e+13 -4.29101e+14 -1.36573e+14  5.05111e+14 -3.29329e+14 -7.77787e+14  7.40632e+14 -1.32989e+15  -3.9427e+14 -2.55162e+13  3.84169e+13 -4.61672e+14 -1.00206e+14  8.86007e+13  6.02405e+14  2.28646e+14 -1.90365e+14 -2.77073e+14 -3.01642e+13 -1.44504e+14   -5.067e+13 -2.32509e+14  5.70837e+14  9.41976e+14  9.42672e+14  5.61756e+14  1.74115e+14 -5.99513e+14  1.19167e+14  2.08589e+14 -2.36093e+14
  2.0757e+14  4.08997e+14  9.22614e+14 -1.38101e+15  8.99003e+14 -1.36464e+14  7.84393e+12 -1.73636e+15  1.03469e+16  3.29739e+14 -1.32193e+14 -1.08157e+15   4.7199e+14  2.15409e+13 -7.90512e+14 -1.11429e+14  9.56757e+14 -9.49885e+14 -1.68797e+14  -1.9487e+13  9.08427e+14 -1.04783e+15  -3.5513e+14 -6.45352e+14 -1.53006e+14 -1.57173e+14 -1.94967e+14 -2.70183e+13 -8.56326e+14  6.11439e+14 -2.36618e+14  3.13932e+14 -1.50179e+14 -7.22162e+14   1.1245e+13  9.07069e+14   2.9253e+14 -5.37705e+14 -2.11377e+14  -2.3272e+14  2.68929e+14  -4.1911e+14 -7.02073e+14  -2.0876e+14 -2.33424e+14 -1.17188e+15  7.03824e+14 -1.71963e+14  1.66488e+13 -8.54641e+12 -3.94318e+14  5.35032e+13 -7.11481e+14  1.54259e+14 -3.18143e+14 -1.13025e+15 -7.05722e+14 -1.65219e+14 -2.97694e+14 -1.66038e+12 -3.44496e+14 -4.28176e+14  5.09786e+14  2.44165e+14  4.04831e+14 -1.28473e+15  2.73042e+14  2.22883e+14  1.02946e+15 -1.66164e+14 -1.34036e+14 -6.85933e+14 -3.01458e+14  1.63383e+14   7.8017e+14  6.51192e+14 -9.65182e+13  3.78402e+13  1.10833e+14  2.61108e+14 -3.29822e+14  4.51067e+14 -8.55207e+14  -1.0917e+15 -3.40349e+14 -1.34045e+14  2.87929e+14 -2.30916e+14  6.43332e+14  -1.9338e+14  3.95906e+14 -1.27269e+14  7.84394e+14  8.15994e+13  2.47629e+14  1.20847e+14 -2.31119e+14  3.63426e+14 -1.22847e+15  5.00691e+14 -2.06903e+14 -3.08386e+14 -6.91201e+14  3.66338e+14 -2.02509e+14 -2.58578e+14  3.14497e+14  6.45191e+14   -2.616e+13  2.30169e+13  6.06421e+14 -4.25687e+14  4.82989e+13  1.01891e+14  -3.7752e+14   -3.868e+14 -1.51767e+14  -3.6389e+14 -2.67006e+13 -7.25767e+14  6.33277e+13  4.88171e+14   7.4356e+14 -3.77348e+14  5.70246e+14  2.53268e+14  1.23926e+14 -6.87801e+13  1.26153e+14 -3.45488e+14 -4.90839e+13 -9.60532e+14 -1.13066e+15  5.01406e+13 -2.58689e+14 -5.90666e+14  -9.3109e+12 -7.76543e+14     6.97e+14  2.67834e+14  7.05396e+14  4.13821e+14 -9.45437e+13 -3.46832e+14 -9.56941e+14  7.25045e+14 -3.98497e+14 -6.23354e+14  7.78053e+14  5.31774e+14  4.80441e+14  2.34962e+13  3.32026e+14   1.6113e+14   2.4165e+14 -4.10232e+14 -2.14207e+14 -4.86859e+14 -3.46662e+14 -5.52648e+14  5.21828e+14  3.83934e+14  7.54889e+14  1.12227e+15
-1.62957e+14  4.75583e+14  6.42113e+14  1.33622e+15  7.34039e+14 -8.48898e+14 -2.57594e+14  2.13901e+14  3.29739e+14  1.06781e+16  1.59224e+14 -7.08126e+14 -6.17462e+14  3.58871e+14 -8.05462e+13 -5.78694e+14 -9.39829e+14  1.95002e+15 -7.12402e+14 -1.64238e+14 -4.16633e+14  9.11564e+14   4.3636e+14 -1.29772e+13  5.20785e+14 -4.12409e+12 -6.62441e+14 -6.20617e+14  -1.7084e+15  -5.7758e+14  3.78507e+14 -2.35668e+14 -6.78641e+14 -2.27843e+14  4.27634e+14  9.91184e+14  -4.7431e+14    2.949e+14 -7.91056e+14  5.85416e+12 -7.13147e+14  1.52834e+14  6.50516e+14 -7.65301e+14  2.09197e+14  6.00455e+14 -1.84582e+14  4.92763e+14 -4.78472e+14  1.00266e+15 -2.64001e+14 -1.56334e+14  8.57008e+13  8.95024e+14 -3.68891e+14  4.77696e+13  3.56973e+14 -7.92294e+14  2.76171e+13 -7.68569e+14 -2.40553e+14 -3.41613e+14  3.20623e+14 -7.45935e+14  -4.7903e+14  1.07589e+14  6.49341e+12 -8.93899e+13  8.78198e+14 -2.69977e+14  4.21316e+14 -3.55191e+14  4.23196e+14 -2.31566e+14  7.98432e+14 -1.92315e+14 -7.34829e+14 -2.20435e+14 -6.82613e+14  5.29539e+14 -2.23442e+14  4.12499e+14 -3.52336e+14  2.77111e+14  6.18245e+14  4.18404e+14 -1.60687e+14  4.14481e+14 -2.06828e+14 -3.32207e+13 -8.61489e+13  3.37029e+14 -2.59007e+14  1.68279e+15  2.00477e+14 -9.66437e+14 -4.08514e+14 -2.70281e+14  5.09174e+14 -8.96573e+14  6.73137e+13  2.90297e+14  1.34428e+14  7.49378e+14  3.34611e+14 -4.61198e+14  2.23337e+13 -2.97252e+14  5.96082e+13 -2.87145e+14  5.12957e+14 -4.29241e+14  5.22246e+14   1.3745e+14  4.80973e+14 -4.72582e+14  1.42896e+14  2.21394e+14  3.46284e+14 -4.50948e+14  -7.9597e+14  6.72117e+14 -4.23539e+14 -2.53335e+14  3.85508e+14  1.55457e+14  -4.2371e+14  2.51159e+14  3.83562e+14 -2.92979e+14   -6.383e+14 -4.51989e+14 -3.00499e+14 -4.35367e+13 -5.44312e+14  4.29944e+14 -1.01793e+14  5.66717e+13  1.02018e+14  3.01605e+14 -9.28023e+14  6.88883e+14 -1.26004e+15  9.10304e+14 -1.11195e+15  2.33627e+14  4.33068e+14 -1.56517e+13 -4.12704e+14  2.79609e+14  8.26163e+14  6.60542e+14  1.50128e+15 -4.42972e+13  2.11271e+14  5.34784e+13 -2.21505e+13 -5.29962e+14 -3.91854e+14  -3.0421e+12 -6.37158e+14 -1.42917e+14  4.75683e+14  2.62051e+14
-2.34294e+14 -2.05293e+15  1.17349e+15 -1.78756e+13  -9.1842e+14 -1.30024e+15  6.37959e+14  6.46386e+14 -1.32193e+14  1.59224e+14  1.27454e+16 -5.68354e+14 -4.25678e+14  -1.5451e+15  1.63279e+15  7.91556e+14  6.43585e+14  1.25759e+15  8.91626e+14 -1.58879e+15 -6.37467e+14  1.09365e+15 -8.59282e+12  -1.4466e+14  8.32524e+14  2.55038e+14  1.20712e+15 -9.01588e+13  1.15904e+14 -2.60132e+14  1.11116e+15  2.18896e+14  1.49326e+14  1.20083e+14  6.27509e+14 -1.26983e+15 -1.46226e+15  1.55393e+15 -2.81253e+14 -4.77214e+14 -1.01453e+15  2.24535e+14 -2.60516e+14 -1.98086e+14  6.26032e+14 -4.73001e+13 -4.36273e+14  4.49966e+11   -1.103e+15  9.54087e+13 -1.13047e+15 -7.22662e+14  1.64655e+14 -5.09102e+14  5.10765e+14  3.86094e+14 -2.25442e+14  3.26175e+14 -1.40512e+14  7.37331e+14 -5.27705e+14  7.31467e+13  7.30227e+14   1.0137e+15 -1.11731e+15  6.67396e+14  5.05817e+14  3.64963e+14   6.5674e+14 -4.59407e+14  8.64334e+14  4.37606e+14 -4.68288e+14 -2.37636e+14  1.47712e+14 -1.40983e+15 -3.93851e+14 -3.84087e+14  5.70309e+14  7.08656e+14 -2.02104e+14 -4.84534e+14  5.78697e+14 -9.92739e+13 -4.47249e+13  1.95609e+14  2.01767e+14 -8.77703e+14  -2.9036e+14  7.14967e+11 -6.72374e+14  1.36523e+14 -4.06694e+14  3.27684e+14  4.37389e+14 -5.33356e+14  2.14012e+13  1.17967e+15 -3.12677e+14  4.10882e+14  3.60859e+14 -5.69823e+14   4.4796e+14  7.52489e+14 -5.97866e+14 -4.31015e+14   7.8504e+13 -4.41403e+14 -3.17741e+14 -2.55187e+14  1.23067e+14 -4.95406e+14 -2.52634e+14 -5.77985e+14  1.01614e+14  4.64663e+14 -7.53258e+14 -5.51174e+14  -2.5117e+14 -2.14227e+14 -3.13126e+13 -4.74551e+13 -1.48123e+14 -7.70113e+14 -6.02145e+14  1.12623e+14  6.29171e+14 -4.34121e+14  1.81385e+13 -1.79354e+14 -1.52933e+14  2.63159e+14  1.93162e+14  8.78123e+14 -6.98231e+14  1.07927e+15 -1.15172e+14 -9.41952e+14 -1.44792e+15 -1.79221e+14 -1.02003e+15 -6.61106e+14  2.89657e+13  5.54968e+14 -3.49165e+14 -4.12366e+13  2.85544e+14  8.18102e+14  7.99694e+14 -2.32426e+14 -8.02529e+14  1.62138e+14 -6.25693e+14  7.37268e+14 -7.17503e+14  6.48841e+14   2.6253e+14   9.6416e+13 -5.48337e+14  4.74986e+14 -4.44784e+14 -4.33088e+14 -3.52367e+14 -1.05653e+15
-3.36951e+14   1.1855e+15 -5.96478e+14  -3.8129e+13 -6.68548e+13  3.02986e+14 -5.68156e+14  -1.0207e+15 -1.08157e+15 -7.08126e+14 -5.68354e+14  1.09252e+16 -1.13067e+15  2.43366e+13 -2.19387e+14  4.27974e+13 -2.98941e+14 -9.18432e+14 -4.13224e+14 -2.66027e+14 -1.89655e+14  3.46151e+14 -5.17618e+14 -2.92876e+14 -3.09393e+14  1.09919e+15  1.56463e+14 -8.44727e+14 -1.60122e+14 -4.38371e+14  2.69391e+14 -5.47309e+14  2.02405e+14 -6.31049e+14 -5.86682e+14  1.33793e+14  8.59326e+12 -3.75038e+13  9.96404e+14 -2.74101e+14  8.47717e+14 -1.06035e+15  8.18071e+14  3.46197e+14 -1.33055e+15  1.21492e+15  4.60589e+14 -3.75858e+14 -8.29649e+14  2.50909e+14  2.44415e+14  1.67732e+13  3.48148e+14  3.04279e+14 -9.68603e+13  -3.5327e+14  6.28546e+13  5.95709e+14 -7.41386e+14  1.86725e+14  1.04809e+15  4.10833e+14  4.70866e+14  5.23821e+14  2.50183e+14   6.8522e+14  4.09563e+13  7.67519e+14 -2.89443e+14 -3.41761e+14 -2.56053e+14  3.60359e+14 -7.24706e+14  3.66734e+14  9.67711e+14 -2.21596e+13   1.1948e+15 -3.59579e+14  1.27264e+15  -7.0416e+13 -3.96768e+13  1.13925e+14 -5.88689e+13  2.97016e+14 -6.51901e+14 -1.47984e+14 -2.71859e+14 -2.90137e+14  1.11356e+15 -9.98961e+13  2.66731e+14 -3.35199e+14 -4.08291e+14 -2.30055e+14  3.46622e+14 -1.72406e+14 -8.68455e+14 -4.19246e+14 -2.46187e+14 -4.29877e+14  8.25247e+14 -1.20009e+15 -1.59139e+15 -5.63928e+14   6.4349e+14  5.84343e+14  4.52074e+14 -2.27539e+14  4.42231e+14 -7.06724e+13 -2.07195e+14  1.47439e+14  3.53364e+14  2.11162e+14  2.42135e+14 -1.12888e+14  -4.3806e+14  8.82636e+14  4.28093e+14 -2.87316e+14  6.78031e+13 -7.03156e+14 -2.09819e+14 -3.37685e+14  1.07943e+14 -4.41507e+14  -1.4361e+14  4.60193e+14 -7.38454e+14 -9.18372e+14  4.25315e+14  6.95778e+14  6.36524e+14  4.06714e+14  5.00939e+14 -1.06135e+14 -4.76766e+14  4.58551e+14  7.07185e+14  1.37848e+15 -6.43619e+13   1.8708e+14 -2.06309e+14  1.75154e+14  4.10806e+14  1.36117e+15 -2.22436e+14 -2.37912e+14 -5.24428e+14 -7.77953e+14 -5.79178e+13  -8.0516e+13  4.75758e+14 -8.53319e+14  2.75271e+14  1.47995e+14  -2.1498e+14  9.41305e+13 -5.61375e+14 -1.32914e+14  1.49371e+14 -5.45675e+14 -8.02567e+14 -2.91857e+14
-1.01392e+15  1.70272e+15 -1.78189e+15  1.13966e+13   1.0092e+14  2.65541e+14  2.77247e+15  1.31613e+15   4.7199e+14 -6.17462e+14 -4.25678e+14 -1.13067e+15  1.36296e+16 -2.92884e+14  -2.1682e+15 -3.14082e+14  8.35989e+14 -3.58407e+14  1.32773e+15  6.05512e+14 -1.09056e+14    2.521e+14 -6.76777e+14   4.8819e+14 -2.67538e+14 -1.07496e+14   1.9295e+15 -5.18158e+14 -3.22454e+14  2.00631e+13  4.33265e+14  1.29894e+15  1.01804e+14 -7.80798e+14  4.15041e+14 -5.74212e+14  5.93671e+14 -7.73595e+14  6.12968e+14 -4.19771e+14 -9.53917e+14  7.65184e+14 -4.40064e+14  1.33866e+15 -7.12792e+14 -5.30018e+14  1.13766e+15  -3.4159e+14 -6.37672e+14 -5.89038e+12  3.23267e+14 -3.91335e+14  3.59465e+14 -2.38071e+14  5.53231e+14 -4.66667e+13  -1.3434e+15 -4.64139e+14  1.65055e+14 -1.28442e+14 -1.33872e+15 -7.88095e+14  -8.9239e+14 -6.54665e+14  6.06119e+13 -8.60783e+14  8.88427e+14 -2.04342e+14 -9.91972e+13   6.4811e+14 -1.84228e+14 -5.50927e+14  4.72789e+13  2.97248e+14 -6.26579e+14  1.12175e+14  1.13447e+15   8.3621e+14 -4.36088e+14    6.732e+14  6.08992e+14  1.06863e+14  7.66663e+14 -3.21104e+14  1.65865e+14  1.69153e+14  3.89342e+14  1.45175e+14  1.92155e+14 -5.81336e+14 -1.42858e+14  -3.8427e+14 -4.51762e+13  -7.0508e+14  2.89669e+14  5.62972e+14  8.93969e+14 -3.11435e+14 -5.53626e+14  3.45159e+14  4.85892e+14  4.98046e+14 -1.03882e+14  1.07668e+15 -2.28966e+14  -2.9345e+14  4.76345e+14  5.16303e+13  3.67139e+14  6.41237e+13  2.19321e+14   3.9672e+14 -1.70878e+14  5.97337e+13 -3.25559e+13 -3.73626e+14  5.39032e+14  -4.9966e+14 -1.25379e+15  8.24293e+14   1.9284e+14   3.3134e+14 -4.24812e+12 -1.03626e+14 -9.06401e+14  -3.9628e+14  8.09151e+14 -4.14207e+14  4.14879e+14  1.07468e+15   4.5412e+14   1.2488e+14 -4.83297e+14  1.24056e+14 -1.39757e+15 -2.03931e+14 -4.71045e+13  -3.2008e+14 -4.36992e+14 -3.45616e+14  8.67613e+14 -3.54082e+14  4.36452e+14  7.68987e+14  3.41706e+14 -7.66937e+14 -1.48832e+14 -1.13766e+14  5.83391e+14  8.57824e+14  7.63392e+14 -1.23834e+14  5.58342e+14 -8.86668e+14 -1.81037e+14 -6.60336e+14 -4.94583e+14 -1.33315e+14  6.08736e+14 -4.29289e+14  4.26087e+14 -4.07642e+14  2.44728e+14  2.81416e+14
 3.32466e+14 -1.12685e+15 -8.05782e+14 -4.25384e+13  5.19284e+14 -9.46671e+13 -1.30933e+15 -6.54588e+14  2.15409e+13  3.58871e+14  -1.5451e+15  2.43366e+13 -2.92884e+14  1.08707e+16  5.35441e+14 -5.08417e+14  2.27646e+13 -2.94474e+14 -3.08759e+14   1.0726e+15 -7.11246e+13 -1.48767e+14  1.11347e+14  2.63053e+14  5.18675e+14  2.59913e+14  -1.2777e+15  4.37751e+14  1.39782e+15  5.45848e+14 -7.95509e+14  3.53103e+14 -1.24211e+15 -3.47413e+14 -3.04703e+14  3.01907e+14 -1.01537e+13 -1.22716e+15  -8.4284e+13  9.08866e+14  1.14564e+15 -1.15025e+14  3.19635e+14 -8.07932e+14 -4.57436e+14  2.56751e+14 -9.42537e+14  4.67046e+14 -7.20999e+14  2.22612e+14 -4.15109e+14 -5.22779e+14  3.57669e+14  8.30104e+14 -6.43355e+13  1.25059e+15 -3.03368e+14  2.23682e+14  8.19022e+14 -1.03486e+14 -6.09737e+13  3.36587e+14  1.29014e+14 -7.08917e+14  3.01131e+14 -4.63231e+14  1.19265e+14  1.69294e+14 -8.65849e+14  2.10907e+14 -7.15752e+14  5.55444e+14   2.5678e+14 -3.89781e+14  7.83371e+13  1.37847e+14 -4.30482e+14  1.99476e+14  5.20118e+14 -4.00102e+13  3.87029e+14  6.22766e+13 -5.71564e+14  6.09572e+14  2.43594e+14 -3.54001e+14  9.49518e+14  3.00396e+14 -3.14568e+14  3.26768e+14 -4.73596e+14  9.30669e+14  5.30749e+14 -4.51719e+14  5.26277e+14  5.82217e+14  8.10598e+14 -4.58458e+14  4.97006e+14 -5.35945e+14  3.05886e+14 -1.58638e+14 -2.30055e+14  1.98118e+13   2.3406e+14  1.58861e+14  3.65378e+14 -3.39505e+13 -5.40313e+14 -2.05346e+14  6.48409e+14 -3.98414e+14 -8.26222e+13  8.67722e+14 -3.74144e+14 -1.84439e+14  7.17288e+14  3.45553e+14 -9.67606e+13 -8.60756e+14 -5.78306e+14 -1.60837e+13 -4.42006e+13  9.37141e+14  5.54035e+14 -7.76877e+14  -2.5852e+14  9.68024e+14   2.7684e+14  -3.2203e+14  8.91887e+14  1.04602e+13  -3.7826e+14 -1.92309e+14 -5.79915e+14 -8.17249e+14 -4.45892e+14  9.43823e+13  1.27258e+15 -7.80894e+14  5.45083e+14  4.26924e+14  9.13071e+13  4.73804e+14  3.84295e+14  1.33089e+14 -7.90205e+14 -6.83027e+14 -7.61436e+14  9.91946e+13 -3.85106e+14 -2.32049e+14 -4.68329e+14 -1.54024e+14  2.32343e+14 -3.58974e+13 -2.85802e+13  1.13119e+14 -6.30688e+14  1.23088e+14  5.12501e+14 -5.00795e+13 -4.17828e+14 -2.64019e+13
 1.14298e+15  -3.7289e+15  2.67764e+15  -2.7904e+14 -1.58028e+14 -2.33385e+14 -2.65914e+15 -1.27777e+15 -7.90512e+14 -8.05462e+13  1.63279e+15 -2.19387e+14  -2.1682e+15  5.35441e+14  1.37656e+16 -6.71778e+14  5.53125e+14  1.82484e+13  5.29198e+13  1.17644e+15  7.10578e+13  1.65022e+14 -7.30901e+14  2.35656e+14 -2.47917e+13  5.57319e+14  1.82377e+14  3.81386e+14 -4.14429e+14  9.25043e+14 -7.74567e+14 -1.62347e+15 -5.23299e+14  1.12373e+15  1.69449e+14  1.10619e+15 -1.13028e+15   2.0256e+14 -7.21721e+14 -8.78837e+14 -7.30907e+14  6.94885e+14  3.31319e+14 -1.19324e+14  1.12385e+15 -1.10033e+15 -7.00993e+14  7.01068e+14 -1.12755e+14  4.31352e+14 -1.33748e+15 -4.59573e+14 -6.51041e+14 -1.07281e+15  -5.0785e+14  5.74335e+14 -2.60328e+14 -2.46632e+14 -9.37696e+14 -4.10665e+14 -6.63421e+14  4.33684e+14  2.53361e+13 -6.47104e+14  1.33505e+14  8.02451e+14 -5.20943e+14  9.42765e+14   1.8222e+14 -2.85614e+14 -2.35444e+13  2.02205e+14 -5.06429e+14 -6.78859e+14  1.84802e+14  2.03706e+14 -3.83144e+14  3.56748e+12 -3.61346e+14  1.19187e+15  5.10564e+13 -1.06171e+15 -3.82836e+14  1.67183e+15 -1.90509e+14  1.16518e+15 -1.71631e+14 -2.12942e+14 -1.51427e+15 -4.20427e+14  1.02029e+15 -2.56722e+13 -8.82158e+14  1.53498e+13  8.98886e+14  3.37131e+14  5.03214e+14  7.17423e+14  1.26827e+14    4.191e+14  1.70848e+14 -4.04403e+14  5.21254e+14  1.19882e+15  2.28126e+14 -8.47331e+14 -1.22984e+14  5.29055e+14 -9.82275e+14 -6.81278e+14  1.89919e+14 -7.45141e+14  4.02427e+14  6.66803e+14  4.34299e+14 -2.36369e+14 -8.17809e+13 -1.00407e+14   2.8518e+14  5.84294e+13  2.74766e+14  3.00633e+14  -1.7544e+13 -1.09724e+14  1.30171e+15 -3.15302e+14  6.98581e+14 -3.16845e+14   4.7455e+14 -1.62744e+14 -3.49913e+14 -2.71237e+14  4.64503e+14  9.24935e+14 -3.67587e+14  4.69573e+14  5.69813e+14 -7.67865e+13  1.08061e+14 -3.97364e+14 -2.65638e+14  8.29408e+14 -1.62155e+14  1.10167e+14  3.59567e+14  8.11146e+14  9.04366e+14    -5.32e+14  3.66876e+14 -4.97037e+13 -6.64784e+14 -4.41829e+14 -7.96791e+14 -5.34448e+14  5.27327e+14 -6.43802e+14  6.26753e+13 -5.11374e+14 -4.27677e+14  8.79365e+14  3.18894e+14  5.71386e+13  8.27143e+12   -7.088e+14
 -4.8805e+13  5.32367e+14 -4.49571e+14  1.38752e+15  9.95926e+14  2.02593e+13  4.00768e+14  4.08494e+14 -1.11429e+14 -5.78694e+14  7.91556e+14  4.27974e+13 -3.14082e+14 -5.08417e+14 -6.71778e+14   1.1325e+16  1.30598e+14 -1.71577e+14 -1.31312e+14  2.54677e+14  3.46458e+14  4.48364e+14  6.98373e+14 -4.26055e+14 -4.62234e+14  9.34347e+13 -5.00189e+14 -3.66448e+14 -9.60917e+13  -3.7247e+14  2.64882e+14 -2.27622e+14 -4.04806e+14  -3.0031e+14 -3.10901e+14 -7.96675e+14  6.47045e+14 -1.13568e+13 -7.34279e+14 -5.84373e+14  2.85161e+14 -8.40556e+14  1.11097e+15 -4.70007e+14  9.94573e+13 -5.41734e+14  1.44989e+15 -2.84566e+14 -5.76638e+13 -1.31369e+15 -7.35783e+13  8.79668e+13  1.81215e+14  2.40527e+14 -3.89962e+14 -1.82575e+14   2.0912e+14  2.81075e+14  -1.1607e+15 -4.86337e+13 -2.29477e+14   1.8066e+14  5.44459e+14  4.38113e+14  3.17706e+14  5.90524e+14  2.41471e+14  1.57213e+12  6.87257e+14  3.26841e+14  7.07185e+14 -9.17412e+14 -2.48827e+14  3.87841e+14 -4.11574e+14  1.53002e+14 -3.86085e+14  -6.9445e+14 -7.16154e+13 -1.02241e+14 -7.80652e+14 -3.81433e+14 -3.72732e+13  9.74626e+13  -8.4109e+14  9.88986e+14 -4.77279e+14 -4.67138e+14  2.87192e+14 -6.36902e+14  2.16715e+14  9.04064e+14 -3.28225e+14 -3.18082e+13  5.99645e+14  9.32176e+14 -4.29247e+14 -7.56385e+13 -6.97539e+14  6.70229e+14 -8.39846e+13  -1.5601e+14  3.94678e+14 -2.88202e+14 -4.01668e+14  6.30268e+14  6.33283e+14 -7.35614e+14 -5.73689e+14 -3.39455e+14  2.71498e+14  1.82308e+11  9.82117e+13 -7.44277e+14  2.28674e+14  9.09748e+14  3.04616e+13  -5.2282e+14    1.261e+14 -4.30328e+13 -1.45525e+14 -3.54091e+14  3.16185e+14  -6.5844e+13  2.61881e+14 -3.45104e+14 -3.93037e+14  2.75538e+13  9.18717e+14 -2.23304e+14 -2.53268e+14 -1.21186e+14  4.55105e+12  2.12296e+14 -1.27515e+14  6.82969e+13  1.36403e+14  7.08398e+14 -9.01243e+13  2.81956e+14  8.22477e+13 -1.80512e+13   1.5321e+14 -3.36568e+14 -5.00893e+14 -3.33993e+13 -1.33851e+14  6.50121e+14 -4.64879e+14 -2.96875e+14  -1.1762e+15  6.47132e+14  4.83297e+14  1.50835e+14  2.02723e+14  2.71733e+14   6.6872e+13 -3.70216e+14  -3.0881e+13  2.36075e+14  5.16763e+13 -2.15187e+13  4.29676e+14   -1.483e+14
-4.24309e+14  -7.6037e+13  2.94075e+13  5.90026e+14 -2.58752e+14 -2.72848e+14  6.13756e+14  2.42774e+14  9.56757e+14 -9.39829e+14  6.43585e+14 -2.98941e+14  8.35989e+14  2.27646e+13  5.53125e+14  1.30598e+14  1.10347e+16 -1.04319e+15  9.28183e+14  1.02186e+15  9.92946e+14  1.90408e+14 -1.15038e+14  4.34992e+14  2.25002e+14  7.63643e+14  1.08853e+15  1.45505e+14  8.09197e+14  1.05053e+14  2.83883e+14  2.98932e+14  1.07026e+15 -3.37438e+14  1.01251e+14 -1.06844e+14 -1.43541e+13 -5.67691e+14 -1.13038e+15  7.06921e+14  6.60874e+13  7.56824e+12  3.35811e+14 -8.84431e+14  2.35282e+14  2.03411e+13  3.34516e+14  7.89827e+14 -1.79044e+14 -4.00515e+14  1.07214e+15 -4.25313e+14  1.90954e+14 -4.02508e+13 -8.71179e+14  -4.3135e+14 -1.31978e+15 -2.21099e+12  1.65503e+15   2.8736e+14 -7.94136e+13  2.90499e+14  7.34019e+14  -1.0284e+14  1.58426e+14   1.8777e+14  6.25844e+14  2.65984e+14 -4.98551e+14 -7.72285e+13  1.09466e+14   7.7195e+14 -4.72199e+13  4.18678e+14   -6.387e+13 -1.06002e+15 -1.10338e+15  5.25887e+14  6.13583e+14 -1.68536e+14  5.06972e+13 -5.43508e+14 -8.90166e+14  5.50631e+14 -5.74948e+13  7.28979e+14   1.1433e+14 -7.14779e+14  -4.9142e+14 -4.80727e+14 -1.07601e+14 -9.50127e+14  2.72026e+14  9.29852e+14  6.46483e+14 -1.13452e+14  5.53119e+14   8.2759e+14  1.17399e+14  3.78479e+14  -6.9868e+14  3.36112e+13  4.51131e+14  4.68365e+14 -6.04326e+14 -6.55442e+14  7.41498e+14 -2.88567e+14 -8.71556e+14  3.61223e+11  2.73406e+14 -8.26471e+14 -2.53468e+13 -1.40915e+14 -5.82755e+14  5.99889e+14  5.49449e+14  -4.5298e+14 -1.02899e+15  4.22483e+14  1.25443e+14 -1.58895e+14  1.72633e+14  2.56663e+14  5.83224e+14 -2.44091e+14   2.4015e+14  1.97969e+14  9.69391e+13  3.31456e+14 -3.44298e+14 -5.91269e+13    3.104e+14  2.09984e+14 -1.54145e+14 -1.91357e+14  4.69433e+14 -1.17562e+13 -5.33264e+14  2.30012e+14 -1.52755e+14  6.67981e+14 -3.00478e+14  -3.9803e+14   9.5754e+14 -5.10674e+14 -4.44707e+14  4.78263e+14  1.04328e+15  5.71241e+13 -7.11485e+13 -7.16001e+14 -1.03523e+14 -6.64075e+13 -1.85623e+14  6.08789e+14  6.04441e+14   6.7766e+14  7.76009e+13 -1.54409e+14  6.58954e+14 -1.12434e+14 -1.97764e+14  1.99388e+14
 3.71691e+13 -3.89443e+14  8.80874e+14 -3.40061e+14 -9.53303e+13 -6.88956e+14 -3.96012e+14  1.27604e+15 -9.49885e+14  1.95002e+15  1.25759e+15 -9.18432e+14 -3.58407e+14 -2.94474e+14  1.82484e+13 -1.71577e+14 -1.04319e+15  1.12393e+16  6.31974e+14  2.05129e+14 -6.04137e+13 -9.87217e+12  7.04065e+13  8.19262e+14  6.37939e+14 -6.67456e+14  2.95021e+14 -7.14651e+13  1.65489e+14  -1.1289e+14   3.7689e+14 -6.86382e+14 -1.77621e+13  1.90824e+14  9.90306e+14 -4.68001e+14  2.41227e+14  9.34987e+14 -1.11132e+15 -9.86634e+13 -8.05322e+13 -1.70567e+14  2.62205e+14  2.26108e+14  2.59626e+14  1.21747e+15  2.96819e+14 -9.88808e+14  1.69738e+14 -3.86583e+14 -9.59091e+14 -6.08161e+14 -9.94165e+14  9.28331e+14  2.62549e+14  4.52553e+14  7.78439e+14  5.15141e+14  -2.2911e+14 -2.74797e+13  -3.2483e+14   -1.196e+14  2.01576e+14 -8.26817e+14 -8.76935e+14 -2.49658e+14 -1.00235e+15 -9.05501e+14 -2.56814e+14  2.09839e+14  6.91635e+14  3.43057e+13 -1.70242e+14  4.23973e+14  3.56232e+14 -8.42917e+14 -5.04451e+14 -8.57836e+14 -2.60793e+13  1.29127e+15 -1.06556e+14  4.17214e+14  2.89636e+14  5.05988e+14  3.02763e+13  1.51496e+14 -1.80075e+14  1.92318e+14 -5.12439e+14  3.30385e+14 -1.18871e+14   6.6323e+14   9.0835e+14  5.35077e+13  -7.1545e+14 -5.92684e+14 -1.05672e+14 -2.17552e+14    1.693e+14  -6.3437e+14  1.87827e+14 -4.12518e+14 -7.59709e+13  5.67829e+14  6.37418e+14  1.48447e+14  3.20484e+14 -4.88181e+14  1.08751e+15 -3.19186e+14 -2.16331e+14 -1.19076e+14  2.87731e+14 -4.44499e+13  5.27249e+14 -3.16464e+14  3.58832e+14 -2.52897e+14 -3.13852e+14 -1.15812e+15  4.49237e+14  7.00075e+14   1.3586e+14  2.84243e+14 -4.37697e+13 -3.54171e+14  5.53449e+13  4.40199e+14  4.63486e+14   7.6616e+14 -8.80517e+13 -2.49001e+14  6.76304e+14  4.28948e+14  1.16792e+14  3.01458e+14 -8.73817e+14  -6.7443e+14 -4.90073e+14  3.10815e+14 -7.19841e+14 -5.36768e+14 -1.15151e+14  9.75852e+14 -1.24248e+15 -8.26971e+14  3.24009e+14  8.36657e+14  5.13294e+14  2.03702e+14 -1.02647e+15 -2.53969e+13  6.23552e+14   3.6091e+14  6.59711e+13  2.75332e+14  1.89031e+14  1.79532e+14 -1.42574e+14  1.23354e+15 -8.25177e+14 -2.63197e+14  7.42395e+14 -4.94525e+14
