 1.87149e+10 -2.51439e+10   8.3253e+09 -4.59332e+09  3.45545e+09 -4.78727e+09 -2.20856e+10 -1.30914e+10  3.16725e+09 -2.48652e+09 -3.57503e+09 -5.14144e+09 -1.54711e+10  5.07301e+09  1.74405e+10 -7.44702e+08 -6.47442e+09  5.67153e+08 -4.25074e+08 -9.35619e+08 -4.52484e+08 -1.56436e+09 -2.83379e+09 -1.59865e+09  1.68627e+07 -7.85541e+08 -8.19145e+08 -5.74701e+06  5.01104e+07  5.94828e+09   -4.464e+09 -3.44829e+09  -3.9505e+09  2.80996e+09  2.33865e+08  2.18584e+09  2.35593e+09 -2.33066e+09  -1.2213e+06 -2.25469e+09  7.27295e+09  7.18816e+08  6.40907e+09  8.06563e+08  6.71489e+09  -4.2733e+09  9.59038e+08  1.39039e+09  5.92723e+09  -4.7543e+08  -6.9859e+09  1.09312e+09 -4.25286e+09   -5.648e+09 -7.12434e+09 -1.78595e+08  6.22291e+09  -4.4478e+07 -8.36553e+08  3.38713e+09 -4.70042e+08   2.8697e+09 -2.99566e+09 -1.69088e+09  2.07944e+09 -3.68849e+09 -3.01314e+09  1.11263e+09  1.50447e+09 -9.46354e+08  4.40893e+09 -5.34039e+09  1.68599e+08 -1.06547e+09  2.53461e+09  4.87507e+09 -4.92839e+09 -9.50809e+09  -2.2041e+09  8.97546e+08  -9.1979e+07  2.14605e+09 -3.97554e+09  3.32936e+09 -6.97166e+08  2.88055e+09  1.96156e+09  2.37604e+09 -2.41371e+09  3.27484e+09  2.42564e+08  9.20812e+08 -1.84907e+09 -9.67254e+08  7.62373e+08  3.14925e+09  5.05183e+09 -4.46187e+08 -5.87035e+08  2.84213e+09   1.8917e+08  9.31385e+08 -4.57343e+08  2.16533e+09 -1.56364e+09  3.73746e+09  1.46785e+09 -1.99366e+09 -6.68449e+09   2.5149e+09  1.79817e+09  1.23433e+09  3.93098e+09  6.05409e+09   3.9486e+09 -2.37418e+08 -7.60352e+07  4.52262e+09  2.35723e+09  -1.7989e+09  4.15092e+09 -8.91191e+08 -5.49359e+09  4.08536e+09  1.84927e+09 -1.45025e+09 -1.35774e+09  2.83579e+09  -6.4705e+09 -1.45106e+09  6.18892e+08 -1.50205e+09 -3.40829e+09   4.8148e+09  2.31469e+09  2.05215e+09 -6.75252e+08  1.95802e+09  3.28449e+09 -2.36496e+09   4.3539e+09  7.31842e+08 -2.48941e+09  1.21974e+09  -8.5163e+08 -9.99206e+08  4.40545e+09  -3.1589e+09  1.45543e+09 -6.83443e+08  -3.7069e+08 -4.74235e+09 -7.67891e+08 -1.84109e+09   4.0157e+09 -2.86163e+09 -3.40625e+09 -2.10149e+09  -2.6779e+09  1.54191e+09  2.84382e+09  1.19264e+09 -9.97947e+08 -1.06118e+08
-2.51439e+10  1.76562e+11  -3.1153e+10  3.34199e+10  2.22656e+10   1.6908e+10  6.49685e+10  2.92254e+10  6.24078e+09  7.25679e+09 -3.13251e+10  1.80893e+10  2.59814e+10 -1.71943e+10 -5.68983e+10  8.12324e+09 -1.16023e+09  -5.9424e+09 -4.01937e+09 -1.31626e+10  6.26008e+09 -2.58546e+10   7.5284e+09 -1.62053e+10  2.20938e+09  1.73731e+09  2.90187e+08  6.27525e+08  -1.1549e+10 -3.51948e+09  3.30915e+09   5.9847e+09  3.35881e+09 -1.24311e+10 -1.79655e+10   3.1218e+08  7.57431e+08  6.47675e+09 -7.23552e+07  7.37452e+09 -1.15433e+10 -3.76214e+08 -1.72714e+10  1.92408e+10 -1.17404e+10  -3.9166e+09  7.66083e+09  2.15134e+09   2.6558e+08 -1.24095e+09  1.85465e+10  1.81279e+10  5.67479e+09  1.11537e+10  9.85427e+09 -1.21565e+10 -3.29642e+09 -1.88082e+10 -3.35596e+09 -5.45306e+09  1.06204e+10 -1.61863e+10  2.29156e+09  9.80778e+09 -6.11495e+09 -1.39824e+10 -1.12372e+09 -1.95969e+10  1.55619e+09 -1.78491e+10 -6.85309e+09  4.76547e+08  -1.0719e+10  3.05878e+09 -8.87826e+09 -2.14673e+09  5.80703e+09  4.52247e+09  5.55066e+09 -7.29873e+09   7.0719e+09  -1.0157e+10 -9.38965e+08 -1.45077e+10  9.86261e+09 -5.32851e+09  2.34244e+09  7.65557e+09 -9.81236e+08  -1.4799e+10 -3.45373e+08  -4.9025e+09  9.95534e+09 -1.95956e+10 -2.55186e+09  4.03582e+09 -1.51806e+10 -1.13281e+10   1.0656e+10 -4.47681e+09  7.28441e+08    3.516e+09 -3.85843e+09 -1.03427e+10  5.39316e+09  4.38154e+09   5.5268e+09 -9.17202e+08   1.8534e+10 -1.23324e+10   6.1787e+09  4.66658e+09 -5.74627e+09 -6.67848e+09 -1.11005e+10  -8.6179e+09  5.62068e+09 -9.02873e+09 -1.15252e+09 -3.01546e+09 -7.38962e+09  1.36193e+10 -1.11296e+09 -6.79377e+09  2.39039e+09  2.96068e+09 -2.63023e+08 -5.64789e+09  1.14547e+09  1.32832e+09  7.05927e+09  1.35118e+09 -8.41442e+09 -6.52972e+09 -4.94909e+09  -1.5308e+10 -7.62379e+09  4.13323e+09  1.00935e+10  1.07987e+10  1.62682e+09  1.88218e+10 -1.33803e+09 -1.54558e+08  8.24313e+09  5.28763e+08  -1.5215e+09  -1.9989e+08 -1.28871e+10 -1.00032e+09  4.37984e+09  1.03632e+10   6.6777e+09 -1.59434e+09  -6.9812e+09   3.6265e+09 -5.97154e+09 -7.49161e+09  5.98346e+09 -9.33986e+09  1.23051e+09 -5.02282e+08    2.203e+09  5.90296e+09
  8.3253e+09  -3.1153e+10  1.33291e+11 -1.79952e+09  6.54986e+09  -1.4645e+10 -2.27183e+10 -1.10811e+10  1.40779e+10  9.79783e+09   1.7906e+10  -9.1015e+09 -2.71895e+10 -1.22952e+10  4.08574e+10 -6.85988e+09  4.48721e+08   1.3441e+10 -5.87373e+09 -4.52035e+09  7.43801e+09 -2.09628e+09 -8.68679e+08 -2.05296e+09  5.45725e+09  6.44993e+09  2.04851e+09 -3.60577e+09  -3.0757e+09  1.61323e+10  1.53534e+09  2.82026e+09 -4.71368e+09  1.18535e+10 -3.78093e+09 -3.65776e+09  4.76605e+09  7.31791e+09 -1.15974e+10  4.64587e+09 -2.88961e+09  6.28981e+09  2.35662e+09 -3.08267e+09   1.2473e+10  8.85235e+09 -4.94956e+09 -2.07967e+09 -2.84409e+09 -3.69786e+09  -5.9327e+09 -5.12507e+09  -5.1935e+09 -5.38912e+09 -1.84278e+10  7.36093e+09 -2.36808e+09 -5.67048e+09  6.52776e+09  -7.4143e+09 -4.00449e+09 -4.56656e+09  2.71422e+09 -1.63363e+10  3.21184e+09 -2.34335e+09  1.67525e+08 -3.54784e+09  9.18746e+09  -6.7488e+09  1.08297e+10 -3.81576e+09  6.19213e+09 -1.12457e+10 -6.98687e+08 -4.04974e+09 -1.87368e+10  -2.3769e+09 -4.76413e+09  4.30036e+08 -9.80025e+08  1.08994e+09   1.0281e+08  -1.4512e+09  4.36637e+09   6.0787e+09 -7.86853e+08  7.51822e+09  -2.3179e+10  3.67579e+09  7.52752e+09 -1.31962e+09 -1.92146e+09  9.58159e+09  5.68145e+09 -4.74153e+09 -3.87496e+08  1.21726e+10  9.83176e+09 -4.27568e+09 -1.14189e+10 -2.69242e+09  2.77108e+09  8.05713e+09  4.48657e+09   9.4286e+09 -3.52208e+09 -7.63596e+09 -4.26936e+08 -4.90078e+09 -5.18118e+09 -3.21173e+09  1.22168e+10 -5.55421e+09 -3.02055e+07  -1.0348e+09  7.79088e+09 -3.55081e+09  -7.7544e+08 -1.09583e+10   1.0424e+09 -2.19597e+09  7.14754e+09  9.41387e+09  -1.1762e+08   1.2767e+10 -1.18098e+10  5.51247e+09 -6.31998e+09  1.13143e+09 -1.49151e+10 -8.06877e+09  8.22641e+08  6.09564e+07  9.36345e+09  1.29217e+09  4.24715e+09  1.08007e+10 -5.75155e+09  -9.0488e+09 -1.05261e+10   1.0587e+09  7.35864e+09 -7.57594e+09  5.20459e+08 -6.86328e+09  5.25099e+09  1.49839e+09  1.27744e+10  6.09113e+08 -1.24334e+09 -3.27521e+08 -8.08516e+09  4.10027e+09  1.01757e+10 -1.36565e+10  1.36213e+09  -3.2052e+09 -4.16231e+09  3.47038e+09  5.31725e+09 -7.81792e+08  2.98645e+09 -6.31552e+09
-4.59332e+09  3.34199e+10 -1.79952e+09  1.69603e+11  2.44065e+10  1.35233e+10   1.3424e+09 -1.10688e+10 -2.10724e+10  2.03891e+10 -2.72758e+08 -5.81802e+08  1.73897e+08 -6.49082e+08 -4.25779e+09  2.11718e+10  9.00306e+09 -5.18889e+09  6.85831e+09 -7.37871e+08 -7.07005e+09 -2.99155e+09   4.5845e+09  3.74028e+09  -9.3639e+09  5.72768e+09  -8.6416e+09 -1.95718e+10 -2.72417e+09 -1.12714e+10  4.09452e+07 -6.60017e+09 -1.69445e+10  1.20759e+09 -3.72595e+09 -1.10396e+10 -1.41739e+09  1.23114e+10 -1.09446e+10  1.21144e+10  -6.4581e+09   8.0576e+09  3.07201e+09 -7.77562e+09 -4.02053e+09 -1.10714e+10  3.91761e+09  2.68124e+09    3.263e+09 -4.63205e+09  3.44841e+09  1.50386e+10  -5.3657e+09 -2.75214e+09 -4.37657e+09  8.56644e+09  1.16588e+09 -6.33063e+09 -9.10362e+09 -7.89216e+09  1.06499e+09 -2.62744e+09 -5.29339e+08 -2.98005e+09 -1.64317e+10 -1.71804e+09  2.25302e+10 -1.57887e+10 -3.93798e+09 -5.44972e+09 -2.33705e+09  7.49666e+09 -9.59829e+09  5.30112e+09 -1.01171e+10 -1.54773e+10 -2.49987e+09  1.20466e+10 -1.17822e+10 -2.03659e+09 -9.02336e+08 -6.74908e+09  1.27839e+09  3.68866e+09  1.19288e+09   6.5901e+09  9.09828e+09 -1.10068e+10     6.39e+08 -2.06408e+10  6.83837e+09  4.51487e+09  5.96038e+09 -9.55813e+08  1.53911e+10  9.62258e+09  2.28967e+08  1.18426e+10  3.19594e+09 -5.50953e+09  1.04389e+10  1.37661e+10  4.28954e+09 -2.87597e+09 -6.59131e+09  1.97434e+10  8.82818e+09 -1.11036e+10  1.85516e+10 -1.19305e+10  5.02176e+09 -2.49013e+09 -8.38017e+09  2.48441e+08 -2.87263e+09  1.78839e+10  1.11628e+10 -5.48694e+09  3.29203e+09  -2.7313e+09 -2.38659e+09  4.67435e+09  1.63159e+10   -3.258e+09  5.24732e+09  -1.9553e+10  2.12822e+09 -7.52941e+09  3.73739e+09 -1.03444e+10  7.08912e+09 -4.28595e+09 -9.91636e+09 -5.45505e+09  -3.0571e+09 -1.05457e+10 -1.96805e+08  -4.2666e+09  6.61868e+09  2.40364e+09 -4.42854e+09  4.77339e+09  3.91423e+08  2.55131e+07  6.43666e+09 -1.32234e+10 -1.03188e+10  -2.6698e+08 -7.61958e+09 -1.92844e+09 -4.70729e+09  4.70657e+09 -1.26385e+09  1.33576e+09  3.89611e+09 -2.08946e+09  1.70256e+08 -2.28449e+09  4.97404e+09 -6.18723e+09 -4.65579e+09 -1.35884e+10  2.09433e+09 -8.98876e+09
 3.45545e+09  2.22656e+10  6.54986e+09  2.44065e+10  1.30625e+11 -2.01608e+10 -7.39512e+09 -8.00314e+09  1.37176e+10  1.12005e+10 -1.40139e+10 -1.02012e+09  1.53991e+09  7.92361e+09 -2.41131e+09  1.51966e+10 -3.94823e+09 -1.45462e+09 -2.01398e+09  6.48391e+09  -5.3827e+09 -8.42855e+09  8.22374e+09 -1.66084e+10  4.63455e+08  1.23099e+09 -1.77315e+10 -7.04541e+09 -8.04128e+09  -3.1748e+09 -8.24946e+09 -1.78316e+09 -6.61262e+09 -3.44698e+09 -1.15682e+10   5.6966e+09   2.6942e+09   5.6269e+09 -1.84925e+09  8.04379e+09 -3.82417e+09  1.18838e+10  4.37412e+09  3.49722e+09 -5.62549e+09 -1.67292e+10  9.75598e+09 -6.19442e+09  8.86409e+09  2.83288e+09   5.0195e+09  1.33495e+10  3.51599e+09 -2.25234e+09 -9.10134e+09 -2.23435e+09  4.43442e+09 -7.90811e+09 -1.18304e+10 -6.21561e+09 -1.94384e+09 -1.65403e+10 -1.03498e+10  3.74918e+09 -7.28704e+09 -4.94883e+09 -4.63216e+09 -1.48295e+10  9.13789e+09 -1.07103e+10  3.17029e+09  7.78926e+09  6.73861e+08  2.85545e+09 -9.83384e+09  3.69236e+09 -6.13081e+09   -6.275e+08  -1.0899e+10 -3.18657e+09  9.55717e+09  3.24492e+09  1.94624e+09 -1.17136e+10  1.55776e+10 -2.41781e+09  6.69359e+09  7.68934e+09 -8.40081e+09 -2.63553e+09  7.90876e+08  3.55467e+09  8.12656e+09 -6.29199e+09  6.39263e+09 -3.03371e+09 -2.87596e+09 -2.47801e+09  -1.8837e+09  9.39823e+08  5.37453e+09  9.93962e+09 -1.07489e+10 -3.23967e+09 -3.17597e+09  9.50728e+09  9.54877e+09  -6.7571e+09  5.28875e+09  4.77467e+09  8.92282e+09  3.65042e+09 -9.83808e+09  7.18142e+09  3.48588e+09 -1.52684e+09  1.27118e+10 -4.00169e+09 -4.31477e+09 -6.53428e+09 -5.93296e+09  1.14075e+10  3.47062e+09  3.62012e+08  2.79367e+09 -6.37836e+09  4.33685e+09   3.7989e+09 -3.56598e+09 -6.58462e+08  1.38766e+10 -5.07871e+09  -7.4202e+09 -8.29608e+09  6.76235e+09 -1.00169e+10  4.31898e+09 -2.96796e+09   8.6453e+09  2.97851e+09  3.54255e+09  4.29768e+09 -1.33965e+10  9.09657e+09 -1.27339e+09 -6.58977e+09  2.42389e+09 -1.09188e+10  -9.2853e+08 -4.04457e+09  -6.3763e+09   8.6838e+08  8.05925e+09   3.0884e+09  8.26522e+09 -2.48164e+09  2.79758e+08 -7.64629e+09 -4.11175e+09 -7.09231e+09  3.98279e+09  3.44392e+09  8.08198e+09  -3.2571e+09
-4.78727e+09   1.6908e+10  -1.4645e+10  1.35233e+10 -2.01608e+10  1.46925e+11 -1.32738e+10  1.65634e+10 -2.08227e+09 -1.29531e+10   -1.984e+10  4.62318e+09  4.05182e+09  -1.4445e+09 -3.56117e+09  3.09131e+08 -4.16331e+09 -1.05126e+10 -3.12117e+09  1.96907e+10  -1.6019e+09 -1.88133e+10 -1.45617e+10  7.58357e+09  2.21803e+09  1.31237e+10 -6.44913e+08  4.85469e+09  7.37133e+09 -8.65221e+09   5.0862e+09 -4.91464e+08  3.26911e+09  3.79857e+08   -1.668e+10 -2.63345e+08 -6.30051e+09   5.7575e+09 -1.10896e+10 -2.55882e+09  1.01538e+10  1.13281e+10  1.52966e+09  3.90674e+09  9.41356e+09  8.87733e+09  7.71303e+08  8.69016e+08  3.53421e+09 -6.11987e+09  5.30362e+09  1.29086e+09  1.08897e+09 -1.01314e+10 -9.66331e+09 -6.92596e+09  1.03829e+10  1.16358e+10  1.16115e+09  1.33904e+10  6.10454e+09  -4.9668e+09  5.14814e+09  2.19211e+09  7.54981e+08 -2.69654e+09 -1.98429e+09 -9.79987e+09  5.77385e+09 -2.97941e+09  4.71076e+09  7.87033e+09  9.33921e+09 -4.86407e+09 -9.31653e+09 -2.64626e+06  8.05254e+09 -2.44431e+09 -2.62341e+09  6.25431e+09  9.55954e+08  -1.1242e+10  5.82348e+09  1.38491e+08 -1.64651e+09  4.13993e+09  3.25048e+08 -1.37902e+09 -7.46498e+09 -8.65963e+09   4.0166e+09 -5.69254e+09  -9.8043e+08 -9.58905e+09 -5.55537e+09  1.68282e+09  5.47798e+09  6.21287e+09 -1.18693e+10 -4.19689e+09  1.25368e+10   3.4656e+08  1.45572e+09 -1.10996e+10 -7.33478e+09  2.28589e+09 -9.52695e+09  8.83085e+09  2.37429e+09  3.73001e+09 -8.24208e+09  4.60235e+09 -6.51817e+09  1.25446e+09 -3.87413e+09 -1.17289e+09  -6.5683e+09 -1.84113e+09   6.0085e+09  3.70687e+08   1.9927e+09  -6.4293e+09 -5.62796e+09 -1.29608e+10  -2.9181e+09 -1.70148e+10  7.18497e+09 -1.24789e+10  2.23952e+09 -1.76535e+09  5.74129e+09   7.6133e+09  3.46687e+09 -4.30863e+09  6.82539e+09  6.43138e+09   7.2075e+09  2.86009e+09 -4.63152e+09  4.31415e+09  1.08066e+10  7.17182e+09 -8.34297e+09 -6.07428e+09 -4.01409e+09  3.02326e+09  7.33181e+09  1.94007e+09 -5.29877e+09 -1.09904e+09 -1.51167e+09  8.74593e+09 -9.70661e+09  2.27972e+09 -9.82092e+09 -8.20284e+09 -1.33487e+10 -2.12738e+09 -4.64283e+08 -2.80978e+09 -3.73391e+09 -1.15618e+09 -5.89763e+08  -6.3498e+09
-2.20856e+10  6.49685e+10 -2.27183e+10   1.3424e+09 -7.39512e+09 -1.32738e+10  1.90523e+11  2.71189e+10  1.19687e+08 -3.93056e+09  9.73445e+09 -8.66935e+09  4.23044e+10 -1.99788e+10 -4.05751e+10  6.11521e+09  9.36513e+09 -6.04264e+09  3.40895e+09 -1.18704e+10 -7.84498e+09  9.48683e+09 -1.37388e+10 -1.97052e+10  9.54382e+09 -8.11139e+09  1.02145e+10  2.51373e+10 -5.51398e+07   -1.364e+09 -6.11308e+09 -4.75395e+08  1.22401e+10  9.13653e+08 -1.77794e+10 -1.22071e+10  6.60297e+09  2.01377e+10  1.21686e+09 -6.75354e+09  3.45857e+09 -2.50322e+09 -2.21058e+09  3.36074e+09 -7.40632e+09 -1.20581e+10 -7.12405e+08 -6.06421e+09  1.11755e+10 -7.82269e+09  1.35889e+10 -8.38323e+09 -4.73099e+08  1.09216e+10  1.29776e+10 -2.39321e+09 -2.07377e+10  -7.0925e+09   -5.892e+09 -9.11537e+09  7.40775e+06 -5.82156e+09  6.66178e+08  3.53803e+08  3.26562e+09 -8.65826e+09  6.63211e+09 -3.09167e+09 -2.63486e+09 -2.16561e+09  -3.4825e+09 -1.50951e+10  8.97301e+09  1.11881e+10 -6.00196e+09 -7.67821e+09  1.52907e+09  1.09562e+10  2.31212e+08 -1.00814e+10  3.64732e+09  1.24012e+10  1.48083e+10 -1.64879e+10  5.46249e+09  4.29434e+09 -1.16864e+09  9.16139e+09 -7.38143e+09  -4.6361e+09 -1.33822e+10 -1.38605e+09  3.93519e+09 -4.12794e+09 -2.61558e+09  2.65645e+09 -1.35715e+10 -6.36729e+09  1.42307e+10  1.32958e+10 -5.67095e+09  1.37859e+10  6.45172e+09 -8.42699e+09       664932 -1.62865e+10  2.49416e+07  7.28122e+09  1.45041e+10 -1.85533e+09  1.38476e+10 -7.05177e+09 -5.11598e+09 -7.44091e+09 -3.00017e+09  -2.8814e+09 -1.85951e+09 -4.18468e+09 -2.05598e+09  2.71759e+09 -3.47931e+09  1.24533e+09  2.82184e+09   2.8249e+09 -5.32941e+09   1.1728e+10 -1.39164e+10  5.51917e+08 -5.39144e+09  2.26498e+09  1.28784e+10   3.0123e+09 -1.11038e+10 -8.56384e+09 -1.53315e+10 -6.27575e+09 -1.83248e+10 -1.28397e+09   3.7334e+09 -2.29544e+09  -2.7026e+09  6.09558e+09  1.14093e+10  5.20429e+09  1.32582e+10   4.0714e+09  1.28886e+09  4.89882e+08 -1.20282e+10  1.49622e+10  9.47882e+09  -3.3053e+09  3.45428e+09   1.8136e+09 -2.81401e+09  8.27332e+08 -9.11377e+07   1.1587e+10  6.52838e+08  1.65323e+09 -1.98984e+09  1.79692e+09    4.473e+09  -4.2059e+08
-1.30914e+10  2.92254e+10 -1.10811e+10 -1.10688e+10 -8.00314e+09  1.65634e+10  2.71189e+10  1.85096e+11 -2.64946e+10  3.26386e+09  9.86303e+09 -1.55746e+10  2.00825e+10 -9.98819e+09 -1.94971e+10   6.2331e+09  3.70442e+09  1.94708e+10  5.47315e+08  1.25599e+10  2.22678e+09  1.92639e+10 -2.95502e+10  1.12639e+10  4.88001e+09  5.33703e+08  6.58333e+09  1.48099e+10  9.54707e+09 -2.46853e+10  1.13072e+10  1.86677e+10  1.20394e+10 -1.01052e+10  1.79552e+09 -1.10017e+10 -1.61841e+10  1.56967e+10 -5.93426e+09 -4.61711e+08 -8.58422e+09  1.61387e+08  2.94741e+09  3.32176e+09  1.46475e+10  1.31763e+10 -7.09793e+08  6.79032e+09 -6.13183e+09  4.23649e+09   6.9961e+09 -5.97784e+09   -4.425e+09  1.64366e+07  1.09215e+10  3.34355e+08  4.12628e+09 -1.96616e+09  8.52098e+09  3.25029e+09 -3.81969e+09  1.09578e+10  4.29442e+09  1.89135e+09 -4.27428e+09  1.13779e+10  6.37189e+08 -4.61896e+09  1.12825e+10  1.23015e+10  5.15458e+09 -1.23979e+10 -6.86444e+09  6.01809e+09 -4.18531e+09 -1.33431e+10 -4.97247e+09  6.94856e+09  -8.4342e+09 -1.90976e+09 -4.48169e+09  9.45765e+09  1.06626e+10  4.23296e+09 -4.49668e+09  1.61661e+10  1.77321e+09  1.87082e+09  -4.4973e+09  1.30297e+09 -1.02848e+10 -5.42038e+09 -1.46701e+09 -2.48241e+09  -1.5112e+10 -1.26893e+10  2.30165e+09 -1.99116e+09  -1.3138e+09  4.08076e+09   5.1468e+09  1.39024e+10  1.37007e+10  1.22946e+09  1.39171e+10 -1.28046e+10 -1.36809e+10 -8.58631e+09 -1.74957e+10  -3.6937e+09   4.1757e+08  -5.5403e+09  7.78445e+09 -1.17965e+10 -1.15197e+10 -2.89563e+09  1.21503e+10  2.37513e+09 -6.66555e+08  3.50544e+09  1.74482e+09  1.14275e+10 -1.20578e+10 -3.68062e+09 -8.14525e+09  3.30279e+09  1.43156e+10  7.89588e+09  6.72599e+09  1.29181e+10  -1.0346e+10  3.79481e+09  1.43669e+10 -1.12924e+09 -6.54754e+09 -2.08393e+09  7.70735e+09 -5.02514e+09  -1.1868e+10  1.13011e+10 -2.02925e+10 -6.01606e+09 -3.89345e+08  5.86194e+08 -7.04454e+09 -1.52902e+09  1.35193e+09  9.19193e+09  3.48885e+09 -2.90473e+09 -4.22778e+09 -4.60268e+08 -2.20495e+09  -7.7316e+08  -3.5478e+09  8.71025e+09  1.43734e+10   1.4384e+10  8.57168e+09  2.65678e+09 -9.14781e+09  1.81834e+09  3.18281e+09 -3.60248e+09
 3.16725e+09  6.24078e+09  1.40779e+10 -2.10724e+10  1.37176e+10 -2.08227e+09  1.19687e+08 -2.64946e+10  1.57881e+11   5.0314e+09  -2.0171e+09 -1.65033e+10  7.20197e+09  3.28687e+08 -1.20622e+10 -1.70027e+09  1.45989e+10  -1.4494e+10 -2.57563e+09 -2.97347e+08  1.38614e+10 -1.59885e+10 -5.41883e+09 -9.84725e+09 -2.33468e+09 -2.39826e+09 -2.97495e+09 -4.12264e+08 -1.30664e+10  9.32978e+09 -3.61049e+09  4.79021e+09 -2.29153e+09 -1.10193e+10  1.71584e+08  1.38407e+10  4.46364e+09  -8.2047e+09 -3.22534e+09 -3.55101e+09  4.10351e+09 -6.39509e+09 -1.07127e+10 -3.18541e+09 -3.56176e+09 -1.78815e+10  1.07395e+10 -2.62393e+09   2.5404e+08 -1.30407e+08 -6.01679e+09  8.16391e+08 -1.08563e+10   2.3538e+09 -4.85446e+09 -1.72461e+10 -1.07684e+10 -2.52104e+09 -4.54244e+09 -2.53352e+07 -5.25657e+09 -6.53342e+09  7.77869e+09  3.72564e+09  6.17721e+09 -1.96033e+10  4.16627e+09  3.40092e+09  1.57083e+10 -2.53545e+09 -2.04521e+09 -1.04665e+10 -4.59986e+09  2.49302e+09  1.19044e+10  9.93636e+09 -1.47275e+09  5.77394e+08  1.69117e+09  3.98418e+09 -5.03267e+09  6.88271e+09 -1.30494e+10 -1.66579e+10 -5.19329e+09 -2.04536e+09  4.39343e+09 -3.52349e+09  9.81644e+09 -2.95073e+09  6.04103e+09 -1.94196e+09  1.19689e+10   1.2451e+09   3.7785e+09  1.84397e+09 -3.52659e+09  5.54542e+09 -1.87449e+10  7.63992e+09 -3.15708e+09 -4.70558e+09 -1.05468e+10  5.58985e+09 -3.09004e+09 -3.94557e+09  4.79882e+09  9.84479e+09 -3.99168e+08  3.51208e+08  9.25321e+09 -6.49544e+09   7.3698e+08  1.55472e+09 -5.76047e+09 -5.90207e+09 -2.31578e+09 -5.55251e+09 -4.07418e+08 -1.10743e+10    9.663e+08  7.44886e+09  1.13458e+10 -5.75786e+09  8.70123e+09  3.86454e+09  1.89096e+09  -1.0495e+09  1.92493e+09 -5.27171e+09 -7.48959e+08 -1.46565e+10 -1.72524e+10  7.65083e+08 -3.94727e+09 -9.01281e+09 -1.42072e+08 -1.18491e+10  1.06353e+10  4.08681e+09  1.07635e+10  6.31438e+09 -1.44262e+09 -5.29222e+09 -1.46017e+10  1.10633e+10 -6.08057e+09  -9.5116e+09  1.18721e+10   8.1142e+09  7.33092e+09  3.58523e+08  5.06629e+09  2.45864e+09  3.68728e+09 -6.25962e+09 -3.26852e+09 -7.42885e+09 -5.28962e+09 -8.43271e+09  7.96244e+09  5.85834e+09  1.15187e+10  1.71245e+10
-2.48652e+09  7.25679e+09  9.79783e+09  2.03891e+10  1.12005e+10 -1.29531e+10 -3.93056e+09  3.26386e+09   5.0314e+09  1.62934e+11  2.42955e+09 -1.08051e+10 -9.42169e+09  5.47592e+09 -1.22903e+09 -8.83014e+09 -1.43406e+10  2.97549e+10 -1.08704e+10 -2.50606e+09 -6.35729e+09  1.39093e+10   6.6583e+09 -1.98015e+08  7.94652e+09 -6.29283e+07  -1.0108e+10 -9.46982e+09  -2.6068e+10 -8.81314e+09  5.77554e+09 -3.59599e+09 -1.03552e+10  -3.4766e+09  6.52515e+09  1.51242e+10 -7.23737e+09  4.49979e+09 -1.20705e+10  8.93267e+07 -1.08817e+10  2.33206e+09  9.92606e+09 -1.16775e+10  3.19208e+09  9.16218e+09 -2.81648e+09  7.51894e+09 -7.30087e+09  1.52993e+10 -4.02833e+09 -2.38545e+09  1.30769e+09  1.36569e+10 -5.62881e+09  7.28903e+08  5.44696e+09 -1.20894e+10  4.21401e+08 -1.17274e+10 -3.67053e+09 -5.21257e+09  4.89229e+09  -1.1382e+10 -7.30938e+09  1.64167e+09  9.90809e+07 -1.36398e+09  1.34002e+10 -4.11951e+09  6.42874e+09 -5.41977e+09  6.45744e+09 -3.53341e+09  1.21831e+10 -2.93448e+09 -1.12126e+10 -3.36357e+09 -1.04158e+10   8.0801e+09 -3.40944e+09  6.29421e+09  -5.3762e+09  4.22836e+09  9.43364e+09  6.38431e+09 -2.45187e+09  6.32446e+09 -3.15593e+09 -5.06905e+08 -1.31452e+09  5.14264e+09 -3.95212e+09  2.56773e+10  3.05902e+09 -1.47466e+10 -6.23341e+09 -4.12415e+09  7.76935e+09 -1.36806e+10  1.02712e+09  4.42956e+09  2.05119e+09  1.14346e+10  5.10574e+09  -7.0373e+09  3.40784e+08 -4.53568e+09  9.09545e+08 -4.38147e+09  7.82708e+09 -6.54967e+09   7.9688e+09  2.09732e+09  7.33904e+09   -7.211e+09  2.18042e+09  3.37819e+09  5.28385e+09 -6.88089e+09 -1.21455e+10  1.02556e+10 -6.46267e+09 -3.86558e+09  5.88236e+09  2.37208e+09 -6.46528e+09  3.83237e+09  5.85267e+09 -4.47049e+09 -9.73965e+09 -6.89679e+09 -4.58523e+09 -6.64315e+08 -8.30551e+09  6.56039e+09 -1.55324e+09  8.64739e+08  1.55667e+09  4.60211e+09 -1.41605e+10  1.05115e+10 -1.92266e+10  1.38901e+10 -1.69669e+10  3.56485e+09  6.60807e+09 -2.38826e+08 -6.29734e+09  4.26648e+09  1.26062e+10   1.0079e+10  2.29076e+10  -6.7592e+08  3.22373e+09  8.16012e+08 -3.37988e+08 -8.08655e+09 -5.97919e+09  -4.6419e+07 -9.72223e+09 -2.18073e+09  7.25831e+09  3.99856e+09
-3.57503e+09 -3.13251e+10   1.7906e+10 -2.72758e+08 -1.40139e+10   -1.984e+10  9.73445e+09  9.86303e+09  -2.0171e+09  2.42955e+09  1.94479e+11 -8.67236e+09 -6.49531e+09 -2.35763e+10  2.49143e+10  1.20781e+10  9.82029e+09  1.91893e+10  1.36051e+10  -2.4243e+10 -9.72694e+09  1.66878e+10 -1.31115e+08 -2.20732e+09  1.27033e+10  3.89155e+09  1.84191e+10 -1.37571e+09  1.76855e+09 -3.96929e+09  1.69549e+10  3.34008e+09  2.27852e+09  1.83232e+09    9.575e+09 -1.93759e+10 -2.23122e+10   2.3711e+10 -4.29156e+09 -7.28168e+09 -1.54805e+10  3.42612e+09 -3.97514e+09 -3.02254e+09  9.55246e+09  -7.2174e+08 -6.65698e+09  6.86689e+06 -1.68303e+10  1.45582e+09 -1.72495e+10 -1.10269e+10  2.51243e+09 -7.76825e+09  7.79363e+09  5.89131e+09 -3.43996e+09  4.97701e+09 -2.14403e+09  1.12507e+10  -8.0521e+09  1.11613e+09  1.11423e+10  1.54678e+10 -1.70487e+10  1.01836e+10  7.71813e+09  5.56888e+09   1.0021e+10 -7.00997e+09  1.31886e+10  6.67731e+09 -7.14547e+09 -3.62602e+09   2.2539e+09 -2.15122e+10 -6.00967e+09 -5.86068e+09  8.70219e+09  1.08132e+10 -3.08386e+09 -7.39338e+09  8.83018e+09 -1.51479e+09 -6.82445e+08  2.98474e+09  3.07871e+09 -1.33926e+10 -4.43052e+09  1.09098e+07 -1.02596e+10  2.08317e+09 -6.20563e+09  5.00005e+09  6.67401e+09 -8.13833e+09  3.26555e+08  1.80002e+10 -4.77105e+09  6.26953e+09  5.50625e+09 -8.69477e+09   6.8353e+09   1.1482e+10 -9.12267e+09 -6.57675e+09  1.19787e+09 -6.73525e+09 -4.84832e+09 -3.89383e+09  1.87784e+09 -7.55927e+09 -3.85487e+09 -8.81931e+09   1.5505e+09  7.09017e+09 -1.14938e+10 -8.41021e+09 -3.83254e+09 -3.26883e+09  -4.7779e+08 -7.24104e+08 -2.26017e+09  -1.1751e+10 -9.18797e+09  1.71849e+09  9.60035e+09 -6.62414e+09  2.76771e+08 -2.73672e+09 -2.33357e+09  4.01547e+09   2.9474e+09   1.3399e+10 -1.06541e+10  1.64683e+10 -1.75738e+09  -1.4373e+10 -2.20934e+10 -2.73469e+09 -1.55643e+10 -1.00876e+10   4.4198e+08  8.46811e+09 -5.32782e+09 -6.29217e+08  4.35705e+09  1.24832e+10  1.22023e+10 -3.54652e+09 -1.22456e+10  2.47402e+09 -9.54729e+09  1.12498e+10 -1.09482e+10   9.9005e+09  4.00587e+09  1.47119e+09 -8.36692e+09  7.24768e+09 -6.78685e+09 -6.60837e+09 -5.37667e+09 -1.61213e+10
-5.14144e+09  1.80893e+10  -9.1015e+09 -5.81802e+08 -1.02012e+09  4.62318e+09 -8.66935e+09 -1.55746e+10 -1.65033e+10 -1.08051e+10 -8.67236e+09  1.66705e+11 -1.72526e+10  3.71345e+08 -3.34757e+09  6.53033e+08 -4.56146e+09 -1.40141e+10 -6.30527e+09 -4.05923e+09 -2.89389e+09  5.28183e+09  -7.8982e+09 -4.46892e+09 -4.72095e+09  1.67722e+10  2.38743e+09 -1.28895e+10 -2.44325e+09 -6.68899e+09  4.11056e+09 -8.35124e+09  3.08845e+09   -9.629e+09 -8.95202e+09  2.04152e+09  1.31122e+08  -5.7226e+08  1.52039e+10 -4.18243e+09  1.29351e+10 -1.61797e+10  1.24827e+10  5.28253e+09 -2.03025e+10  1.85382e+10    7.028e+09 -5.73512e+09 -1.26594e+10  3.82855e+09  3.72947e+09  2.55937e+08   5.3123e+09  4.64292e+09 -1.47797e+09 -5.39045e+09  9.59082e+08  9.08976e+09 -1.13126e+10  2.84919e+09  1.59926e+10  6.26879e+09  7.18481e+09  7.99285e+09  3.81747e+09  1.04556e+10  6.24942e+08  1.17114e+10 -4.41653e+09 -5.21484e+09 -3.90705e+09  5.49862e+09 -1.10581e+10  5.59589e+09   1.4766e+10 -3.38128e+08  1.82311e+10 -5.48671e+09  1.94188e+10 -1.07446e+09 -6.05418e+08  1.73834e+09 -8.98264e+08  4.53209e+09 -9.94718e+09 -2.25805e+09 -4.14822e+09 -4.42712e+09  1.69915e+10 -1.52429e+09  4.06997e+09 -5.11472e+09    -6.23e+09 -3.51035e+09  5.28901e+09 -2.63069e+09 -1.32515e+10 -6.39716e+09  -3.7565e+09 -6.55938e+09  1.25922e+10 -1.83118e+10 -2.42827e+10 -8.60482e+09  9.81884e+09  8.91633e+09  6.89808e+09 -3.47195e+09  6.74789e+09 -1.07837e+09 -3.16153e+09  2.24973e+09  5.39188e+09  3.22206e+09  3.69467e+09 -1.72253e+09 -6.68424e+09  1.34679e+10  6.53216e+09 -4.38407e+09  1.03459e+09 -1.07293e+10 -3.20157e+09 -5.15264e+09  1.64707e+09 -6.73684e+09 -2.19131e+09  7.02196e+09 -1.12679e+10 -1.40132e+10  6.48977e+09  1.06167e+10  9.71254e+09  6.20594e+09  7.64369e+09 -1.61949e+09 -7.27485e+09   6.9969e+09  1.07907e+10  2.10338e+10 -9.82081e+08   2.8546e+09 -3.14801e+09  2.67263e+09  6.26837e+09  2.07698e+10 -3.39409e+09 -3.63024e+09  -8.0021e+09 -1.18706e+10 -8.83752e+08 -1.22857e+09  7.25947e+09 -1.30206e+10  4.20028e+09  2.25821e+09 -3.28032e+09  1.43631e+09 -8.56587e+09 -2.02809e+09   2.2792e+09  -8.3263e+09 -1.22462e+10 -4.45337e+09
-1.54711e+10  2.59814e+10 -2.71895e+10  1.73897e+08  1.53991e+09  4.05182e+09  4.23044e+10  2.00825e+10  7.20197e+09 -9.42169e+09 -6.49531e+09 -1.72526e+10   2.0797e+11 -4.46904e+09  -3.3084e+10 -4.79249e+09  1.27561e+10 -5.46884e+09  2.02595e+10  9.23935e+09 -1.66406e+09  3.84672e+09 -1.03268e+10  7.44916e+09 -4.08229e+09 -1.64025e+09  2.94418e+10 -7.90644e+09 -4.92025e+09  3.06139e+08  6.61108e+09  1.98202e+10   1.5534e+09  -1.1914e+10  6.33299e+09 -8.76175e+09  9.05866e+09 -1.18041e+10  9.35311e+09 -6.40517e+09 -1.45556e+10  1.16757e+10 -6.71482e+09  2.04263e+10 -1.08763e+10 -8.08741e+09  1.73592e+10 -5.21224e+09 -9.73007e+09 -8.98795e+07  4.93264e+09 -5.97127e+09  5.48499e+09 -3.63267e+09  8.44161e+09 -7.12074e+08 -2.04986e+10 -7.08218e+09  2.51854e+09 -1.95986e+09 -2.04272e+10 -1.20253e+10 -1.36167e+10 -9.98936e+09  9.24861e+08 -1.31345e+10  1.35563e+10 -3.11799e+09 -1.51362e+09  9.88934e+09 -2.81108e+09 -8.40645e+09  7.21416e+08  4.53563e+09 -9.56081e+09  1.71165e+09  1.73106e+10  1.27595e+10 -6.65415e+09  1.02722e+10  9.29244e+09   1.6306e+09  1.16983e+10 -4.89963e+09  2.53089e+09  2.58106e+09  5.94087e+09  2.21519e+09  2.93204e+09 -8.87046e+09 -2.17983e+09 -5.86348e+09 -6.89331e+08 -1.07586e+10  4.41998e+09  8.59024e+09  1.36408e+10  -4.7521e+09 -8.44763e+09  5.26669e+09   7.4141e+09  7.59955e+09  -1.5851e+09  1.64288e+10 -3.49373e+09 -4.47768e+09  7.26842e+09  7.87813e+08  5.60207e+09  9.78446e+08  3.34656e+09  6.05344e+09 -2.60737e+09   9.1146e+08 -4.96761e+08 -5.70106e+09  8.22495e+09 -7.62419e+09 -1.91313e+10  1.25777e+10  2.94249e+09  5.05583e+09 -6.48209e+07  -1.5812e+09 -1.38305e+10 -6.04674e+09  1.23466e+10 -6.32028e+09  6.33053e+09  1.63983e+10   6.9293e+09  1.90551e+09  -7.3745e+09  1.89294e+09 -2.13252e+10 -3.11173e+09 -7.18754e+08 -4.88401e+09 -6.66795e+09 -5.27366e+09  1.32387e+10 -5.40285e+09  6.65971e+09  1.17338e+10    5.214e+09 -1.17025e+10 -2.27099e+09 -1.73593e+09  8.90181e+09  1.30893e+10  1.16484e+10 -1.88956e+09  8.51959e+09 -1.35294e+10 -2.76239e+09 -1.00759e+10  -7.5467e+09 -2.03421e+09  9.28853e+09 -6.55041e+09  6.50154e+09 -6.22011e+09  3.73424e+09  4.29406e+09
 5.07301e+09 -1.71943e+10 -1.22952e+10 -6.49082e+08  7.92361e+09  -1.4445e+09 -1.99788e+10 -9.98819e+09  3.28687e+08  5.47592e+09 -2.35763e+10  3.71345e+08 -4.46904e+09  1.65872e+11  8.17016e+09 -7.75779e+09  3.47359e+08  -4.4933e+09 -4.71127e+09  1.63665e+10 -1.08527e+09    -2.27e+09  1.69902e+09  4.01386e+09  7.91433e+09  3.96594e+09 -1.94961e+10  6.67953e+09   2.1329e+10  8.32895e+09 -1.21385e+10   5.3879e+09  -1.8953e+10 -5.30107e+09 -4.64938e+09  4.60672e+09 -1.54933e+08 -1.87249e+10 -1.28607e+09  1.38681e+10   1.7481e+10 -1.75514e+09  4.87722e+09  -1.2328e+10  -6.9799e+09  3.91769e+09 -1.43819e+10  7.12653e+09 -1.10015e+10  3.39678e+09 -6.33404e+09 -7.97695e+09  5.45757e+09  1.26663e+10 -9.81678e+08  1.90824e+10 -4.62901e+09  3.41311e+09  1.24972e+10 -1.57906e+09 -9.30382e+08   5.1359e+09  1.96858e+09 -1.08172e+10  4.59487e+09 -7.06831e+09  1.81983e+09  2.58321e+09 -1.32118e+10  3.21818e+09 -1.09215e+10  8.47537e+09  3.91813e+09 -5.94757e+09  1.19533e+09  2.10338e+09 -6.56862e+09  3.04375e+09  7.93633e+09 -6.10504e+08  5.90557e+09  9.50262e+08 -8.72134e+09   9.3013e+09  3.71693e+09 -5.40161e+09  1.44884e+10  4.58366e+09 -4.79991e+09  4.98606e+09 -7.22647e+09  1.42008e+10  8.09856e+09 -6.89266e+09  8.03031e+09  8.88389e+09  1.23687e+10 -6.99548e+09  7.58368e+09 -8.17784e+09  4.66743e+09 -2.42062e+09 -3.51035e+09  3.02303e+08  3.57145e+09  2.42402e+09   5.5752e+09 -5.18042e+08 -8.24449e+09 -3.13332e+09  9.89389e+09 -6.07929e+09 -1.26071e+09  1.32403e+10 -5.70896e+09 -2.81431e+09  1.09449e+10   5.2727e+09 -1.47644e+09  -1.3134e+10 -8.82421e+09 -2.45417e+08 -6.74445e+08  1.42996e+10  8.45387e+09 -1.18542e+10 -3.94469e+09  1.47708e+10  4.22422e+09 -4.91377e+09  1.36091e+10  1.59609e+08 -5.77177e+09 -2.93439e+09 -8.84876e+09 -1.24702e+10 -6.80374e+09  1.44015e+09  1.94179e+10 -1.19155e+10  8.31727e+09  6.51432e+09  1.39323e+09  7.22965e+09  5.86386e+09  2.03077e+09 -1.20575e+10 -1.04221e+10 -1.16185e+10  1.51358e+09 -5.87623e+09 -3.54077e+09 -7.14612e+09 -2.35021e+09  3.54526e+09  -5.4775e+08 -4.36099e+08  1.72606e+09  -9.6235e+09  1.87817e+09  7.82012e+09 -7.64151e+08 -6.37552e+09  -4.0286e+08
 1.74405e+10 -5.68983e+10  4.08574e+10 -4.25779e+09 -2.41131e+09 -3.56117e+09 -4.05751e+10 -1.94971e+10 -1.20622e+10 -1.22903e+09  2.49143e+10 -3.34757e+09  -3.3084e+10  8.17016e+09  2.10045e+11 -1.02505e+10  8.43999e+09  2.78446e+08   8.0749e+08   1.7951e+10  1.08425e+09  2.51803e+09 -1.11526e+10  3.59582e+09  -3.7829e+08  8.50398e+09  2.78284e+09  5.81947e+09 -6.32367e+09   1.4115e+10 -1.18189e+10 -2.47721e+10 -7.98488e+09  1.71467e+10  2.58558e+09  1.68791e+10 -1.72467e+10   3.0908e+09 -1.10125e+10 -1.34099e+10 -1.11527e+10  1.06031e+10   5.0555e+09 -1.82073e+09  1.71486e+10 -1.67897e+10 -1.06963e+10  1.06974e+10  -1.7205e+09  6.58188e+09 -2.04083e+10  -7.0125e+09 -9.93406e+09 -1.63697e+10 -7.74914e+09  8.76362e+09 -3.97228e+09 -3.76329e+09  -1.4308e+10 -6.26623e+09  -1.0123e+10  6.61746e+09  3.86598e+08 -9.87399e+09  2.03712e+09  1.22444e+10 -7.94893e+09  1.43854e+10  2.78045e+09 -4.35811e+09 -3.59257e+08  3.08539e+09 -7.72746e+09 -1.03585e+10  2.81984e+09  3.10829e+09 -5.84629e+09  5.44357e+07 -5.51368e+09  1.81864e+10  7.79056e+08 -1.62003e+10 -5.84159e+09    2.551e+10 -2.90693e+09  1.77791e+10 -2.61887e+09 -3.24922e+09 -2.31058e+10 -6.41519e+09  1.55683e+10 -3.91725e+08 -1.34606e+10  2.34218e+08  1.37159e+10  5.14419e+09   7.6784e+09   1.0947e+10  1.93521e+09  6.39494e+09  2.60693e+09 -6.17068e+09  7.95368e+09  1.82924e+10  3.48091e+09 -1.29292e+10 -1.87658e+09  8.07271e+09 -1.49883e+10 -1.03954e+10  2.89792e+09 -1.13699e+10  6.14053e+09  1.01746e+10  6.62686e+09 -3.60669e+09 -1.24787e+09 -1.53209e+09  4.35148e+09  8.91559e+08  4.19258e+09  4.58728e+09 -2.67699e+08 -1.67424e+09  1.98624e+10 -4.81111e+09  1.06595e+10 -4.83465e+09  7.24103e+09 -2.48327e+09 -5.33922e+09 -4.13874e+09  7.08772e+09  1.41133e+10 -5.60892e+09  7.16508e+09  8.69462e+09 -1.17166e+09  1.64887e+09 -6.06327e+09  -4.0533e+09  1.26557e+10 -2.47429e+09  1.68101e+09  5.48653e+09  1.23771e+10  1.37995e+10 -8.11764e+09  5.59806e+09 -7.58415e+08 -1.01438e+10 -6.74174e+09  -1.2158e+10   -8.155e+09  8.04634e+09 -9.82361e+09  9.56346e+08 -7.80293e+09 -6.52581e+09   1.3418e+10  4.86592e+09  8.71863e+08  1.26212e+08 -1.08154e+10
-7.44702e+08  8.12324e+09 -6.85988e+09  2.11718e+10  1.51966e+10  3.09131e+08  6.11521e+09   6.2331e+09 -1.70027e+09 -8.83014e+09  1.20781e+10  6.53033e+08 -4.79249e+09 -7.75779e+09 -1.02505e+10  1.72806e+11  1.99276e+09 -2.61805e+09 -2.00365e+09  3.88605e+09  5.28651e+09  6.84146e+09  1.06563e+10 -6.50106e+09  -7.0531e+09  1.42569e+09 -7.63224e+09 -5.59153e+09 -1.46624e+09 -5.68342e+09  4.04177e+09 -3.47323e+09 -6.17682e+09 -4.58235e+09 -4.74395e+09 -1.21563e+10  9.87309e+09 -1.73292e+08 -1.12042e+10 -8.91679e+09   4.3512e+09 -1.28258e+10  1.69521e+10 -7.17171e+09  1.51759e+09 -8.26617e+09  2.21235e+10 -4.34211e+09 -8.79877e+08 -2.00453e+10 -1.12271e+09  1.34226e+09  2.76512e+09  3.67013e+09 -5.95033e+09 -2.78586e+09   3.1909e+09  4.28885e+09 -1.77109e+10 -7.42089e+08 -3.50153e+09  2.75664e+09  8.30776e+09  6.68505e+09  4.84779e+09  9.01065e+09  3.68454e+09  2.39882e+07  1.04867e+10  4.98718e+09  1.07907e+10 -1.39985e+10 -3.79679e+09  5.91796e+09 -6.28009e+09  2.33462e+09 -5.89118e+09 -1.05964e+10 -1.09276e+09 -1.56007e+09 -1.19118e+10 -5.82019e+09 -5.68741e+08  1.48716e+09  -1.2834e+10  1.50907e+10 -7.28268e+09 -7.12794e+09  4.38219e+09 -9.71831e+09   3.3068e+09  1.37949e+10 -5.00829e+09 -4.85353e+08  9.14983e+09  1.42238e+10 -6.54977e+09 -1.15415e+09 -1.06436e+10  1.02268e+10  -1.2815e+09 -2.38052e+09  6.02229e+09 -4.39759e+09 -6.12895e+09   9.6171e+09   9.6631e+09 -1.12245e+10 -8.75377e+09 -5.17965e+09  4.14272e+09  2.78189e+06  1.49859e+09 -1.13567e+10  3.48928e+09  1.38816e+10  4.64805e+08 -7.97757e+09  1.92413e+09 -6.56626e+08 -2.22052e+09 -5.40298e+09  4.82458e+09  -1.0047e+09  3.99597e+09 -5.26585e+09 -5.99724e+09  4.20436e+08  1.40185e+10 -3.40733e+09 -3.86454e+09 -1.84915e+09  6.94435e+07  3.23937e+09 -1.94572e+09  1.04212e+09  2.08134e+09  1.08093e+10 -1.37518e+09   4.3023e+09    1.255e+09 -2.75438e+08  2.33778e+09  -5.1356e+09 -7.64299e+09 -5.09631e+08  -2.0424e+09  9.92002e+09 -7.09347e+09 -4.52993e+09 -1.79473e+10  9.87441e+09   7.3745e+09  2.30156e+09  3.09329e+09   4.1463e+09  1.02038e+09 -5.64903e+09 -4.71205e+08   3.6022e+09  7.88516e+08 -3.28348e+08  6.55632e+09 -2.26288e+09
-6.47442e+09 -1.16023e+09  4.48721e+08  9.00306e+09 -3.94823e+09 -4.16331e+09  9.36513e+09  3.70442e+09  1.45989e+10 -1.43406e+10  9.82029e+09 -4.56146e+09  1.27561e+10  3.47359e+08  8.43999e+09  1.99276e+09  1.68375e+11 -1.59177e+10  1.41629e+10  1.55922e+10  1.51511e+10  2.90538e+09 -1.75534e+09  6.63743e+09  3.43325e+09  1.16522e+10  1.66097e+10  2.22022e+09  1.23473e+10  1.60297e+09   4.3317e+09  4.56132e+09  1.63308e+10 -5.14887e+09  1.54497e+09  -1.6303e+09 -2.19026e+08 -8.66225e+09 -1.72482e+10  1.07867e+10  1.00841e+09  1.15482e+08  5.12405e+09 -1.34953e+10   3.5901e+09  3.10379e+08  5.10428e+09  1.20518e+10 -2.73199e+09 -6.11136e+09  1.63595e+10 -6.48974e+09  2.91372e+09 -6.14176e+08 -1.32931e+10 -6.58186e+09 -2.01381e+10 -3.37368e+07  2.52537e+10  4.38474e+09 -1.21175e+09  4.43265e+09  1.12002e+10 -1.56921e+09  2.41739e+09  2.86513e+09  9.54959e+09  4.05858e+09 -7.60725e+09 -1.17841e+09  1.67032e+09   1.1779e+10 -7.20516e+08  6.38849e+09 -9.74576e+08 -1.61746e+10 -1.68361e+10  8.02437e+09   9.3625e+09 -2.57164e+09  7.73575e+08 -8.29324e+09 -1.35828e+10  8.40192e+09 -8.77297e+08  1.11233e+10  1.74453e+09 -1.09066e+10 -7.49844e+09 -7.33529e+09 -1.64185e+09 -1.44977e+10  4.15078e+09  1.41884e+10  9.86451e+09 -1.73114e+09   8.4399e+09   1.2628e+10  1.79135e+09  5.77511e+09  -1.0661e+10  5.12864e+08  6.88369e+09  7.14666e+09 -9.22125e+09 -1.00012e+10  1.13143e+10 -4.40317e+09 -1.32988e+10  5.51215e+06  4.17183e+09 -1.26109e+10  -3.8676e+08 -2.15018e+09  -8.8921e+09  9.15354e+09   8.3839e+09 -6.91189e+09 -1.57011e+10  6.44656e+09  1.91411e+09 -2.42453e+09  2.63417e+09  3.91634e+09  8.89926e+09 -3.72452e+09  3.66438e+09  3.02076e+09  1.47917e+09   5.0576e+09 -5.25354e+09 -9.02202e+08  4.73631e+09  3.20409e+09 -2.35205e+09 -2.91986e+09  7.16296e+09 -1.79386e+08 -8.13694e+09  3.50969e+09 -2.33084e+09  1.01925e+10 -4.58491e+09 -6.07343e+09  1.46108e+10 -7.79223e+09 -6.78566e+09  7.29769e+09  1.59191e+10  8.71641e+08 -1.08564e+09 -1.09253e+10 -1.57963e+09 -1.01329e+09 -2.83237e+09  9.28934e+09    9.223e+09  1.03402e+10  1.18409e+09 -2.35608e+09  1.00548e+10  -1.7156e+09 -3.01763e+09   3.0424e+09
 5.67153e+08  -5.9424e+09   1.3441e+10 -5.18889e+09 -1.45462e+09 -1.05126e+10 -6.04264e+09  1.94708e+10  -1.4494e+10  2.97549e+10  1.91893e+10 -1.40141e+10 -5.46884e+09  -4.4933e+09  2.78446e+08 -2.61805e+09 -1.59177e+10  1.71498e+11  9.64312e+09  3.13001e+09 -9.21837e+08 -1.50636e+08  1.07431e+09  1.25009e+10  9.73415e+09 -1.01845e+10  4.50165e+09 -1.09047e+09  2.52515e+09 -1.72256e+09  5.75086e+09 -1.04733e+10 -2.71027e+08  2.91173e+09  1.51108e+10  -7.1411e+09  3.68082e+09  1.42667e+10 -1.69573e+10 -1.50548e+09 -1.22882e+09 -2.60263e+09  4.00091e+09  3.45012e+09  3.96156e+09   1.8577e+10  4.52908e+09  -1.5088e+10  2.58999e+09 -5.89877e+09 -1.46345e+10 -9.27977e+09 -1.51697e+10  1.41651e+10  4.00616e+09  6.90539e+09   1.1878e+10   7.8604e+09 -3.49593e+09 -4.19305e+08  -4.9565e+09 -1.82494e+09   3.0758e+09 -1.26162e+10 -1.33809e+10 -3.80946e+09 -1.52947e+10 -1.38168e+10 -3.91866e+09  3.20187e+09  1.05535e+10  5.23461e+08 -2.59767e+09  6.46929e+09  5.43565e+09 -1.28618e+10 -7.69729e+09 -1.30895e+10 -3.97937e+08  1.97031e+10 -1.62592e+09  6.36616e+09  4.41947e+09  7.72073e+09  4.61979e+08  2.31163e+09 -2.74772e+09  2.93454e+09 -7.81917e+09  5.04126e+09 -1.81382e+09  1.01201e+10  1.38603e+10   8.1646e+08 -1.09169e+10 -9.04361e+09 -1.61242e+09 -3.31956e+09   2.5833e+09 -9.67968e+09  2.86601e+09 -6.29451e+09 -1.15922e+09  8.66434e+09  9.72619e+09  2.26511e+09  4.89018e+09 -7.44902e+09  1.65941e+10 -4.87037e+09 -3.30093e+09 -1.81696e+09  4.39042e+09 -6.78249e+08  8.04515e+09 -4.82884e+09  5.47533e+09 -3.85888e+09 -4.78898e+09 -1.76714e+10  6.85479e+09  1.06823e+10  2.07306e+09  4.33719e+09 -6.67869e+08  -5.4042e+09  8.44493e+08  6.71688e+09  7.07221e+09  1.16906e+10 -1.34356e+09 -3.79944e+09  1.03196e+10  6.54521e+09  1.78211e+09  4.59986e+09 -1.33333e+10 -1.02909e+10 -7.47789e+09  4.74264e+09 -1.09839e+10  -8.1904e+09 -1.75706e+09  1.48903e+10 -1.89587e+10 -1.26185e+10  4.94397e+09  1.27663e+10  7.83222e+09  3.10823e+09 -1.56627e+10 -3.87523e+08  9.51462e+09  5.50703e+09  1.00663e+09  4.20122e+09  2.88437e+09  2.73943e+09  -2.1755e+09  1.88223e+10 -1.25912e+10 -4.01605e+09   1.1328e+10 -7.54582e+09
