 1.53313e+14 -2.05979e+14  6.82011e+13 -3.76286e+13  2.83072e+13 -3.92174e+13 -1.80926e+14 -1.07245e+14  2.59462e+13 -2.03697e+13 -2.92868e+13 -4.21188e+13  -1.2674e+14  4.15582e+13  1.42873e+14 -6.10063e+12 -5.30386e+13  4.64613e+12 -3.48222e+12 -7.66462e+12 -3.70676e+12 -1.28153e+13 -2.32145e+13 -1.30962e+13  1.38138e+11 -6.43518e+12 -6.71046e+12 -4.70794e+10  4.10506e+11  4.87285e+13 -3.65692e+13 -2.82485e+13 -3.23626e+13  2.30193e+13  1.91583e+12  1.79064e+13  1.92998e+13 -1.90928e+13 -1.00049e+10 -1.84705e+13  5.95802e+13  5.88856e+12  5.25033e+13  6.60739e+12  5.50086e+13  -3.5007e+13  7.85647e+12  1.13901e+13  4.85561e+13 -3.89473e+12 -5.72287e+13  8.95489e+12 -3.48395e+13 -4.62686e+13 -5.83628e+13 -1.46306e+12  5.09783e+13 -3.64364e+11 -6.85306e+12  2.77475e+13  -3.8506e+12  2.35087e+13 -2.45405e+13 -1.38518e+13  1.70348e+13 -3.02162e+13 -2.46838e+13  9.11468e+12  1.23247e+13 -7.75256e+12  3.61181e+13 -4.37486e+13  1.38117e+12  -8.7284e+12  2.07636e+13  3.99367e+13 -4.03735e+13 -7.78905e+13  -1.8056e+13  7.35272e+12 -7.53495e+11  1.75805e+13 -3.25677e+13  2.72743e+13  -5.7112e+12  2.35975e+13  1.60692e+13  1.94646e+13 -1.97732e+13  2.68276e+13  1.98709e+12  7.54332e+12 -1.51476e+13 -7.92377e+12  6.24538e+12  2.57987e+13  4.13847e+13 -3.65517e+12 -4.80901e+12  2.32828e+13  1.54969e+12  7.62994e+12 -3.74657e+12  1.77385e+13 -1.28094e+13  3.06174e+13  1.20246e+13 -1.63321e+13 -5.47595e+13  2.06021e+13  1.47307e+13  1.01117e+13  3.22027e+13  4.95953e+13   3.2347e+13 -1.94494e+12 -6.22883e+11  3.70494e+13  1.93105e+13 -1.47366e+13  3.40045e+13 -7.30066e+12 -4.50037e+13  3.34674e+13  1.51493e+13 -1.18805e+13 -1.11226e+13  2.32309e+13 -5.30065e+13 -1.18871e+13  5.06998e+12 -1.23048e+13 -2.79208e+13   3.9443e+13   1.8962e+13  1.68113e+13 -5.53168e+12  1.60401e+13  2.69067e+13 -1.93738e+13  3.56673e+13  5.99527e+12 -2.03933e+13  9.99211e+12 -6.97658e+12 -8.18553e+12  3.60895e+13 -2.58778e+13  1.19229e+13 -5.59879e+12  -3.0367e+12 -3.88495e+13 -6.29059e+12 -1.50823e+13  3.28968e+13 -2.34425e+13 -2.79041e+13 -1.72155e+13 -2.19374e+13  1.26314e+13  2.32967e+13  9.77012e+12 -8.17521e+12 -8.69322e+11
-2.05979e+14   1.4464e+15 -2.55206e+14  2.73777e+14  1.82401e+14  1.38511e+14  5.32224e+14  2.39416e+14  5.11246e+13  5.94479e+13 -2.56616e+14  1.48188e+14  2.12841e+14 -1.40856e+14 -4.66112e+14  6.65459e+13 -9.50463e+12 -4.86804e+13 -3.29268e+13 -1.07828e+14  5.12828e+13 -2.11801e+14  6.16729e+13 -1.32754e+14  1.80993e+13  1.42321e+13  2.37722e+12   5.1407e+12 -9.46099e+13 -2.88317e+13  2.71086e+13  4.90268e+13  2.75155e+13 -1.01836e+14 -1.47174e+14  2.55738e+12   6.2049e+12  5.30577e+13 -5.92736e+11  6.04123e+13 -9.45628e+13 -3.08196e+12 -1.41488e+14  1.57621e+14 -9.61775e+13 -3.20849e+13  6.27578e+13  1.76239e+13  2.17564e+12 -1.01659e+13  1.51933e+14  1.48504e+14  4.64881e+13  9.13714e+13  8.07265e+13 -9.95863e+13 -2.70043e+13 -1.54077e+14 -2.74921e+13 -4.46716e+13  8.70029e+13 -1.32599e+14  1.87725e+13  8.03456e+13 -5.00938e+13 -1.14544e+14 -9.20551e+12 -1.60538e+14  1.27484e+13  -1.4622e+14 -5.61407e+13  3.90389e+12 -8.78103e+13  2.50576e+13  -7.2731e+13 -1.75861e+13  4.75714e+13  3.70482e+13  4.54712e+13 -5.97915e+13  5.79332e+13 -8.32066e+13 -7.69203e+12 -1.18847e+14  8.07948e+13 -4.36513e+13  1.91893e+13  6.27147e+13 -8.03831e+12 -1.21234e+14 -2.82931e+12 -4.01614e+13  8.15544e+13 -1.60528e+14  -2.0905e+13  3.30615e+13  -1.2436e+14 -9.28002e+13  8.72941e+13 -3.66742e+13  5.96741e+12  2.88032e+13 -3.16084e+13 -8.47275e+13  4.41809e+13  3.58937e+13  4.52757e+13 -7.51375e+12  1.51831e+14 -1.01027e+14  5.06161e+13  3.82288e+13 -4.70736e+13 -5.47103e+13 -9.09355e+13 -7.05981e+13  4.60448e+13 -7.39636e+13 -9.44147e+12 -2.47027e+13  -6.0536e+13  1.11569e+14 -9.11737e+12 -5.56547e+13  1.95821e+13   2.4254e+13 -2.15469e+12 -4.62677e+13  9.38373e+12  1.08816e+13  5.78298e+13  1.10689e+13 -6.89312e+13 -5.34916e+13 -4.05431e+13 -1.25403e+14 -6.24543e+13  3.38596e+13   8.2686e+13  8.84636e+13   1.3327e+13  1.54189e+14 -1.09612e+13 -1.26614e+12  6.75279e+13  4.33164e+12 -1.24642e+13  -1.6375e+12 -1.05571e+14 -8.19465e+12  3.58797e+13  8.48954e+13  5.47039e+13 -1.30609e+13 -5.71902e+13  2.97084e+13  -4.8919e+13 -6.13715e+13  4.90167e+13 -7.65124e+13  1.00803e+13 -4.11471e+12  1.80471e+13  4.83572e+13
 6.82011e+13 -2.55206e+14  1.09192e+15 -1.47417e+13  5.36567e+13 -1.19972e+14 -1.86109e+14  -9.0777e+13  1.15327e+14  8.02641e+13  1.46687e+14 -7.45598e+13 -2.22737e+14 -1.00723e+14  3.34705e+14 -5.61963e+13  3.67593e+12  1.10109e+14 -4.81178e+13 -3.70308e+13  6.09324e+13 -1.71728e+13 -7.11624e+12 -1.68179e+13   4.4706e+13   5.2838e+13  1.67814e+13 -2.95386e+13 -2.51962e+13  1.32156e+14  1.25776e+13  2.31036e+13 -3.86146e+13  9.71044e+13 -3.09735e+13 -2.99644e+13  3.90437e+13  5.99485e+13 -9.50066e+13  3.80591e+13 -2.36718e+13  5.15263e+13  1.93055e+13 -2.52533e+13  1.02179e+14  7.25187e+13  -4.0547e+13 -1.70367e+13 -2.32989e+13  -3.0293e+13 -4.86009e+13 -4.19847e+13 -4.25453e+13 -4.41478e+13 -1.50961e+14   6.0301e+13 -1.93994e+13 -4.64527e+13  5.34756e+13 -6.07382e+13 -3.28049e+13 -3.74094e+13  2.22349e+13 -1.33827e+14  2.63115e+13 -1.91968e+13  1.37237e+12  -2.9064e+13  7.52639e+13 -5.52864e+13  8.87175e+13 -3.12588e+13  5.07261e+13 -9.21251e+13 -5.72367e+12 -3.31756e+13 -1.53493e+14 -1.94716e+13 -3.90279e+13  3.52287e+12 -8.02839e+12  8.92879e+12  8.42224e+11 -1.18883e+13  3.57694e+13  4.97969e+13 -6.44593e+12  6.15895e+13 -1.89883e+14  3.01122e+13  6.16657e+13 -1.08103e+13 -1.57407e+13  7.84927e+13  4.65426e+13 -3.88428e+13 -3.17437e+12  9.97179e+13  8.05421e+13 -3.50265e+13 -9.35439e+13 -2.20564e+13  2.27008e+13  6.60042e+13  3.67542e+13  7.72394e+13  -2.8853e+13  -6.2554e+13 -3.49747e+12 -4.01474e+13 -4.24444e+13 -2.63106e+13  1.00081e+14 -4.55002e+13 -2.47443e+11 -8.47709e+12  6.38231e+13 -2.90883e+13 -6.35243e+12 -8.97705e+13  8.53936e+12 -1.79894e+13  5.85528e+13  7.71187e+13 -9.63547e+11  1.04588e+14 -9.67458e+13  4.51583e+13 -5.17735e+13  9.26869e+12 -1.22185e+14 -6.60996e+13   6.7391e+12  4.99355e+11  7.67056e+13  1.05855e+13  3.47928e+13  8.84795e+13 -4.71168e+13 -7.41281e+13 -8.62301e+13  8.67287e+12  6.02822e+13 -6.20624e+13  4.26362e+12 -5.62242e+13  4.30163e+13  1.22749e+13  1.04649e+14  4.98987e+12 -1.01855e+13 -2.68306e+12 -6.62339e+13  3.35896e+13  8.33598e+13 -1.11874e+14  1.11586e+13 -2.62571e+13 -3.40977e+13  2.84295e+13  4.35591e+13 -6.40447e+12  2.44651e+13 -5.17369e+13
-3.76286e+13  2.73777e+14 -1.47417e+13  1.38939e+15  1.99939e+14  1.10783e+14   1.0997e+13 -9.06756e+13 -1.72626e+14  1.67028e+14 -2.23445e+12 -4.76613e+12  1.42457e+12  -5.3173e+12   -3.488e+13   1.7344e+14  7.37533e+13 -4.25076e+13  5.61835e+13 -6.04467e+12  -5.7918e+13 -2.45069e+13  3.75564e+13  3.06405e+13 -7.67094e+13  4.69213e+13 -7.07922e+13 -1.60333e+14 -2.23165e+13 -9.23355e+13  3.35428e+11 -5.40688e+13 -1.38809e+14  9.89263e+12 -3.05231e+13 -9.04371e+13 -1.16113e+13  1.00855e+14 -8.96586e+13  9.92414e+13  -5.2905e+13  6.60081e+13   2.5166e+13 -6.36981e+13 -3.29363e+13 -9.06974e+13  3.20932e+13  2.19648e+13  2.67306e+13 -3.79459e+13  2.82495e+13  1.23197e+14  -4.3956e+13 -2.25456e+13  -3.5853e+13  7.01766e+13  9.55089e+12 -5.18607e+13 -7.45772e+13 -6.46528e+13  8.72444e+12  -2.1524e+13 -4.33637e+12 -2.44127e+13 -1.34609e+14 -1.40743e+13  1.84568e+14 -1.29341e+14   -3.226e+13 -4.46442e+13 -1.91452e+13  6.14128e+13 -7.86294e+13   4.3427e+13 -8.28793e+13  -1.2679e+14  -2.0479e+13  9.86858e+13 -9.65205e+13 -1.66838e+13 -7.39196e+12 -5.52887e+13  1.04726e+13  3.02176e+13  9.77215e+12  5.39863e+13  7.45334e+13 -9.01678e+13   5.2347e+12  -1.6909e+14  5.60201e+13   3.6986e+13  4.88276e+13 -7.83005e+12  1.26084e+14  7.88285e+13   1.8757e+12  9.70149e+13  2.61813e+13 -4.51342e+13  8.55155e+13  1.12772e+14    3.514e+13 -2.35601e+13 -5.39962e+13  1.61738e+14  7.23207e+13 -9.09607e+13  1.51975e+14 -9.77354e+13  4.11384e+13 -2.03992e+13 -6.86507e+13  2.03524e+12 -2.35327e+13  1.46505e+14   9.1446e+13 -4.49492e+13  2.69684e+13 -2.23749e+13  -1.9551e+13  3.82924e+13  1.33661e+14 -2.66896e+13  4.29862e+13 -1.60179e+14  1.74345e+13 -6.16812e+13  3.06168e+13 -8.47419e+13  5.80743e+13 -3.51107e+13 -8.12351e+13 -4.46879e+13 -2.50439e+13  -8.6391e+13 -1.61223e+12 -3.49521e+13  5.42204e+13  1.96907e+13 -3.62787e+13  3.91037e+13  3.20655e+12  2.09006e+11  5.27293e+13 -1.08327e+14  -8.4532e+13 -2.18711e+12 -6.24198e+13 -1.57978e+13 -3.85622e+13  3.85564e+13 -1.03535e+13  1.09426e+13   3.1917e+13  -1.7117e+13  1.39474e+12 -1.87146e+13  4.07475e+13  -5.0686e+13 -3.81404e+13 -1.11317e+14  1.71568e+13 -7.36362e+13
 2.83072e+13  1.82401e+14  5.36567e+13  1.99939e+14  1.07009e+15 -1.65158e+14 -6.05811e+13  -6.5562e+13  1.12375e+14  9.17549e+13 -1.14802e+14 -8.35685e+12   1.2615e+13  6.49105e+13 -1.97536e+13  1.24491e+14  -3.2344e+13 -1.19163e+13 -1.64986e+13  5.31164e+13 -4.40952e+13  -6.9047e+13  6.73692e+13 -1.36056e+14  3.79664e+12  1.00843e+13 -1.45257e+14 -5.77162e+13 -6.58744e+13  -2.6008e+13 -6.75798e+13 -1.46077e+13 -5.41708e+13 -2.82378e+13 -9.47668e+13  4.66667e+13   2.2071e+13  4.60957e+13 -1.51491e+13   6.5895e+13 -3.13277e+13  9.73525e+13  3.58329e+13  2.86493e+13 -4.60842e+13 -1.37047e+14  7.99213e+13 -5.07449e+13  7.26149e+13   2.3207e+13  4.11199e+13  1.09359e+14  2.88031e+13 -1.84512e+13 -7.45585e+13 -1.83039e+13  3.63269e+13 -6.47835e+13 -9.69153e+13 -5.09184e+13  -1.5924e+13 -1.35499e+14 -8.47859e+13  3.07134e+13 -5.96956e+13  -4.0541e+13 -3.79468e+13 -1.21484e+14  7.48579e+13 -8.77392e+13  2.59711e+13  6.38099e+13  5.52029e+12   2.3392e+13 -8.05591e+13  3.02479e+13 -5.02237e+13  -5.1405e+12 -8.92852e+13 -2.61044e+13  7.82926e+13  2.65825e+13  1.59437e+13 -9.59579e+13  1.27612e+14 -1.98067e+13  5.48341e+13  6.29913e+13 -6.88197e+13 -2.15904e+13  6.47888e+12    2.912e+13   6.6573e+13 -5.15441e+13  5.23686e+13 -2.48522e+13 -2.35599e+13 -2.02999e+13 -1.54314e+13  7.69906e+12  4.40283e+13  8.14257e+13 -8.80552e+13 -2.65394e+13 -2.60177e+13  7.78839e+13  7.82239e+13 -5.53544e+13  4.33256e+13  3.91143e+13   7.3096e+13  2.99043e+13 -8.05938e+13  5.88304e+13  2.85564e+13 -1.25079e+13  1.04135e+14  -3.2782e+13 -3.53468e+13  -5.3529e+13  -4.8603e+13  9.34505e+13  2.84314e+13  2.96561e+12  2.28858e+13 -5.22518e+13  3.55276e+13  3.11207e+13 -2.92126e+13 -5.39415e+12  1.13678e+14 -4.16049e+13 -6.07865e+13 -6.79617e+13  5.53974e+13 -8.20588e+13  3.53812e+13 -2.43136e+13  7.08226e+13  2.44001e+13  2.90207e+13  3.52067e+13 -1.09745e+14  7.45194e+13 -1.04316e+13 -5.39836e+13  1.98566e+13 -8.94469e+13 -7.60654e+12 -3.31333e+13 -5.22349e+13   7.1138e+12  6.60217e+13  2.53003e+13  6.77089e+13 -2.03296e+13  2.29179e+12 -6.26386e+13 -3.36836e+13 -5.81004e+13  3.26272e+13  2.82127e+13  6.62078e+13 -2.66822e+13
-3.92174e+13  1.38511e+14 -1.19972e+14  1.10783e+14 -1.65158e+14  1.20362e+15 -1.08739e+14  1.35688e+14  -1.7058e+13 -1.06112e+14  -1.6253e+14  3.78733e+13  3.31926e+13 -1.18334e+13 -2.91732e+13  2.53241e+12  -3.4106e+13 -8.61195e+13 -2.55687e+13  1.61306e+14 -1.31228e+13 -1.54119e+14  -1.1929e+14  6.21248e+13  1.81701e+13   1.0751e+14 -5.28314e+12  3.97698e+13  6.03862e+13 -7.08792e+13  4.16664e+13 -4.02608e+12  2.67806e+13   3.1118e+12 -1.36643e+14 -2.15733e+12 -5.16139e+13  4.71656e+13  -9.0846e+13 -2.09619e+13  8.31804e+13  9.27998e+13   1.2531e+13  3.20041e+13  7.71161e+13  7.27234e+13  6.31854e+12  7.11901e+12  2.89523e+13 -5.01341e+13  4.34474e+13  1.05747e+13   8.9209e+12 -8.29966e+13 -7.91621e+13 -5.67377e+13   8.5057e+13  9.53209e+13  9.51221e+12  1.09694e+14  5.00086e+13 -4.06882e+13  4.21737e+13  1.79578e+13  6.18483e+12 -2.20901e+13 -1.62554e+13 -8.02808e+13  4.72996e+13 -2.44074e+13  3.85907e+13   6.4474e+13  7.65071e+13 -3.98466e+13 -7.63213e+13 -2.16756e+10  6.59667e+13 -2.00239e+13  -2.1491e+13  5.12355e+13  7.83121e+12 -9.20945e+13  4.77062e+13  1.13453e+12 -1.34883e+13  3.39144e+13  2.66281e+12  -1.1297e+13 -6.11533e+13 -7.09399e+13  3.29041e+13 -4.66335e+13 -8.03172e+12 -7.85538e+13 -4.55098e+13  1.37857e+13  4.48757e+13   5.0896e+13  -9.7234e+13  -3.4381e+13  1.02702e+14  2.83903e+12  1.19253e+13 -9.09281e+13 -6.00867e+13  1.87261e+13 -7.80451e+13  7.23426e+13  1.94503e+13  3.05563e+13 -6.75194e+13  3.77026e+13 -5.33971e+13  1.02766e+13  -3.1737e+13 -9.60837e+12 -5.38077e+13 -1.50826e+13  4.92218e+13  3.03668e+12  1.63243e+13  -5.2669e+13 -4.61044e+13 -1.06175e+14 -2.39052e+13 -1.39386e+14  5.88595e+13 -1.02228e+14  1.83463e+13 -1.44618e+13  4.70329e+13  6.23684e+13  2.84007e+13 -3.52964e+13  5.59138e+13  5.26861e+13  5.90441e+13  2.34299e+13 -3.79415e+13  3.53417e+13  8.85279e+13  5.87517e+13 -6.83459e+13 -4.97607e+13 -3.28835e+13  2.47666e+13  6.00624e+13  1.58931e+13 -4.34077e+13  -9.0034e+12 -1.23836e+13  7.16469e+13 -7.95168e+13  1.86755e+13 -8.04533e+13 -6.71979e+13 -1.09353e+14 -1.74275e+13 -3.80342e+12 -2.30178e+13 -3.05883e+13 -9.47145e+12 -4.83136e+12 -5.20178e+13
-1.80926e+14  5.32224e+14 -1.86109e+14   1.0997e+13 -6.05811e+13 -1.08739e+14  1.56077e+15  2.22159e+14  9.80491e+11 -3.21993e+13  7.97449e+13 -7.10195e+13  3.46559e+14 -1.63667e+14 -3.32393e+14   5.0096e+13  7.67194e+13 -4.95015e+13  2.79262e+13 -9.72424e+13 -6.42663e+13  7.77164e+13 -1.12549e+14 -1.61426e+14  7.81833e+13 -6.64488e+13  8.36778e+13  2.05925e+14 -4.51707e+11 -1.11739e+13 -5.00785e+13 -3.89444e+12  1.00271e+14  7.48467e+12  -1.4565e+14 -1.00001e+14  5.40918e+13  1.64969e+14  9.96856e+12 -5.53252e+13  2.83327e+13 -2.05065e+13 -1.81092e+13  2.75313e+13 -6.06728e+13 -9.87803e+13 -5.83604e+12 -4.96782e+13  9.15496e+13 -6.40837e+13   1.1132e+14 -6.86757e+13 -3.87564e+12  8.94698e+13  1.06313e+14 -1.96053e+13 -1.69884e+14  -5.8102e+13 -4.82674e+13 -7.46734e+13  6.06823e+10 -4.76904e+13  5.45735e+12  2.89837e+12  2.67521e+13 -7.09287e+13  5.43304e+13 -2.53271e+13 -2.15848e+13 -1.77407e+13 -2.85287e+13  -1.2366e+14  7.35072e+13  9.16535e+13 -4.91683e+13 -6.29001e+13  1.25262e+13  8.97539e+13   1.8941e+12 -8.25871e+13   2.9879e+13  1.01591e+14   1.2131e+14 -1.35069e+14  4.47489e+13  3.51794e+13 -9.57356e+12  7.50504e+13 -6.04689e+13 -3.79791e+13 -1.09628e+14 -1.13546e+13  3.22372e+13 -3.38162e+13 -2.14269e+13  2.17617e+13 -1.11178e+14  -5.2161e+13  1.16578e+14   1.0892e+14 -4.64566e+13  1.12934e+14  5.28527e+13 -6.90342e+13  5.44925e+09 -1.33419e+14  2.04322e+11   5.9648e+13  1.18818e+14 -1.51989e+13   1.1344e+14 -5.77683e+13 -4.19102e+13 -6.09561e+13 -2.45775e+13 -2.36045e+13 -1.52332e+13  -3.4281e+13 -1.68427e+13  2.22626e+13 -2.85026e+13  1.02018e+13  2.31166e+13  2.31417e+13 -4.36587e+13  9.60764e+13 -1.14004e+14  4.52133e+12 -4.41669e+13  1.85548e+13    1.055e+14  2.46768e+13 -9.09627e+13 -7.01552e+13 -1.25596e+14 -5.14111e+13 -1.50117e+14 -1.05183e+13  3.05841e+13 -1.88043e+13 -2.21398e+13  4.99352e+13  9.34654e+13  4.26337e+13  1.08612e+14  3.33531e+13  1.05584e+13  4.01313e+12 -9.85357e+13  1.22571e+14  7.76508e+13 -2.70771e+13  2.82976e+13  1.48571e+13 -2.30525e+13  6.77753e+12 -7.46603e+11  9.49213e+13  5.34807e+12  1.35433e+13 -1.63008e+13  1.47204e+13  3.66429e+13 -3.44548e+12
-1.07245e+14  2.39416e+14  -9.0777e+13 -9.06756e+13  -6.5562e+13  1.35688e+14  2.22159e+14  1.51631e+15 -2.17045e+14  2.67376e+13  8.07982e+13 -1.27588e+14  1.64516e+14 -8.18235e+13 -1.59721e+14  5.10618e+13  3.03467e+13  1.59505e+14  4.48363e+12  1.02891e+14  1.82418e+13  1.57811e+14 -2.42076e+14  9.22742e+13  3.99772e+13  4.37211e+12  5.39308e+13  1.21323e+14  7.82099e+13 -2.02223e+14  9.26285e+13  1.52926e+14  9.86272e+13 -8.27824e+13  1.47089e+13 -9.01262e+13 -1.32581e+14  1.28588e+14 -4.86137e+13 -3.78234e+12 -7.03222e+13  1.32209e+12  2.41453e+13   2.7212e+13  1.19993e+14   1.0794e+14 -5.81464e+12  5.56265e+13 -5.02322e+13  3.47054e+13  5.73123e+13 -4.89706e+13 -3.62497e+13  1.34646e+11  8.94691e+13  2.73904e+12  3.38026e+13 -1.61069e+13  6.98042e+13  2.66265e+13  -3.1291e+13  8.97665e+13    3.518e+13   1.5494e+13  -3.5015e+13   9.3208e+13  5.21988e+12 -3.78387e+13  9.24265e+13  1.00774e+14  4.22265e+13 -1.01564e+14 -5.62337e+13  4.93004e+13 -3.42862e+13 -1.09307e+14 -4.07346e+13  5.69228e+13 -6.90932e+13 -1.56448e+13 -3.67141e+13  7.74773e+13  8.73481e+13  3.46765e+13  -3.6837e+13  1.32433e+14  1.45262e+13  1.53258e+13  -3.6842e+13   1.0674e+13 -8.42534e+13 -4.44039e+13 -1.20178e+13  -2.0336e+13 -1.23798e+14 -1.03951e+14  1.88552e+13 -1.63116e+13 -1.07626e+13  3.34297e+13  4.21628e+13  1.13889e+14  1.12237e+14  1.00718e+13  1.14009e+14 -1.04896e+14 -1.12074e+14 -7.03393e+13 -1.43325e+14 -3.02589e+13  3.42075e+12 -4.53863e+13  6.37705e+13  -9.6637e+13 -9.43694e+13 -2.37211e+13  9.95355e+13  1.94571e+13 -5.46044e+12  2.87167e+13  1.42936e+13  9.36146e+13  -9.8778e+13 -3.01517e+13 -6.67262e+13  2.70565e+13  1.17274e+14  6.46833e+13  5.50995e+13  1.05825e+14 -8.47546e+13  3.10872e+13  1.17694e+14  -9.2508e+12 -5.36376e+13 -1.70716e+13  6.31388e+13 -4.11661e+13 -9.72233e+13   9.2579e+13 -1.66237e+14 -4.92838e+13 -3.18952e+12  4.80212e+12  -5.7709e+13 -1.25258e+13  1.10751e+13  7.53006e+13  2.85807e+13 -2.37956e+13 -3.46341e+13 -3.77053e+12  -1.8063e+13 -6.33375e+12 -2.90637e+13  7.13546e+13  1.17747e+14  1.17834e+14  7.02195e+13  2.17644e+13 -7.49392e+13  1.48959e+13  2.60737e+13 -2.95116e+13
 2.59462e+13  5.11246e+13  1.15327e+14 -1.72626e+14  1.12375e+14  -1.7058e+13  9.80491e+11 -2.17045e+14  1.29337e+15  4.12174e+13 -1.65241e+13 -1.35196e+14  5.89987e+13  2.69262e+12  -9.8814e+13 -1.39287e+13  1.19595e+14 -1.18736e+14 -2.10996e+13 -2.43587e+12  1.13553e+14 -1.30978e+14 -4.43912e+13 -8.06689e+13 -1.91258e+13 -1.96466e+13 -2.43709e+13 -3.37728e+12 -1.07041e+14  7.64299e+13 -2.95773e+13  3.92415e+13 -1.87723e+13 -9.02703e+13  1.40563e+12  1.13384e+14  3.65663e+13 -6.72131e+13 -2.64221e+13   -2.909e+13  3.36161e+13 -5.23888e+13 -8.77591e+13  -2.6095e+13  -2.9178e+13 -1.46486e+14   8.7978e+13 -2.14954e+13   2.0811e+12  -1.0683e+12 -4.92897e+13   6.6879e+12 -8.89352e+13  1.92824e+13 -3.97679e+13 -1.41281e+14 -8.82153e+13 -2.06524e+13 -3.72118e+13 -2.07547e+11  -4.3062e+13  -5.3522e+13  6.37233e+13  3.05206e+13  5.06039e+13 -1.60591e+14  3.41302e+13  2.78604e+13  1.28682e+14 -2.07705e+13 -1.67544e+13 -8.57416e+13 -3.76822e+13  2.04229e+13  9.75213e+13   8.1399e+13 -1.20648e+13  4.73002e+12  1.38541e+13  3.26385e+13 -4.12278e+13  5.63833e+13 -1.06901e+14 -1.36462e+14 -4.25436e+13 -1.67557e+13  3.59911e+13 -2.88645e+13  8.04166e+13 -2.41725e+13  4.94883e+13 -1.59086e+13  9.80493e+13  1.01999e+13  3.09536e+13  1.51059e+13 -2.88899e+13  4.54283e+13 -1.53559e+14  6.25864e+13 -2.58629e+13 -3.85483e+13 -8.64001e+13  4.57923e+13 -2.53137e+13 -3.23222e+13  3.93121e+13  8.06488e+13    -3.27e+12  2.87711e+12  7.58026e+13 -5.32109e+13  6.03736e+12  1.27363e+13   -4.719e+13   -4.835e+13 -1.89709e+13 -4.54863e+13 -3.33758e+12 -9.07208e+13  7.91596e+12  6.10213e+13   9.2945e+13 -4.71685e+13  7.12808e+13  3.16584e+13  1.54908e+13 -8.59751e+12  1.57691e+13  -4.3186e+13 -6.13549e+12 -1.20066e+14 -1.41332e+14  6.26758e+12 -3.23362e+13 -7.38332e+13 -1.16386e+12 -9.70679e+13   8.7125e+13  3.34793e+13  8.81745e+13  5.17276e+13  -1.1818e+13 -4.33541e+13 -1.19618e+14  9.06306e+13 -4.98122e+13 -7.79193e+13  9.72566e+13  6.64718e+13  6.00551e+13  2.93703e+12  4.15032e+13  2.01413e+13  3.02063e+13  -5.1279e+13 -2.67759e+13 -6.08574e+13 -4.33328e+13  -6.9081e+13  6.52285e+13  4.79917e+13  9.43611e+13  1.40284e+14
-2.03697e+13  5.94479e+13  8.02641e+13  1.67028e+14  9.17549e+13 -1.06112e+14 -3.21993e+13  2.67376e+13  4.12174e+13  1.33476e+15   1.9903e+13 -8.85157e+13 -7.71828e+13  4.48589e+13 -1.00683e+13 -7.23368e+13 -1.17479e+14  2.43753e+14 -8.90503e+13 -2.05297e+13 -5.20791e+13  1.13946e+14   5.4545e+13 -1.62215e+12  6.50981e+13 -5.15511e+11 -8.28052e+13 -7.75771e+13  -2.1355e+14 -7.21975e+13  4.73134e+13 -2.94584e+13 -8.48301e+13 -2.84804e+13  5.34542e+13  1.23898e+14 -5.92887e+13  3.68624e+13  -9.8882e+13   7.3177e+11 -8.91433e+13  1.91043e+13  8.13146e+13 -9.56627e+13  2.61496e+13  7.50569e+13 -2.30727e+13  6.15954e+13  -5.9809e+13  1.25332e+14 -3.30002e+13 -1.95417e+13  1.07126e+13  1.11878e+14 -4.61114e+13   5.9712e+12  4.46216e+13 -9.90367e+13  3.45213e+12 -9.60711e+13 -3.00691e+13 -4.27016e+13  4.00778e+13 -9.32419e+13 -5.98787e+13  1.34486e+13  8.11676e+11 -1.11737e+13  1.09775e+14 -3.37472e+13  5.26644e+13 -4.43989e+13  5.28995e+13 -2.89458e+13   9.9804e+13 -2.40394e+13 -9.18537e+13 -2.75544e+13 -8.53266e+13  6.61924e+13 -2.79302e+13  5.15624e+13  -4.4042e+13  3.46389e+13  7.72807e+13  5.23005e+13 -2.00858e+13  5.18101e+13 -2.58534e+13 -4.15258e+12 -1.07686e+13  4.21287e+13 -3.23759e+13  2.10349e+14  2.50596e+13 -1.20805e+14 -5.10643e+13 -3.37852e+13  6.36467e+13 -1.12072e+14  8.41421e+12  3.62871e+13  1.68035e+13  9.36722e+13  4.18264e+13 -5.76497e+13  2.79171e+12 -3.71564e+13  7.45103e+12 -3.58932e+13  6.41196e+13 -5.36551e+13  6.52807e+13  1.71813e+13  6.01216e+13 -5.90727e+13   1.7862e+13  2.76742e+13  4.32855e+13 -5.63685e+13 -9.94963e+13  8.40146e+13 -5.29424e+13 -3.16669e+13  4.81885e+13  1.94322e+13 -5.29638e+13  3.13949e+13  4.79452e+13 -3.66224e+13 -7.97875e+13 -5.64987e+13 -3.75624e+13 -5.44209e+12  -6.8039e+13   5.3743e+13 -1.27242e+13  7.08396e+12  1.27523e+13  3.77007e+13 -1.16003e+14  8.61104e+13 -1.57505e+14  1.13788e+14 -1.38993e+14  2.92033e+13  5.41335e+13 -1.95646e+12  -5.1588e+13  3.49511e+13   1.0327e+14  8.25678e+13   1.8766e+14 -5.53715e+12  2.64089e+13   6.6848e+12 -2.76881e+12 -6.62453e+13 -4.89817e+13 -3.80263e+11 -7.96448e+13 -1.78646e+13  5.94603e+13  3.27563e+13
-2.92868e+13 -2.56616e+14  1.46687e+14 -2.23445e+12 -1.14802e+14  -1.6253e+14  7.97449e+13  8.07982e+13 -1.65241e+13   1.9903e+13  1.59318e+15 -7.10442e+13 -5.32098e+13 -1.93138e+14  2.04099e+14  9.89445e+13  8.04481e+13  1.57199e+14  1.11453e+14 -1.98599e+14 -7.96834e+13  1.36707e+14  -1.0741e+12 -1.80825e+13  1.04065e+14  3.18797e+13   1.5089e+14 -1.12699e+13   1.4488e+13 -3.25165e+13  1.38895e+14  2.73621e+13  1.86657e+13  1.50104e+13  7.84387e+13 -1.58728e+14 -1.82782e+14  1.94242e+14 -3.51566e+13 -5.96518e+13 -1.26817e+14  2.80669e+13 -3.25645e+13 -2.47607e+13   7.8254e+13 -5.91252e+12 -5.45342e+13  5.62457e+10 -1.37875e+14  1.19261e+13 -1.41308e+14 -9.03327e+13  2.05819e+13 -6.36377e+13  6.38457e+13  4.82618e+13 -2.81803e+13  4.07719e+13  -1.7564e+13  9.21664e+13 -6.59631e+13  9.14334e+12  9.12784e+13  1.26713e+14 -1.39664e+14  8.34245e+13  6.32271e+13  4.56204e+13  8.20925e+13 -5.74259e+13  1.08042e+14  5.47007e+13 -5.85359e+13 -2.97045e+13   1.8464e+13 -1.76229e+14 -4.92314e+13 -4.80109e+13  7.12886e+13  8.85819e+13 -2.52631e+13 -6.05668e+13  7.23371e+13 -1.24092e+13 -5.59061e+12  2.44511e+13  2.52209e+13 -1.09713e+14  -3.6295e+13  8.93708e+10 -8.40467e+13  1.70654e+13 -5.08367e+13  4.09605e+13  5.46737e+13 -6.66695e+13  2.67515e+12  1.47458e+14 -3.90846e+13  5.13602e+13  4.51074e+13 -7.12278e+13   5.5995e+13  9.40612e+13 -7.47332e+13 -5.38769e+13    9.813e+12 -5.51753e+13 -3.97176e+13 -3.18984e+13  1.53833e+13 -6.19258e+13 -3.15792e+13 -7.22481e+13  1.27018e+13  5.80829e+13 -9.41573e+13 -6.88967e+13 -3.13963e+13 -2.67783e+13 -3.91407e+12 -5.93188e+12 -1.85154e+13 -9.62641e+13 -7.52681e+13  1.40779e+13  7.86463e+13 -5.42652e+13  2.26732e+12 -2.24193e+13 -1.91166e+13  3.28948e+13  2.41452e+13  1.09765e+14 -8.72789e+13  1.34909e+14 -1.43965e+13 -1.17744e+14  -1.8099e+14 -2.24026e+13 -1.27503e+14 -8.26383e+13  3.62071e+12   6.9371e+13 -4.36457e+13 -5.15457e+12   3.5693e+13  1.02263e+14  9.99618e+13 -2.90532e+13 -1.00316e+14  2.02672e+13 -7.82117e+13  9.21585e+13 -8.96879e+13  8.11052e+13  3.28162e+13   1.2052e+13 -6.85421e+13  5.93732e+13  -5.5598e+13 -5.41359e+13 -4.40458e+13 -1.32066e+14
-4.21188e+13  1.48188e+14 -7.45598e+13 -4.76613e+12 -8.35685e+12  3.78733e+13 -7.10195e+13 -1.27588e+14 -1.35196e+14 -8.85157e+13 -7.10442e+13  1.36565e+15 -1.41334e+14  3.04207e+12 -2.74234e+13  5.34967e+12 -3.73676e+13 -1.14804e+14  -5.1653e+13 -3.32533e+13 -2.37068e+13  4.32689e+13 -6.47023e+13 -3.66095e+13 -3.86742e+13  1.37399e+14  1.95579e+13 -1.05591e+14 -2.00152e+13 -5.47964e+13  3.36738e+13 -6.84136e+13  2.53007e+13 -7.88811e+13 -7.33352e+13  1.67241e+13  1.07416e+12 -4.68797e+12  1.24551e+14 -3.42626e+13  1.05965e+14 -1.32544e+14  1.02259e+14  4.32747e+13 -1.66319e+14  1.51865e+14  5.75736e+13 -4.69823e+13 -1.03706e+14  3.13636e+13  3.05519e+13  2.09665e+12  4.35185e+13  3.80349e+13 -1.21075e+13 -4.41587e+13  7.85683e+12  7.44636e+13 -9.26732e+13  2.33407e+13  1.31012e+14  5.13541e+13  5.88582e+13  6.54777e+13  3.12729e+13  8.56525e+13  5.11954e+12  9.59399e+13 -3.61803e+13 -4.27202e+13 -3.20067e+13  4.50449e+13 -9.05882e+13  4.58417e+13  1.20964e+14 -2.76996e+12   1.4935e+14 -4.49473e+13   1.5908e+14 -8.80199e+12 -4.95961e+12  1.42406e+13 -7.35862e+12   3.7127e+13 -8.14876e+13  -1.8498e+13 -3.39823e+13 -3.62671e+13  1.39195e+14  -1.2487e+13  3.33413e+13 -4.18999e+13 -5.10363e+13 -2.87569e+13  4.33278e+13 -2.15507e+13 -1.08557e+14 -5.24058e+13 -3.07733e+13 -5.37347e+13  1.03156e+14 -1.50011e+14 -1.98924e+14  -7.0491e+13  8.04362e+13  7.30429e+13  5.65093e+13 -2.84423e+13  5.52789e+13 -8.83405e+12 -2.58994e+13  1.84298e+13  4.41705e+13  2.63952e+13  3.02668e+13  -1.4111e+13 -5.47575e+13  1.10329e+14  5.35117e+13 -3.59145e+13  8.47539e+12 -8.78945e+13 -2.62274e+13 -4.22106e+13  1.34928e+13 -5.51884e+13 -1.79512e+13  5.75241e+13 -9.23067e+13 -1.14796e+14  5.31644e+13  8.69723e+13  7.95654e+13  5.08393e+13  6.26173e+13 -1.32669e+13 -5.95958e+13  5.73188e+13  8.83981e+13   1.7231e+14 -8.04524e+12  2.33849e+13 -2.57886e+13  2.18943e+13  5.13507e+13  1.70147e+14 -2.78045e+13 -2.97391e+13 -6.55535e+13 -9.72442e+13 -7.23973e+12 -1.00645e+13  5.94698e+13 -1.06665e+14  3.44088e+13  1.84993e+13 -2.68725e+13  1.17663e+13 -7.01719e+13 -1.66142e+13  1.86713e+13 -6.82093e+13 -1.00321e+14 -3.64821e+13
 -1.2674e+14  2.12841e+14 -2.22737e+14  1.42457e+12   1.2615e+13  3.31926e+13  3.46559e+14  1.64516e+14  5.89987e+13 -7.71828e+13 -5.32098e+13 -1.41334e+14   1.7037e+15 -3.66105e+13 -2.71025e+14 -3.92603e+13  1.04499e+14 -4.48009e+13  1.65967e+14   7.5689e+13  -1.3632e+13  3.15125e+13 -8.45971e+13  6.10238e+13 -3.34422e+13  -1.3437e+13  2.41188e+14 -6.47698e+13 -4.03068e+13  2.50789e+12  5.41582e+13  1.62368e+14  1.27255e+13 -9.75997e+13  5.18801e+13 -7.17765e+13  7.42088e+13 -9.66994e+13   7.6621e+13 -5.24713e+13  -1.1924e+14   9.5648e+13  -5.5008e+13  1.67333e+14  -8.9099e+13 -6.62523e+13  1.42207e+14 -4.26988e+13  -7.9709e+13 -7.36298e+11  4.04083e+13 -4.89168e+13  4.49332e+13 -2.97589e+13  6.91539e+13 -5.83333e+12 -1.67925e+14 -5.80174e+13  2.06319e+13 -1.60553e+13  -1.6734e+14 -9.85119e+13 -1.11549e+14 -8.18332e+13  7.57649e+12 -1.07598e+14  1.11053e+14 -2.55427e+13 -1.23997e+13  8.10138e+13 -2.30285e+13 -6.88659e+13  5.90986e+12   3.7156e+13 -7.83224e+13  1.40219e+13  1.41809e+14  1.04526e+14  -5.4511e+13    8.415e+13   7.6124e+13  1.33579e+13  9.58328e+13 -4.01379e+13  2.07331e+13  2.11441e+13  4.86678e+13  1.81469e+13  2.40193e+13 -7.26671e+13 -1.78572e+13 -4.80338e+13 -5.64702e+12  -8.8135e+13  3.62086e+13  7.03715e+13  1.11746e+14 -3.89293e+13 -6.92033e+13  4.31449e+13  6.07365e+13  6.22557e+13 -1.29852e+13  1.34585e+14 -2.86207e+13 -3.66813e+13  5.95431e+13  6.45379e+12  4.58923e+13  8.01547e+12  2.74151e+13    4.959e+13 -2.13597e+13  7.46671e+12 -4.06949e+12 -4.67033e+13  6.73791e+13 -6.24576e+13 -1.56724e+14  1.03037e+14   2.4105e+13  4.14175e+13 -5.31014e+11 -1.29533e+13   -1.133e+14  -4.9535e+13  1.01144e+14 -5.17759e+13  5.18599e+13  1.34335e+14   5.6765e+13    1.561e+13 -6.04121e+13   1.5507e+13 -1.74697e+14 -2.54914e+13 -5.88806e+12   -4.001e+13  -5.4624e+13  -4.3202e+13  1.08452e+14 -4.42603e+13  5.45565e+13  9.61233e+13  4.27132e+13 -9.58671e+13 -1.86041e+13 -1.42208e+13  7.29239e+13  1.07228e+14   9.5424e+13 -1.54793e+13  6.97927e+13 -1.10834e+14 -2.26296e+13  -8.2542e+13 -6.18228e+13 -1.66643e+13   7.6092e+13 -5.36611e+13  5.32608e+13 -5.09553e+13   3.0591e+13   3.5177e+13
 4.15582e+13 -1.40856e+14 -1.00723e+14  -5.3173e+12  6.49105e+13 -1.18334e+13 -1.63667e+14 -8.18235e+13  2.69262e+12  4.48589e+13 -1.93138e+14  3.04207e+12 -3.66105e+13  1.35883e+15  6.69302e+13 -6.35521e+13  2.84558e+12 -3.68092e+13 -3.85949e+13  1.34075e+14 -8.89057e+12 -1.85959e+13  1.39184e+13  3.28816e+13  6.48344e+13  3.24891e+13 -1.59712e+14  5.47189e+13  1.74728e+14   6.8231e+13 -9.94386e+13  4.41379e+13 -1.55263e+14 -4.34266e+13 -3.80879e+13  3.77384e+13 -1.26922e+12 -1.53395e+14 -1.05355e+13  1.13608e+14  1.43205e+14 -1.43782e+13  3.99544e+13 -1.00992e+14 -5.71795e+13  3.20939e+13 -1.17817e+14  5.83808e+13 -9.01248e+13  2.78265e+13 -5.18887e+13 -6.53474e+13  4.47086e+13  1.03763e+14 -8.04193e+12  1.56323e+14  -3.7921e+13  2.79603e+13  1.02378e+14 -1.29357e+13 -7.62172e+12  4.20734e+13  1.61267e+13 -8.86146e+13  3.76413e+13 -5.79038e+13  1.49081e+13  2.11617e+13 -1.08231e+14  2.63634e+13  -8.9469e+13  6.94305e+13  3.20975e+13 -4.87227e+13  9.79214e+12  1.72309e+13 -5.38103e+13  2.49345e+13  6.50147e+13 -5.00127e+12  4.83786e+13  7.78458e+12 -7.14455e+13  7.61965e+13  3.04492e+13 -4.42502e+13   1.1869e+14  3.75495e+13  -3.9321e+13   4.0846e+13 -5.91994e+13  1.16334e+14  6.63437e+13 -5.64649e+13  6.57846e+13  7.27771e+13  1.01325e+14 -5.73072e+13  6.21257e+13 -6.69931e+13  3.82357e+13 -1.98298e+13 -2.87569e+13  2.47648e+12  2.92575e+13  1.98576e+13  4.56722e+13 -4.24382e+12 -6.75391e+13 -2.56682e+13  8.10511e+13 -4.98017e+13 -1.03278e+13  1.08465e+14  -4.6768e+13 -2.30549e+13   8.9661e+13  4.31941e+13 -1.20951e+13 -1.07594e+14 -7.22882e+13 -2.01046e+12 -5.52507e+12  1.17143e+14  6.92544e+13 -9.71096e+13  -3.2315e+13  1.21003e+14   3.4605e+13 -4.02538e+13  1.11486e+14  1.30752e+12 -4.72826e+13 -2.40386e+13 -7.24893e+13 -1.02156e+14 -5.57365e+13  1.17978e+13  1.59072e+14 -9.76118e+13  6.81353e+13  5.33655e+13  1.14134e+13  5.92255e+13  4.80369e+13  1.66362e+13 -9.87757e+13 -8.53784e+13 -9.51794e+13  1.23993e+13 -4.81383e+13 -2.90061e+13 -5.85412e+13  -1.9253e+13  2.90429e+13 -4.48718e+12 -3.57253e+12  1.41399e+13  -7.8836e+13   1.5386e+13  6.40627e+13 -6.25994e+12 -5.22285e+13 -3.30024e+12
 1.42873e+14 -4.66112e+14  3.34705e+14   -3.488e+13 -1.97536e+13 -2.91732e+13 -3.32393e+14 -1.59721e+14  -9.8814e+13 -1.00683e+13  2.04099e+14 -2.74234e+13 -2.71025e+14  6.69302e+13   1.7207e+15 -8.39723e+13  6.91406e+13  2.28105e+12  6.61498e+12  1.47055e+14  8.88222e+12  2.06277e+13 -9.13627e+13   2.9457e+13 -3.09897e+12  6.96648e+13  2.27971e+13  4.76733e+13 -5.18037e+13   1.1563e+14 -9.68209e+13 -2.02934e+14 -6.54124e+13  1.40466e+14  2.11812e+13  1.38274e+14 -1.41285e+14  2.53199e+13 -9.02151e+13 -1.09855e+14 -9.13633e+13  8.68606e+13  4.14148e+13 -1.49155e+13  1.40482e+14 -1.37542e+14 -8.76241e+13  8.76335e+13 -1.40944e+13   5.3919e+13 -1.67185e+14 -5.74466e+13 -8.13802e+13 -1.34101e+14 -6.34812e+13  7.17918e+13  -3.2541e+13  -3.0829e+13 -1.17212e+14 -5.13331e+13 -8.29276e+13  5.42105e+13  3.16702e+12  -8.0888e+13  1.66881e+13  1.00306e+14 -6.51179e+13  1.17846e+14  2.27775e+13 -3.57018e+13 -2.94304e+12  2.52756e+13 -6.33036e+13 -8.48574e+13  2.31002e+13  2.54632e+13  -4.7893e+13  4.45935e+11 -4.51682e+13  1.48984e+14  6.38205e+12 -1.32713e+14 -4.78545e+13  2.08979e+14 -2.38136e+13  1.45647e+14 -2.14539e+13 -2.66177e+13 -1.89284e+14 -5.25534e+13  1.27536e+14 -3.20902e+12  -1.1027e+14  1.91873e+12  1.12361e+14  4.21413e+13  6.29017e+13  8.96778e+13  1.58533e+13  5.23875e+13  2.13561e+13 -5.05504e+13  6.51568e+13  1.49852e+14  2.85157e+13 -1.05916e+14  -1.5373e+13  6.61319e+13 -1.22784e+14 -8.51597e+13  2.37399e+13 -9.31427e+13  5.03034e+13  8.33503e+13  5.42874e+13 -2.95461e+13 -1.02226e+13 -1.25509e+13  3.56475e+13  7.30368e+12  3.43457e+13  3.75791e+13   -2.193e+12 -1.37155e+13  1.62714e+14 -3.94127e+13  8.73226e+13 -3.96056e+13  5.93187e+13  -2.0343e+13 -4.37391e+13 -3.39047e+13  5.80628e+13  1.15617e+14 -4.59484e+13  5.86966e+13  7.12266e+13 -9.59831e+12  1.35076e+13 -4.96705e+13 -3.32048e+13  1.03676e+14 -2.02694e+13  1.37709e+13  4.49458e+13  1.01393e+14  1.13046e+14    -6.65e+13  4.58594e+13 -6.21296e+12 -8.30981e+13 -5.52286e+13 -9.95989e+13  -6.6806e+13  6.59159e+13 -8.04753e+13  7.83441e+12 -6.39218e+13 -5.34596e+13  1.09921e+14  3.98618e+13  7.14233e+12  1.03393e+12 -8.86001e+13
-6.10063e+12  6.65459e+13 -5.61963e+13   1.7344e+14  1.24491e+14  2.53241e+12   5.0096e+13  5.10618e+13 -1.39287e+13 -7.23368e+13  9.89445e+13  5.34967e+12 -3.92603e+13 -6.35521e+13 -8.39723e+13  1.41563e+15  1.63248e+13 -2.14471e+13  -1.6414e+13  3.18346e+13  4.33072e+13  5.60455e+13  8.72966e+13 -5.32569e+13 -5.77792e+13  1.16793e+13 -6.25236e+13  -4.5806e+13 -1.20115e+13 -4.65588e+13  3.31103e+13 -2.84528e+13 -5.06007e+13 -3.75388e+13 -3.88626e+13 -9.95844e+13  8.08807e+13 -1.41961e+12 -9.17849e+13 -7.30466e+13  3.56451e+13  -1.0507e+14  1.38872e+14 -5.87508e+13  1.24322e+13 -6.77167e+13  1.81236e+14 -3.55707e+13 -7.20797e+12 -1.64211e+14 -9.19728e+12  1.09958e+13  2.26519e+13  3.00658e+13 -4.87453e+13 -2.28218e+13  2.61399e+13  3.51344e+13 -1.45088e+14 -6.07921e+12 -2.86846e+13  2.25825e+13  6.80574e+13  5.47642e+13  3.97133e+13  7.38156e+13  3.01839e+13  1.96516e+11  8.59071e+13  4.08551e+13  8.83981e+13 -1.14677e+14 -3.11034e+13  4.84801e+13 -5.14467e+13  1.91253e+13 -4.82607e+13 -8.68063e+13 -8.95193e+12 -1.27801e+13 -9.75815e+13 -4.76792e+13 -4.65915e+12  1.21828e+13 -1.05136e+14  1.23623e+14 -5.96599e+13 -5.83923e+13   3.5899e+13 -7.96127e+13  2.70894e+13  1.13008e+14 -4.10281e+13 -3.97602e+12  7.49557e+13  1.16522e+14 -5.36559e+13 -9.45481e+12 -8.71924e+13  8.37786e+13 -1.04981e+13 -1.95013e+13  4.93348e+13 -3.60252e+13 -5.02086e+13  7.87836e+13  7.91604e+13 -9.19517e+13 -7.17111e+13 -4.24319e+13  3.39373e+13  2.27885e+10  1.22765e+13 -9.30346e+13  2.85843e+13  1.13718e+14   3.8077e+12 -6.53525e+13  1.57625e+13  -5.3791e+12 -1.81906e+13 -4.42613e+13  3.95231e+13  -8.2305e+12  3.27351e+13  -4.3138e+13 -4.91296e+13  3.44423e+12   1.1484e+14  -2.7913e+13 -3.16585e+13 -1.51483e+13  5.68881e+11   2.6537e+13 -1.59394e+13  8.53711e+12  1.70504e+13  8.85498e+13 -1.12655e+13  3.52446e+13   1.0281e+13  -2.2564e+12  1.91512e+13  -4.2071e+13 -6.26116e+13 -4.17491e+12 -1.67314e+13  8.12651e+13 -5.81099e+13 -3.71094e+13 -1.47025e+14  8.08915e+13  6.04121e+13  1.88544e+13  2.53403e+13  3.39666e+13    8.359e+12  -4.6277e+13 -3.86013e+12  2.95093e+13  6.45954e+12 -2.68984e+12  5.37096e+13 -1.85375e+13
-5.30386e+13 -9.50463e+12  3.67593e+12  7.37533e+13  -3.2344e+13  -3.4106e+13  7.67194e+13  3.03467e+13  1.19595e+14 -1.17479e+14  8.04481e+13 -3.73676e+13  1.04499e+14  2.84558e+12  6.91406e+13  1.63248e+13  1.37933e+15 -1.30398e+14  1.16023e+14  1.27732e+14  1.24118e+14  2.38009e+13 -1.43798e+13   5.4374e+13  2.81253e+13  9.54554e+13  1.36067e+14  1.81881e+13   1.0115e+14  1.31316e+13  3.54854e+13  3.73665e+13  1.33782e+14 -4.21797e+13  1.26564e+13 -1.33555e+13 -1.79427e+12 -7.09614e+13 -1.41297e+14  8.83651e+13  8.26092e+12   9.4603e+11  4.19763e+13 -1.10554e+14  2.94102e+13  2.54263e+12  4.18144e+13  9.87284e+13 -2.23806e+13 -5.00644e+13  1.34018e+14 -5.31641e+13  2.38693e+13 -5.03135e+12 -1.08897e+14 -5.39188e+13 -1.64972e+14 -2.76373e+11  2.06879e+14    3.592e+13  -9.9267e+12  3.63124e+13  9.17523e+13  -1.2855e+13  1.98033e+13  2.34712e+13  7.82305e+13   3.3248e+13 -6.23188e+13 -9.65356e+12  1.36833e+13  9.64937e+13 -5.90248e+12  5.23347e+13 -7.98375e+12 -1.32503e+14 -1.37922e+14  6.57359e+13  7.66979e+13  -2.1067e+13  6.33715e+12 -6.79385e+13 -1.11271e+14  6.88288e+13 -7.18685e+12  9.11223e+13  1.42912e+13 -8.93473e+13 -6.14275e+13 -6.00909e+13 -1.34501e+13 -1.18766e+14  3.40033e+13  1.16232e+14  8.08104e+13 -1.41816e+13  6.91399e+13  1.03449e+14  1.46748e+13  4.73099e+13 -8.73351e+13   4.2014e+12  5.63914e+13  5.85456e+13 -7.55408e+13 -8.19303e+13  9.26872e+13 -3.60709e+13 -1.08945e+14  4.51529e+10  3.41758e+13 -1.03309e+14 -3.16835e+12 -1.76144e+13 -7.28443e+13  7.49861e+13  6.86811e+13 -5.66224e+13 -1.28624e+14  5.28104e+13  1.56804e+13 -1.98618e+13  2.15792e+13  3.20828e+13   7.2903e+13 -3.05114e+13  3.00187e+13  2.47461e+13  1.21174e+13   4.1432e+13 -4.30372e+13 -7.39086e+12     3.88e+13   2.6248e+13 -1.92681e+13 -2.39196e+13  5.86792e+13 -1.46953e+12 -6.66581e+13  2.87515e+13 -1.90943e+13  8.34976e+13 -3.75597e+13 -4.97537e+13  1.19692e+14 -6.38342e+13 -5.55883e+13  5.97829e+13   1.3041e+14  7.14051e+12 -8.89357e+12 -8.95001e+13 -1.29404e+13 -8.30094e+12 -2.32029e+13  7.60986e+13  7.55551e+13  8.47075e+13  9.70011e+12 -1.93011e+13  8.23692e+13 -1.40542e+13 -2.47205e+13  2.49234e+13
 4.64613e+12 -4.86804e+13  1.10109e+14 -4.25076e+13 -1.19163e+13 -8.61195e+13 -4.95015e+13  1.59505e+14 -1.18736e+14  2.43753e+14  1.57199e+14 -1.14804e+14 -4.48009e+13 -3.68092e+13  2.28105e+12 -2.14471e+13 -1.30398e+14  1.40492e+15  7.89968e+13  2.56412e+13 -7.55171e+12 -1.23402e+12  8.80082e+12  1.02408e+14  7.97424e+13  -8.3432e+13  3.68777e+13 -8.93313e+12  2.06861e+13 -1.41113e+13  4.71113e+13 -8.57977e+13 -2.22026e+12   2.3853e+13  1.23788e+14 -5.85001e+13  3.01534e+13  1.16873e+14 -1.38915e+14 -1.23329e+13 -1.00665e+13 -2.13208e+13  3.27756e+13  2.82635e+13  3.24532e+13  1.52183e+14  3.71023e+13 -1.23601e+14  2.12173e+13 -4.83229e+13 -1.19886e+14 -7.60201e+13 -1.24271e+14  1.16041e+14  3.28186e+13  5.65692e+13  9.73048e+13  6.43927e+13 -2.86387e+13 -3.43496e+12 -4.06038e+13   -1.495e+13   2.5197e+13 -1.03352e+14 -1.09617e+14 -3.12072e+13 -1.25294e+14 -1.13188e+14 -3.21018e+13  2.62299e+13  8.64544e+13  4.28822e+12 -2.12802e+13  5.29967e+13   4.4529e+13 -1.05365e+14 -6.30564e+13  -1.0723e+14 -3.25992e+12  1.61408e+14 -1.33195e+13  5.21518e+13  3.62045e+13  6.32485e+13  3.78454e+12   1.8937e+13 -2.25094e+13  2.40398e+13 -6.40548e+13  4.12982e+13 -1.48589e+13  8.29038e+13  1.13544e+14  6.68846e+12 -8.94313e+13 -7.40855e+13  -1.3209e+13  -2.7194e+13  2.11625e+13 -7.92963e+13  2.34784e+13 -5.15648e+13 -9.49636e+12  7.09786e+13  7.96773e+13  1.85559e+13  4.00605e+13 -6.10226e+13  1.35939e+14 -3.98982e+13 -2.70413e+13 -1.48846e+13  3.59664e+13 -5.55624e+12  6.59061e+13  -3.9558e+13   4.4854e+13 -3.16121e+13 -3.92315e+13 -1.44765e+14  5.61546e+13  8.75094e+13  1.69826e+13  3.55304e+13 -5.47121e+12 -4.42713e+13  6.91811e+12  5.50249e+13  5.79358e+13    9.577e+13 -1.10065e+13 -3.11251e+13  8.45381e+13  5.36185e+13  1.45991e+13  3.76822e+13 -1.09227e+14 -8.43038e+13 -6.12591e+13  3.88518e+13 -8.99802e+13  -6.7096e+13 -1.43939e+13  1.21981e+14  -1.5531e+14 -1.03371e+14  4.05012e+13  1.04582e+14  6.41618e+13  2.54628e+13 -1.28309e+14 -3.17461e+12  7.79441e+13  4.51137e+13  8.24638e+12  3.44165e+13  2.36288e+13  2.24415e+13 -1.78218e+13  1.54193e+14 -1.03147e+14 -3.28996e+13  9.27994e+13 -6.18156e+13
