 6.13253e+14 -8.23918e+14  2.72805e+14 -1.50514e+14  1.13229e+14  -1.5687e+14 -7.23705e+14 -4.28981e+14  1.03785e+14 -8.14787e+13 -1.17147e+14 -1.68475e+14 -5.06958e+14  1.66233e+14  5.71491e+14 -2.44025e+13 -2.12155e+14  1.85845e+13 -1.39289e+13 -3.06585e+13 -1.48271e+13 -5.12613e+13 -9.28579e+13 -5.23848e+13  5.52552e+11 -2.57407e+13 -2.68418e+13 -1.88318e+11  1.64202e+12  1.94914e+14 -1.46277e+14 -1.12994e+14  -1.2945e+14  9.20771e+13  7.66333e+12  7.16257e+13  7.71993e+13 -7.63713e+13 -4.00194e+10 -7.38821e+13  2.38321e+14  2.35543e+13  2.10013e+14  2.64295e+13  2.20034e+14 -1.40028e+14  3.14259e+13  4.55605e+13  1.94224e+14 -1.55789e+13 -2.28915e+14  3.58196e+13 -1.39358e+14 -1.85074e+14 -2.33451e+14 -5.85223e+12  2.03913e+14 -1.45746e+12 -2.74123e+13   1.1099e+14 -1.54024e+13  9.40348e+13  -9.8162e+13 -5.54071e+13  6.81392e+13 -1.20865e+14  -9.8735e+13  3.64587e+13  4.92987e+13 -3.10103e+13  1.44472e+14 -1.74995e+14  5.52468e+12 -3.49136e+13  8.30545e+13  1.59747e+14 -1.61494e+14 -3.11562e+14 -7.22241e+13  2.94109e+13 -3.01398e+12   7.0322e+13 -1.30271e+14  1.09097e+14 -2.28448e+13  9.43901e+13  6.42767e+13  7.78583e+13 -7.90929e+13   1.0731e+14  7.94837e+12  3.01733e+13 -6.05905e+13 -3.16951e+13  2.49815e+13  1.03195e+14  1.65539e+14 -1.46207e+13  -1.9236e+13  9.31312e+13  6.19874e+12  3.05197e+13 -1.49863e+13  7.09538e+13 -5.12376e+13  1.22469e+14  4.80986e+13 -6.53283e+13 -2.19038e+14  8.24086e+13  5.89227e+13  4.04467e+13  1.28811e+14  1.98381e+14  1.29388e+14 -7.77975e+12 -2.49153e+12  1.48198e+14  7.72421e+13 -5.89466e+13  1.36018e+14 -2.92026e+13 -1.80015e+14   1.3387e+14  6.05971e+13 -4.75218e+13 -4.44906e+13  9.29236e+13 -2.12026e+14 -4.75485e+13  2.02799e+13 -4.92193e+13 -1.11683e+14  1.57772e+14   7.5848e+13  6.72452e+13 -2.21267e+13  6.41605e+13  1.07627e+14 -7.74953e+13  1.42669e+14  2.39811e+13 -8.15732e+13  3.99684e+13 -2.79063e+13 -3.27421e+13  1.44358e+14 -1.03511e+14  4.76917e+13 -2.23952e+13 -1.21468e+13 -1.55398e+14 -2.51624e+13  -6.0329e+13  1.31587e+14 -9.37702e+13 -1.11616e+14 -6.88618e+13 -8.77496e+13  5.05255e+13  9.31866e+13  3.90805e+13 -3.27008e+13 -3.47729e+12
-8.23918e+14   5.7856e+15 -1.02083e+15  1.09511e+15  7.29603e+14  5.54044e+14   2.1289e+15  9.57663e+14  2.04499e+14  2.37791e+14 -1.02646e+15  5.92752e+14  8.51362e+14 -5.63424e+14 -1.86445e+15  2.66183e+14 -3.80185e+13 -1.94721e+14 -1.31707e+14 -4.31314e+14  2.05131e+14 -8.47206e+14  2.46692e+14 -5.31017e+14  7.23972e+13  5.69285e+13  9.50887e+12  2.05628e+13  -3.7844e+14 -1.15327e+14  1.08434e+14  1.96107e+14  1.10062e+14 -4.07345e+14 -5.88697e+14  1.02295e+13  2.48196e+13  2.12231e+14 -2.37094e+12  2.41649e+14 -3.78251e+14 -1.23278e+13 -5.65951e+14  6.30485e+14  -3.8471e+14  -1.2834e+14  2.51031e+14  7.04955e+13  8.70254e+12 -4.06635e+13  6.07734e+14  5.94017e+14  1.85952e+14  3.65485e+14  3.22906e+14 -3.98345e+14 -1.08017e+14 -6.16309e+14 -1.09968e+14 -1.78687e+14  3.48012e+14 -5.30394e+14  7.50901e+13  3.21383e+14 -2.00375e+14 -4.58177e+14 -3.68221e+13 -6.42152e+14  5.09935e+13 -5.84882e+14 -2.24563e+14  1.56156e+13 -3.51241e+14   1.0023e+14 -2.90924e+14 -7.03443e+13  1.90286e+14  1.48193e+14  1.81885e+14 -2.39166e+14  2.31733e+14 -3.32826e+14 -3.07681e+13  -4.7539e+14  3.23179e+14 -1.74605e+14  7.67573e+13  2.50859e+14 -3.21533e+13 -4.84936e+14 -1.13172e+13 -1.60646e+14  3.26218e+14  -6.4211e+14 -8.36198e+13  1.32246e+14 -4.97441e+14 -3.71201e+14  3.49177e+14 -1.46697e+14  2.38696e+13  1.15213e+14 -1.26434e+14  -3.3891e+14  1.76724e+14  1.43575e+14  1.81103e+14  -3.0055e+13  6.07326e+14 -4.04109e+14  2.02464e+14  1.52915e+14 -1.88294e+14 -2.18841e+14 -3.63742e+14 -2.82392e+14  1.84179e+14 -2.95854e+14 -3.77659e+13 -9.88109e+13 -2.42144e+14  4.46278e+14 -3.64695e+13 -2.22619e+14  7.83285e+13  9.70159e+13 -8.61876e+12 -1.85071e+14  3.75349e+13  4.35264e+13  2.31319e+14  4.42756e+13 -2.75725e+14 -2.13967e+14 -1.62172e+14 -5.01613e+14 -2.49817e+14  1.35438e+14  3.30744e+14  3.53854e+14  5.33078e+13  6.16757e+14 -4.38446e+13 -5.06457e+12  2.70112e+14  1.73266e+13 -4.98567e+13 -6.55001e+12 -4.22285e+14 -3.27786e+13  1.43519e+14  3.39582e+14  2.18816e+14 -5.22434e+13 -2.28761e+14  1.18833e+14 -1.95676e+14 -2.45486e+14  1.96067e+14  -3.0605e+14  4.03214e+13 -1.64588e+13  7.21883e+13  1.93429e+14
 2.72805e+14 -1.02083e+15  4.36769e+15  -5.8967e+13  2.14627e+14 -4.79889e+14 -7.44435e+14 -3.63108e+14  4.61307e+14  3.21057e+14  5.86746e+14 -2.98239e+14 -8.90947e+14 -4.02891e+14  1.33882e+15 -2.24785e+14  1.47037e+13  4.40437e+14 -1.92471e+14 -1.48123e+14   2.4373e+14 -6.86913e+13  -2.8465e+13 -6.72717e+13  1.78824e+14  2.11352e+14  6.71258e+13 -1.18154e+14 -1.00785e+14  5.28624e+14  5.03103e+13  9.24145e+13 -1.54459e+14  3.88417e+14 -1.23894e+14 -1.19858e+14  1.56175e+14  2.39794e+14 -3.80026e+14  1.52237e+14  -9.4687e+13  2.06105e+14  7.72221e+13 -1.01013e+14  4.08717e+14  2.90075e+14 -1.62188e+14 -6.81467e+13 -9.31956e+13 -1.21172e+14 -1.94403e+14 -1.67939e+14 -1.70181e+14 -1.76591e+14 -6.03846e+14  2.41204e+14 -7.75977e+13 -1.85811e+14  2.13902e+14 -2.42953e+14  -1.3122e+14 -1.49638e+14  8.89398e+13  -5.3531e+14  1.05246e+14 -7.67873e+13  5.48949e+12 -1.16256e+14  3.01056e+14 -2.21146e+14   3.5487e+14 -1.25035e+14  2.02905e+14   -3.685e+14 -2.28947e+13 -1.32702e+14 -6.13971e+14 -7.78864e+13 -1.56112e+14  1.40915e+13 -3.21136e+13  3.57151e+13   3.3689e+12 -4.75531e+13  1.43078e+14  1.99188e+14 -2.57837e+13  2.46358e+14 -7.59533e+14  1.20449e+14  2.46663e+14 -4.32413e+13 -6.29627e+13  3.13971e+14   1.8617e+14 -1.55371e+14 -1.26975e+13  3.98872e+14  3.22168e+14 -1.40106e+14 -3.74175e+14 -8.82254e+13  9.08031e+13  2.64017e+14  1.47017e+14  3.08957e+14 -1.15412e+14 -2.50216e+14 -1.39899e+13 -1.60589e+14 -1.69777e+14 -1.05242e+14  4.00322e+14 -1.82001e+14  -9.8977e+11 -3.39084e+13  2.55293e+14 -1.16353e+14 -2.54097e+13 -3.59082e+14  3.41574e+13 -7.19577e+13  2.34211e+14  3.08475e+14 -3.85419e+12  4.18351e+14 -3.86983e+14  1.80633e+14 -2.07094e+14  3.70747e+13 -4.88741e+14 -2.64398e+14  2.69564e+13  1.99742e+12  3.06823e+14   4.2342e+13  1.39171e+14  3.53918e+14 -1.88467e+14 -2.96512e+14 -3.44921e+14  3.46915e+13  2.41129e+14 -2.48249e+14  1.70545e+13 -2.24897e+14  1.72065e+14  4.90994e+13  4.18594e+14  1.99595e+13 -4.07421e+13 -1.07322e+13 -2.64935e+14  1.34358e+14  3.33439e+14 -4.47496e+14  4.46345e+13 -1.05028e+14 -1.36391e+14  1.13718e+14  1.74236e+14 -2.56179e+13  9.78604e+13 -2.06948e+14
-1.50514e+14  1.09511e+15  -5.8967e+13  5.55758e+15  7.99755e+14  4.43133e+14  4.39878e+13 -3.62702e+14 -6.90504e+14  6.68112e+14 -8.93779e+12 -1.90645e+13  5.69829e+12 -2.12692e+13  -1.3952e+14   6.9376e+14  2.95013e+14  -1.7003e+14  2.24734e+14 -2.41787e+13 -2.31672e+14 -9.80275e+13  1.50226e+14  1.22562e+14 -3.06837e+14  1.87685e+14 -2.83169e+14 -6.41332e+14  -8.9266e+13 -3.69342e+14  1.34171e+12 -2.16275e+14 -5.55238e+14  3.95705e+13 -1.22092e+14 -3.61749e+14 -4.64452e+13   4.0342e+14 -3.58634e+14  3.96966e+14  -2.1162e+14  2.64033e+14  1.00664e+14 -2.54792e+14 -1.31745e+14  -3.6279e+14  1.28373e+14  8.78591e+13  1.06922e+14 -1.51784e+14  1.12998e+14  4.92788e+14 -1.75824e+14 -9.01826e+13 -1.43412e+14  2.80706e+14  3.82035e+13 -2.07443e+14 -2.98309e+14 -2.58611e+14  3.48977e+13 -8.60961e+13 -1.73455e+13 -9.76508e+13 -5.38436e+14 -5.62971e+13  7.38272e+14 -5.17365e+14  -1.2904e+14 -1.78577e+14 -7.65807e+13  2.45651e+14 -3.14518e+14  1.73708e+14 -3.31517e+14 -5.07161e+14  -8.1916e+13  3.94743e+14 -3.86082e+14 -6.67352e+13 -2.95678e+13 -2.21155e+14  4.18904e+13   1.2087e+14  3.90886e+13  2.15945e+14  2.98133e+14 -3.60671e+14  2.09388e+13 -6.76359e+14   2.2408e+14  1.47944e+14   1.9531e+14 -3.13202e+13  5.04336e+14  3.15314e+14  7.50281e+12  3.88059e+14  1.04725e+14 -1.80537e+14  3.42062e+14  4.51089e+14   1.4056e+14 -9.42403e+13 -2.15985e+14  6.46953e+14  2.89283e+14 -3.63843e+14    6.079e+14 -3.90941e+14  1.64554e+14 -8.15968e+13 -2.74603e+14  8.14095e+12 -9.41307e+13  5.86022e+14  3.65784e+14 -1.79797e+14  1.07874e+14 -8.94997e+13 -7.82042e+13   1.5317e+14  5.34643e+14 -1.06759e+14  1.71945e+14 -6.40715e+14  6.97378e+13 -2.46725e+14  1.22467e+14 -3.38967e+14  2.32297e+14 -1.40443e+14 -3.24941e+14 -1.78752e+14 -1.00175e+14 -3.45564e+14 -6.44892e+12 -1.39808e+14  2.16882e+14  7.87627e+13 -1.45115e+14  1.56415e+14  1.28262e+13  8.36024e+11  2.10917e+14 -4.33307e+14 -3.38128e+14 -8.74843e+12 -2.49679e+14 -6.31913e+13 -1.54249e+14  1.54226e+14 -4.14141e+13  4.37703e+13  1.27668e+14 -6.84678e+13  5.57897e+12 -7.48585e+13   1.6299e+14 -2.02744e+14 -1.52561e+14 -4.45267e+14  6.86273e+13 -2.94545e+14
 1.13229e+14  7.29603e+14  2.14627e+14  7.99755e+14  4.28035e+15  -6.6063e+14 -2.42324e+14 -2.62248e+14  4.49502e+14   3.6702e+14  -4.5921e+14 -3.34274e+13    5.046e+13  2.59642e+14 -7.90142e+13  4.97963e+14 -1.29376e+14 -4.76651e+13 -6.59943e+13  2.12465e+14 -1.76381e+14 -2.76188e+14  2.69477e+14 -5.44225e+14  1.51866e+13  4.03372e+13 -5.81028e+14 -2.30865e+14 -2.63498e+14 -1.04032e+14 -2.70319e+14  -5.8431e+13 -2.16683e+14 -1.12951e+14 -3.79067e+14  1.86667e+14   8.8284e+13  1.84383e+14 -6.05964e+13   2.6358e+14 -1.25311e+14   3.8941e+14  1.43332e+14  1.14597e+14 -1.84337e+14 -5.48186e+14  3.19685e+14  -2.0298e+14   2.9046e+14   9.2828e+13   1.6448e+14  4.37437e+14  1.15212e+14  -7.3805e+13 -2.98234e+14 -7.32155e+13  1.45308e+14 -2.59134e+14 -3.87661e+14 -2.03674e+14 -6.36958e+13 -5.41996e+14 -3.39143e+14  1.22853e+14 -2.38783e+14 -1.62164e+14 -1.51787e+14 -4.85935e+14  2.99431e+14 -3.50957e+14  1.03884e+14   2.5524e+14  2.20812e+13  9.35679e+13 -3.22236e+14  1.20992e+14 -2.00895e+14  -2.0562e+13 -3.57141e+14 -1.04418e+14   3.1317e+14   1.0633e+14  6.37747e+13 -3.83831e+14  5.10448e+14  -7.9227e+13  2.19336e+14  2.51965e+14 -2.75279e+14 -8.63615e+13  2.59155e+13   1.1648e+14  2.66292e+14 -2.06177e+14  2.09474e+14 -9.94088e+13 -9.42398e+13 -8.11997e+13 -6.17254e+13  3.07962e+13  1.76113e+14  3.25703e+14 -3.52221e+14 -1.06158e+14 -1.04071e+14  3.11536e+14  3.12895e+14 -2.21418e+14  1.73303e+14  1.56457e+14  2.92384e+14  1.19617e+14 -3.22375e+14  2.35322e+14  1.14226e+14 -5.00318e+13  4.16541e+14 -1.31128e+14 -1.41387e+14 -2.14116e+14 -1.94412e+14  3.73802e+14  1.13726e+14  1.18624e+13  9.15433e+13 -2.09007e+14  1.42111e+14  1.24483e+14  -1.1685e+14 -2.15766e+13  4.54711e+14  -1.6642e+14 -2.43146e+14 -2.71847e+14   2.2159e+14 -3.28235e+14  1.41525e+14 -9.72544e+13   2.8329e+14  9.76003e+13  1.16083e+14  1.40827e+14 -4.38979e+14  2.98078e+14 -4.17265e+13 -2.15934e+14  7.94264e+13 -3.57788e+14 -3.04262e+13 -1.32533e+14 -2.08939e+14  2.84552e+13  2.64087e+14  1.01201e+14  2.70836e+14 -8.13185e+13  9.16717e+12 -2.50555e+14 -1.34734e+14 -2.32402e+14  1.30509e+14  1.12851e+14  2.64831e+14 -1.06729e+14
 -1.5687e+14  5.54044e+14 -4.79889e+14  4.43133e+14  -6.6063e+14  4.81447e+15 -4.34956e+14   5.4275e+14  -6.8232e+13 -4.24449e+14 -6.50121e+14  1.51493e+14  1.32771e+14 -4.73336e+13 -1.16693e+14  1.01296e+13 -1.36424e+14 -3.44478e+14 -1.02275e+14  6.45226e+14 -5.24914e+13 -6.16475e+14  -4.7716e+14  2.48499e+14  7.26805e+13   4.3004e+14 -2.11326e+13  1.59079e+14  2.41545e+14 -2.83517e+14  1.66665e+14 -1.61043e+13  1.07122e+14  1.24472e+13 -5.46573e+14 -8.62931e+12 -2.06456e+14  1.88663e+14 -3.63384e+14 -8.38476e+13  3.32722e+14  3.71199e+14  5.01241e+13  1.28017e+14  3.08465e+14  2.90893e+14  2.52741e+13   2.8476e+13  1.15809e+14 -2.00537e+14   1.7379e+14  4.22989e+13  3.56836e+13 -3.31986e+14 -3.16648e+14 -2.26951e+14  3.40228e+14  3.81284e+14  3.80488e+13  4.38778e+14  2.00034e+14 -1.62753e+14  1.68695e+14  7.18314e+13  2.47393e+13 -8.83604e+13 -6.50216e+13 -3.21123e+14  1.89198e+14 -9.76297e+13  1.54363e+14  2.57896e+14  3.06028e+14 -1.59386e+14 -3.05285e+14 -8.67023e+10  2.63867e+14 -8.00955e+13 -8.59641e+13  2.04942e+14  3.13248e+13 -3.68378e+14  1.90825e+14  4.53811e+12 -5.39531e+13  1.35658e+14  1.06512e+13  -4.5188e+13 -2.44613e+14  -2.8376e+14  1.31617e+14 -1.86534e+14 -3.21269e+13 -3.14215e+14 -1.82039e+14  5.51429e+13  1.79503e+14  2.03584e+14 -3.88936e+14 -1.37524e+14  4.10808e+14  1.13561e+13  4.77013e+13 -3.63712e+14 -2.40347e+14  7.49042e+13  -3.1218e+14   2.8937e+14   7.7801e+13  1.22225e+14 -2.70078e+14   1.5081e+14 -2.13588e+14  4.11064e+13 -1.26948e+14 -3.84335e+13 -2.15231e+14 -6.03305e+13  1.96887e+14  1.21467e+13  6.52971e+13 -2.10676e+14 -1.84418e+14 -4.24701e+14 -9.56207e+13 -5.57543e+14  2.35438e+14  -4.0891e+14   7.3385e+13 -5.78471e+13  1.88131e+14  2.49473e+14  1.13603e+14 -1.41186e+14  2.23655e+14  2.10744e+14  2.36176e+14  9.37197e+13 -1.51766e+14  1.41367e+14  3.54111e+14  2.35007e+14 -2.73384e+14 -1.99043e+14 -1.31534e+14  9.90664e+13  2.40249e+14  6.35724e+13 -1.73631e+14 -3.60136e+13 -4.95345e+13  2.86588e+14 -3.18067e+14  7.47021e+13 -3.21813e+14 -2.68792e+14 -4.37411e+14 -6.97101e+13 -1.52137e+13 -9.20713e+13 -1.22353e+14 -3.78858e+13 -1.93254e+13 -2.08071e+14
-7.23705e+14   2.1289e+15 -7.44435e+14  4.39878e+13 -2.42324e+14 -4.34956e+14  6.24308e+15  8.88635e+14  3.92196e+12 -1.28797e+14   3.1898e+14 -2.84078e+14  1.38624e+15 -6.54667e+14 -1.32957e+15  2.00384e+14  3.06878e+14 -1.98006e+14  1.11705e+14  -3.8897e+14 -2.57065e+14  3.10866e+14 -4.50195e+14 -6.45703e+14  3.12733e+14 -2.65795e+14  3.34711e+14  8.23702e+14 -1.80683e+12 -4.46956e+13 -2.00314e+14 -1.55778e+13  4.01086e+14  2.99387e+13 -5.82599e+14 -4.00004e+14  2.16367e+14  6.59875e+14  3.98742e+13 -2.21301e+14  1.13331e+14 -8.20259e+13 -7.24367e+13  1.10125e+14 -2.42691e+14 -3.95121e+14 -2.33442e+13 -1.98713e+14  3.66199e+14 -2.56335e+14  4.45281e+14 -2.74703e+14 -1.55026e+13  3.57879e+14  4.25251e+14  -7.8421e+13 -6.79535e+14 -2.32408e+14  -1.9307e+14 -2.98694e+14  2.42729e+11 -1.90762e+14  2.18294e+13  1.15935e+13  1.07008e+14 -2.83715e+14  2.17322e+14 -1.01308e+14 -8.63393e+13 -7.09629e+13 -1.14115e+14 -4.94638e+14  2.94029e+14  3.66614e+14 -1.96673e+14 -2.51601e+14  5.01047e+13  3.59016e+14  7.57639e+12 -3.30348e+14  1.19516e+14  4.06363e+14   4.8524e+14 -5.40276e+14  1.78996e+14  1.40718e+14 -3.82943e+13  3.00201e+14 -2.41875e+14 -1.51916e+14  -4.3851e+14 -4.54183e+13  1.28949e+14 -1.35265e+14 -8.57076e+13   8.7047e+13 -4.44713e+14 -2.08644e+14  4.66314e+14  4.35678e+14 -1.85826e+14  4.51737e+14  2.11411e+14 -2.76137e+14   2.1797e+10 -5.33677e+14  8.17287e+11  2.38592e+14  4.75274e+14 -6.07956e+13  4.53761e+14 -2.31073e+14 -1.67641e+14 -2.43825e+14 -9.83098e+13 -9.44181e+13 -6.09328e+13 -1.37124e+14 -6.73707e+13  8.90502e+13  -1.1401e+14  4.08071e+13  9.24664e+13  9.25666e+13 -1.74635e+14  3.84306e+14 -4.56016e+14  1.80853e+13 -1.76667e+14  7.42191e+13  4.22001e+14  9.87073e+13 -3.63851e+14 -2.80621e+14 -5.02386e+14 -2.05645e+14 -6.00469e+14 -4.20733e+13  1.22336e+14 -7.52173e+13 -8.85592e+13  1.99741e+14  3.73861e+14  1.70535e+14  4.34447e+14  1.33412e+14  4.22336e+13  1.60525e+13 -3.94143e+14  4.90283e+14  3.10603e+14 -1.08309e+14   1.1319e+14  5.94283e+13 -9.22099e+13  2.71101e+13 -2.98641e+12  3.79685e+14  2.13923e+13  5.41733e+13 -6.52033e+13  5.88817e+13  1.46572e+14 -1.37819e+13
-4.28981e+14  9.57663e+14 -3.63108e+14 -3.62702e+14 -2.62248e+14   5.4275e+14  8.88635e+14  6.06523e+15 -8.68179e+14  1.06951e+14  3.23193e+14 -5.10352e+14  6.58065e+14 -3.27294e+14 -6.38885e+14  2.04247e+14  1.21387e+14  6.38021e+14  1.79345e+13  4.11564e+14  7.29672e+13  6.31242e+14 -9.68303e+14  3.69097e+14  1.59909e+14  1.74884e+13  2.15723e+14  4.85291e+14   3.1284e+14 -8.08892e+14  3.70514e+14  6.11705e+14  3.94509e+14  -3.3113e+14  5.88356e+13 -3.60505e+14 -5.30322e+14  5.14353e+14 -1.94455e+14 -1.51294e+13 -2.81289e+14  5.28837e+12  9.65812e+13  1.08848e+14  4.79971e+14  4.31762e+14 -2.32586e+13  2.22506e+14 -2.00929e+14  1.38822e+14  2.29249e+14 -1.95882e+14 -1.44999e+14  5.38585e+11  3.57876e+14  1.09562e+13   1.3521e+14 -6.44274e+13  2.79217e+14  1.06506e+14 -1.25164e+14  3.59066e+14   1.4072e+14  6.19758e+13  -1.4006e+14  3.72832e+14  2.08795e+13 -1.51355e+14  3.69706e+14  4.03097e+14  1.68906e+14 -4.06256e+14 -2.24935e+14  1.97202e+14 -1.37145e+14 -4.37228e+14 -1.62938e+14  2.27691e+14 -2.76373e+14 -6.25793e+13 -1.46856e+14  3.09909e+14  3.49392e+14  1.38706e+14 -1.47348e+14  5.29732e+14  5.81048e+13  6.13032e+13 -1.47368e+14   4.2696e+13 -3.37014e+14 -1.77616e+14 -4.80712e+13  -8.1344e+13 -4.95193e+14 -4.15804e+14  7.54207e+13 -6.52466e+13 -4.30506e+13  1.33719e+14  1.68651e+14  4.55557e+14  4.48947e+14   4.0287e+13  4.56037e+14 -4.19584e+14 -4.48297e+14 -2.81357e+14   -5.733e+14 -1.21036e+14   1.3683e+13 -1.81545e+14  2.55082e+14 -3.86548e+14 -3.77478e+14 -9.48844e+13  3.98142e+14  7.78286e+13 -2.18418e+13  1.14867e+14  5.71745e+13  3.74459e+14 -3.95112e+14 -1.20607e+14 -2.66905e+14  1.08226e+14  4.69094e+14  2.58733e+14  2.20398e+14    4.233e+14 -3.39018e+14  1.24349e+14  4.70776e+14 -3.70032e+13  -2.1455e+14 -6.82865e+13  2.52555e+14 -1.64664e+14 -3.88893e+14  3.70316e+14 -6.64946e+14 -1.97135e+14 -1.27581e+13  1.92085e+13 -2.30836e+14 -5.01032e+13  4.43003e+13  3.01202e+14  1.14323e+14 -9.51826e+13 -1.38536e+14 -1.50821e+13 -7.22521e+13  -2.5335e+13 -1.16255e+14  2.85418e+14  4.70988e+14  4.71336e+14  2.80878e+14  8.70577e+13 -2.99757e+14  5.95836e+13  1.04295e+14 -1.18046e+14
 1.03785e+14  2.04499e+14  4.61307e+14 -6.90504e+14  4.49502e+14  -6.8232e+13  3.92196e+12 -8.68179e+14  5.17346e+15  1.64869e+14 -6.60965e+13 -5.40783e+14  2.35995e+14  1.07705e+13 -3.95256e+14 -5.57146e+13  4.78378e+14 -4.74943e+14 -8.43986e+13 -9.74349e+12  4.54214e+14 -5.23913e+14 -1.77565e+14 -3.22676e+14 -7.65032e+13 -7.85865e+13 -9.74835e+13 -1.35091e+13 -4.28163e+14  3.05719e+14 -1.18309e+14  1.56966e+14 -7.50893e+13 -3.61081e+14  5.62251e+12  4.53535e+14  1.46265e+14 -2.68853e+14 -1.05688e+14  -1.1636e+14  1.34464e+14 -2.09555e+14 -3.51036e+14  -1.0438e+14 -1.16712e+14 -5.85942e+14  3.51912e+14 -8.59814e+13  8.32441e+12  -4.2732e+12 -1.97159e+14  2.67516e+13 -3.55741e+14  7.71295e+13 -1.59071e+14 -5.65123e+14 -3.52861e+14 -8.26097e+13 -1.48847e+14  -8.3019e+11 -1.72248e+14 -2.14088e+14  2.54893e+14  1.22082e+14  2.02415e+14 -6.42363e+14  1.36521e+14  1.11442e+14   5.1473e+14 -8.30818e+13 -6.70178e+13 -3.42966e+14 -1.50729e+14  8.16915e+13  3.90085e+14  3.25596e+14 -4.82591e+13  1.89201e+13  5.54163e+13  1.30554e+14 -1.64911e+14  2.25533e+14 -4.27604e+14 -5.45848e+14 -1.70174e+14 -6.70226e+13  1.43964e+14 -1.15458e+14  3.21666e+14 -9.66898e+13  1.97953e+14 -6.36344e+13  3.92197e+14  4.07997e+13  1.23814e+14  6.04235e+13  -1.1556e+14  1.81713e+14 -6.14237e+14  2.50346e+14 -1.03452e+14 -1.54193e+14   -3.456e+14  1.83169e+14 -1.01255e+14 -1.29289e+14  1.57248e+14  3.22595e+14   -1.308e+13  1.15084e+13   3.0321e+14 -2.12843e+14  2.41494e+13  5.09454e+13  -1.8876e+14   -1.934e+14 -7.58837e+13 -1.81945e+14 -1.33503e+13 -3.62883e+14  3.16639e+13  2.44085e+14   3.7178e+14 -1.88674e+14  2.85123e+14  1.26634e+14   6.1963e+13   -3.439e+13  6.30763e+13 -1.72744e+14  -2.4542e+13 -4.80266e+14 -5.65328e+14  2.50703e+13 -1.29345e+14 -2.95333e+14 -4.65545e+12 -3.88271e+14    3.485e+14  1.33917e+14  3.52698e+14   2.0691e+14 -4.72718e+13 -1.73416e+14  -4.7847e+14  3.62522e+14 -1.99249e+14 -3.11677e+14  3.89026e+14  2.65887e+14  2.40221e+14  1.17481e+13  1.66013e+14  8.05652e+13  1.20825e+14 -2.05116e+14 -1.07103e+14  -2.4343e+14 -1.73331e+14 -2.76324e+14  2.60914e+14  1.91967e+14  3.77445e+14  5.61137e+14
-8.14787e+13  2.37791e+14  3.21057e+14  6.68112e+14   3.6702e+14 -4.24449e+14 -1.28797e+14  1.06951e+14  1.64869e+14  5.33903e+15  7.96119e+13 -3.54063e+14 -3.08731e+14  1.79436e+14 -4.02731e+13 -2.89347e+14 -4.69914e+14  9.75012e+14 -3.56201e+14 -8.21189e+13 -2.08316e+14  4.55782e+14   2.1818e+14 -6.48859e+12  2.60392e+14 -2.06205e+12 -3.31221e+14 -3.10308e+14 -8.54199e+14  -2.8879e+14  1.89254e+14 -1.17834e+14 -3.39321e+14 -1.13922e+14  2.13817e+14  4.95592e+14 -2.37155e+14   1.4745e+14 -3.95528e+14  2.92708e+12 -3.56573e+14  7.64172e+13  3.25258e+14 -3.82651e+14  1.04598e+14  3.00228e+14 -9.22909e+13  2.46382e+14 -2.39236e+14   5.0133e+14 -1.32001e+14 -7.81668e+13  4.28504e+13  4.47512e+14 -1.84445e+14  2.38848e+13  1.78486e+14 -3.96147e+14  1.38085e+13 -3.84285e+14 -1.20276e+14 -1.70806e+14  1.60311e+14 -3.72967e+14 -2.39515e+14  5.37944e+13  3.24671e+12 -4.46949e+13  4.39099e+14 -1.34989e+14  2.10658e+14 -1.77596e+14  2.11598e+14 -1.15783e+14  3.99216e+14 -9.61575e+13 -3.67415e+14 -1.10218e+14 -3.41306e+14   2.6477e+14 -1.11721e+14  2.06249e+14 -1.76168e+14  1.38556e+14  3.09123e+14  2.09202e+14 -8.03433e+13  2.07241e+14 -1.03414e+14 -1.66103e+13 -4.30745e+13  1.68515e+14 -1.29504e+14  8.41397e+14  1.00238e+14 -4.83218e+14 -2.04257e+14 -1.35141e+14  2.54587e+14 -4.48287e+14  3.36569e+13  1.45148e+14  6.72138e+13  3.74689e+14  1.67306e+14 -2.30599e+14  1.11668e+13 -1.48626e+14  2.98041e+13 -1.43573e+14  2.56479e+14  -2.1462e+14  2.61123e+14  6.87251e+13  2.40486e+14 -2.36291e+14  7.14482e+13  1.10697e+14  1.73142e+14 -2.25474e+14 -3.97985e+14  3.36058e+14  -2.1177e+14 -1.26668e+14  1.92754e+14  7.77287e+13 -2.11855e+14   1.2558e+14  1.91781e+14  -1.4649e+14  -3.1915e+14 -2.25995e+14 -1.50249e+14 -2.17684e+13 -2.72156e+14  2.14972e+14 -5.08967e+13  2.83359e+13  5.10091e+13  1.50803e+14 -4.64012e+14  3.44442e+14  -6.3002e+14  4.55152e+14 -5.55974e+14  1.16813e+14  2.16534e+14 -7.82586e+12 -2.06352e+14  1.39804e+14  4.13081e+14  3.30271e+14   7.5064e+14 -2.21486e+13  1.05635e+14  2.67392e+13 -1.10752e+13 -2.64981e+14 -1.95927e+14 -1.52105e+12 -3.18579e+14 -7.14584e+13  2.37841e+14  1.31025e+14
-1.17147e+14 -1.02646e+15  5.86746e+14 -8.93779e+12  -4.5921e+14 -6.50121e+14   3.1898e+14  3.23193e+14 -6.60965e+13  7.96119e+13   6.3727e+15 -2.84177e+14 -2.12839e+14 -7.72552e+14  8.16395e+14  3.95778e+14  3.21793e+14  6.28796e+14  4.45813e+14 -7.94396e+14 -3.18734e+14  5.46827e+14 -4.29641e+12 -7.23299e+13  4.16262e+14  1.27519e+14   6.0356e+14 -4.50794e+13  5.79521e+13 -1.30066e+14  5.55582e+14  1.09448e+14  7.46629e+13  6.00416e+13  3.13755e+14 -6.34913e+14 -7.31128e+14  7.76967e+14 -1.40626e+14 -2.38607e+14 -5.07267e+14  1.12267e+14 -1.30258e+14  -9.9043e+13  3.13016e+14 -2.36501e+13 -2.18137e+14  2.24983e+11 -5.51499e+14  4.77044e+13 -5.65233e+14 -3.61331e+14  8.23277e+13 -2.54551e+14  2.55383e+14  1.93047e+14 -1.12721e+14  1.63087e+14  -7.0256e+13  3.68665e+14 -2.63852e+14  3.65734e+13  3.65113e+14  5.06851e+14 -5.58654e+14  3.33698e+14  2.52909e+14  1.82482e+14   3.2837e+14 -2.29704e+14  4.32167e+14  2.18803e+14 -2.34144e+14 -1.18818e+14  7.38561e+13 -7.04915e+14 -1.96926e+14 -1.92043e+14  2.85155e+14  3.54328e+14 -1.01052e+14 -2.42267e+14  2.89348e+14  -4.9637e+13 -2.23624e+13  9.78044e+13  1.00884e+14 -4.38851e+14  -1.4518e+14  3.57483e+11 -3.36187e+14  6.82615e+13 -2.03347e+14  1.63842e+14  2.18695e+14 -2.66678e+14  1.07006e+13  5.89833e+14 -1.56338e+14  2.05441e+14   1.8043e+14 -2.84911e+14   2.2398e+14  3.76245e+14 -2.98933e+14 -2.15508e+14   3.9252e+13 -2.20701e+14  -1.5887e+14 -1.27594e+14  6.15333e+13 -2.47703e+14 -1.26317e+14 -2.88992e+14  5.08071e+13  2.32331e+14 -3.76629e+14 -2.75587e+14 -1.25585e+14 -1.07113e+14 -1.56563e+13 -2.37275e+13 -7.40617e+13 -3.85057e+14 -3.01073e+14  5.63117e+13  3.14585e+14 -2.17061e+14  9.06927e+12 -8.96772e+13 -7.64666e+13  1.31579e+14  9.65808e+13  4.39061e+14 -3.49116e+14  5.39635e+14 -5.75861e+13 -4.70976e+14 -7.23958e+14 -8.96105e+13 -5.10014e+14 -3.30553e+14  1.44828e+13  2.77484e+14 -1.74583e+14 -2.06183e+13  1.42772e+14  4.09051e+14  3.99847e+14 -1.16213e+14 -4.01264e+14  8.10689e+13 -3.12847e+14  3.68634e+14 -3.58752e+14  3.24421e+14  1.31265e+14   4.8208e+13 -2.74168e+14  2.37493e+14 -2.22392e+14 -2.16544e+14 -1.76183e+14 -5.28264e+14
-1.68475e+14  5.92752e+14 -2.98239e+14 -1.90645e+13 -3.34274e+13  1.51493e+14 -2.84078e+14 -5.10352e+14 -5.40783e+14 -3.54063e+14 -2.84177e+14   5.4626e+15 -5.65336e+14  1.21683e+13 -1.09693e+14  2.13987e+13 -1.49471e+14 -4.59216e+14 -2.06612e+14 -1.33013e+14 -9.48273e+13  1.73076e+14 -2.58809e+14 -1.46438e+14 -1.54697e+14  5.49594e+14  7.82317e+13 -4.22363e+14 -8.00608e+13 -2.19186e+14  1.34695e+14 -2.73654e+14  1.01203e+14 -3.15524e+14 -2.93341e+14  6.68966e+13  4.29663e+12 -1.87519e+13  4.98202e+14  -1.3705e+14  4.23859e+14 -5.30177e+14  4.09036e+14  1.73099e+14 -6.65275e+14  6.07461e+14  2.30294e+14 -1.87929e+14 -4.14824e+14  1.25454e+14  1.22208e+14   8.3866e+12  1.74074e+14   1.5214e+14 -4.84302e+13 -1.76635e+14  3.14273e+13  2.97854e+14 -3.70693e+14  9.33627e+13  5.24047e+14  2.05416e+14  2.35433e+14  2.61911e+14  1.25091e+14   3.4261e+14  2.04782e+13   3.8376e+14 -1.44721e+14 -1.70881e+14 -1.28027e+14   1.8018e+14 -3.62353e+14  1.83367e+14  4.83856e+14 -1.10798e+13    5.974e+14 -1.79789e+14  6.36319e+14  -3.5208e+13 -1.98384e+13  5.69623e+13 -2.94345e+13  1.48508e+14  -3.2595e+14 -7.39921e+13 -1.35929e+14 -1.45068e+14   5.5678e+14 -4.99481e+13  1.33365e+14   -1.676e+14 -2.04145e+14 -1.15028e+14  1.73311e+14 -8.62028e+13 -4.34228e+14 -2.09623e+14 -1.23093e+14 -2.14939e+14  4.12624e+14 -6.00045e+14 -7.95697e+14 -2.81964e+14  3.21745e+14  2.92171e+14  2.26037e+14 -1.13769e+14  2.21116e+14 -3.53362e+13 -1.03598e+14  7.37193e+13  1.76682e+14  1.05581e+14  1.21067e+14 -5.64439e+13  -2.1903e+14  4.41318e+14  2.14047e+14 -1.43658e+14  3.39015e+13 -3.51578e+14 -1.04909e+14 -1.68843e+14  5.39713e+13 -2.20754e+14  -7.1805e+13  2.30096e+14 -3.69227e+14 -4.59186e+14  2.12657e+14  3.47889e+14  3.18262e+14  2.03357e+14  2.50469e+14 -5.30675e+13 -2.38383e+14  2.29275e+14  3.53593e+14  6.89238e+14 -3.21809e+13  9.35398e+13 -1.03154e+14  8.75772e+13  2.05403e+14  6.80587e+14 -1.11218e+14 -1.18956e+14 -2.62214e+14 -3.88977e+14 -2.89589e+13  -4.0258e+13  2.37879e+14  -4.2666e+14  1.37635e+14  7.39974e+13  -1.0749e+14  4.70653e+13 -2.80687e+14 -6.64568e+13  7.46853e+13 -2.72837e+14 -4.01283e+14 -1.45929e+14
-5.06958e+14  8.51362e+14 -8.90947e+14  5.69829e+12    5.046e+13  1.32771e+14  1.38624e+15  6.58065e+14  2.35995e+14 -3.08731e+14 -2.12839e+14 -5.65336e+14   6.8148e+15 -1.46442e+14  -1.0841e+15 -1.57041e+14  4.17995e+14 -1.79203e+14  6.63867e+14  3.02756e+14 -5.45281e+13   1.2605e+14 -3.38388e+14  2.44095e+14 -1.33769e+14 -5.37479e+13  9.64751e+14 -2.59079e+14 -1.61227e+14  1.00316e+13  2.16633e+14  6.49472e+14   5.0902e+13 -3.90399e+14   2.0752e+14 -2.87106e+14  2.96835e+14 -3.86798e+14  3.06484e+14 -2.09885e+14 -4.76958e+14  3.82592e+14 -2.20032e+14  6.69331e+14 -3.56396e+14 -2.65009e+14  5.68828e+14 -1.70795e+14 -3.18836e+14 -2.94519e+12  1.61633e+14 -1.95667e+14  1.79733e+14 -1.19036e+14  2.76616e+14 -2.33333e+13 -6.71699e+14  -2.3207e+14  8.25277e+13 -6.42211e+13  -6.6936e+14 -3.94048e+14 -4.46195e+14 -3.27333e+14   3.0306e+13 -4.30392e+14  4.44213e+14 -1.02171e+14 -4.95986e+13  3.24055e+14 -9.21139e+13 -2.75464e+14  2.36394e+13  1.48624e+14  -3.1329e+14  5.60875e+13  5.67235e+14  4.18105e+14 -2.18044e+14    3.366e+14  3.04496e+14  5.34316e+13  3.83331e+14 -1.60552e+14  8.29325e+13  8.45765e+13  1.94671e+14  7.25876e+13  9.60774e+13 -2.90668e+14 -7.14288e+13 -1.92135e+14 -2.25881e+13  -3.5254e+14  1.44835e+14  2.81486e+14  4.46985e+14 -1.55717e+14 -2.76813e+14   1.7258e+14  2.42946e+14  2.49023e+14 -5.19408e+13   5.3834e+14 -1.14483e+14 -1.46725e+14  2.38173e+14  2.58152e+13  1.83569e+14  3.20619e+13   1.0966e+14   1.9836e+14 -8.54388e+13  2.98668e+13 -1.62779e+13 -1.86813e+14  2.69516e+14  -2.4983e+14 -6.26896e+14  4.12147e+14  9.64199e+13   1.6567e+14 -2.12406e+12 -5.18131e+13   -4.532e+14  -1.9814e+14  4.04575e+14 -2.07104e+14   2.0744e+14   5.3734e+14   2.2706e+14    6.244e+13 -2.41649e+14  6.20281e+13 -6.98787e+14 -1.01966e+14 -2.35522e+13  -1.6004e+14 -2.18496e+14 -1.72808e+14  4.33806e+14 -1.77041e+14  2.18226e+14  3.84493e+14  1.70853e+14 -3.83469e+14 -7.44162e+13  -5.6883e+13  2.91695e+14  4.28912e+14  3.81696e+14 -6.19172e+13  2.79171e+14 -4.43334e+14 -9.05185e+13 -3.30168e+14 -2.47291e+14 -6.66574e+13  3.04368e+14 -2.14645e+14  2.13043e+14 -2.03821e+14  1.22364e+14  1.40708e+14
 1.66233e+14 -5.63424e+14 -4.02891e+14 -2.12692e+13  2.59642e+14 -4.73336e+13 -6.54667e+14 -3.27294e+14  1.07705e+13  1.79436e+14 -7.72552e+14  1.21683e+13 -1.46442e+14  5.43533e+15  2.67721e+14 -2.54208e+14  1.13823e+13 -1.47237e+14  -1.5438e+14  5.36299e+14 -3.55623e+13 -7.43835e+13  5.56737e+13  1.31527e+14  2.59338e+14  1.29956e+14  -6.3885e+14  2.18876e+14   6.9891e+14  2.72924e+14 -3.97754e+14  1.76552e+14 -6.21054e+14 -1.73706e+14 -1.52351e+14  1.50954e+14 -5.07687e+12 -6.13579e+14  -4.2142e+13  4.54433e+14  5.72819e+14 -5.75127e+13  1.59817e+14 -4.03966e+14 -2.28718e+14  1.28375e+14 -4.71269e+14  2.33523e+14 -3.60499e+14  1.11306e+14 -2.07555e+14  -2.6139e+14  1.78834e+14  4.15052e+14 -3.21677e+13  6.25293e+14 -1.51684e+14  1.11841e+14  4.09511e+14 -5.17429e+13 -3.04869e+13  1.68294e+14  6.45068e+13 -3.54458e+14  1.50565e+14 -2.31615e+14  5.96324e+13  8.46468e+13 -4.32925e+14  1.05454e+14 -3.57876e+14  2.77722e+14   1.2839e+14 -1.94891e+14  3.91686e+13  6.89237e+13 -2.15241e+14  9.97379e+13  2.60059e+14 -2.00051e+13  1.93514e+14  3.11383e+13 -2.85782e+14  3.04786e+14  1.21797e+14 -1.77001e+14  4.74759e+14  1.50198e+14 -1.57284e+14  1.63384e+14 -2.36798e+14  4.65334e+14  2.65375e+14  -2.2586e+14  2.63138e+14  2.91109e+14  4.05299e+14 -2.29229e+14  2.48503e+14 -2.67972e+14  1.52943e+14 -7.93191e+13 -1.15027e+14  9.90592e+12   1.1703e+14  7.94305e+13  1.82689e+14 -1.69753e+13 -2.70156e+14 -1.02673e+14  3.24204e+14 -1.99207e+14 -4.13111e+13  4.33861e+14 -1.87072e+14 -9.22197e+13  3.58644e+14  1.72776e+14 -4.83803e+13 -4.30378e+14 -2.89153e+14 -8.04185e+12 -2.21003e+13   4.6857e+14  2.77018e+14 -3.88438e+14  -1.2926e+14  4.84012e+14   1.3842e+14 -1.61015e+14  4.45943e+14  5.23009e+12  -1.8913e+14 -9.61544e+13 -2.89957e+14 -4.08624e+14 -2.22946e+14  4.71912e+13  6.36288e+14 -3.90447e+14  2.72541e+14  2.13462e+14  4.56535e+13  2.36902e+14  1.92148e+14  6.65447e+13 -3.95103e+14 -3.41513e+14 -3.80718e+14  4.95973e+13 -1.92553e+14 -1.16025e+14 -2.34165e+14 -7.70119e+13  1.16171e+14 -1.79487e+13 -1.42901e+13  5.65596e+13 -3.15344e+14  6.15439e+13  2.56251e+14 -2.50398e+13 -2.08914e+14  -1.3201e+13
 5.71491e+14 -1.86445e+15  1.33882e+15  -1.3952e+14 -7.90142e+13 -1.16693e+14 -1.32957e+15 -6.38885e+14 -3.95256e+14 -4.02731e+13  8.16395e+14 -1.09693e+14  -1.0841e+15  2.67721e+14   6.8828e+15 -3.35889e+14  2.76563e+14   9.1242e+12  2.64599e+13  5.88219e+14  3.55289e+13   8.2511e+13 -3.65451e+14  1.17828e+14 -1.23959e+13  2.78659e+14  9.11885e+13  1.90693e+14 -2.07215e+14  4.62522e+14 -3.87284e+14 -8.11735e+14  -2.6165e+14  5.61865e+14  8.47247e+13  5.53095e+14 -5.65141e+14   1.0128e+14  -3.6086e+14 -4.39418e+14 -3.65453e+14  3.47443e+14  1.65659e+14 -5.96619e+13  5.61927e+14 -5.50167e+14 -3.50497e+14  3.50534e+14 -5.63774e+13  2.15676e+14 -6.68741e+14 -2.29786e+14 -3.25521e+14 -5.36404e+14 -2.53925e+14  2.87167e+14 -1.30164e+14 -1.23316e+14 -4.68848e+14 -2.05332e+14  -3.3171e+14  2.16842e+14  1.26681e+13 -3.23552e+14  6.67525e+13  4.01225e+14 -2.60472e+14  4.71382e+14  9.11101e+13 -1.42807e+14 -1.17722e+13  1.01102e+14 -2.53214e+14  -3.3943e+14   9.2401e+13  1.01853e+14 -1.91572e+14  1.78374e+12 -1.80673e+14  5.95934e+14  2.55282e+13 -5.30853e+14 -1.91418e+14  8.35915e+14 -9.52545e+13  5.82588e+14 -8.58156e+13 -1.06471e+14 -7.57135e+14 -2.10214e+14  5.10143e+14 -1.28361e+13 -4.41079e+14  7.67491e+12  4.49443e+14  1.68565e+14  2.51607e+14  3.58711e+14  6.34133e+13   2.0955e+14  8.54242e+13 -2.02202e+14  2.60627e+14  5.99408e+14  1.14063e+14 -4.23665e+14 -6.14921e+13  2.64527e+14 -4.91137e+14 -3.40639e+14  9.49595e+13 -3.72571e+14  2.01214e+14  3.33401e+14   2.1715e+14 -1.18184e+14 -4.08904e+13 -5.02037e+13   1.4259e+14  2.92147e+13  1.37383e+14  1.50317e+14 -8.77198e+12 -5.48618e+13  6.50854e+14 -1.57651e+14   3.4929e+14 -1.58423e+14  2.37275e+14  -8.1372e+13 -1.74956e+14 -1.35619e+14  2.32251e+14  4.62468e+14 -1.83794e+14  2.34786e+14  2.84907e+14 -3.83932e+13  5.40303e+13 -1.98682e+14 -1.32819e+14  4.14704e+14 -8.10777e+13  5.50835e+13  1.79783e+14  4.05573e+14  4.52183e+14    -2.66e+14  1.83438e+14 -2.48518e+13 -3.32392e+14 -2.20914e+14 -3.98396e+14 -2.67224e+14  2.63663e+14 -3.21901e+14  3.13377e+13 -2.55687e+14 -2.13838e+14  4.39683e+14  1.59447e+14  2.85693e+13  4.13572e+12   -3.544e+14
-2.44025e+13  2.66183e+14 -2.24785e+14   6.9376e+14  4.97963e+14  1.01296e+13  2.00384e+14  2.04247e+14 -5.57146e+13 -2.89347e+14  3.95778e+14  2.13987e+13 -1.57041e+14 -2.54208e+14 -3.35889e+14  5.66252e+15  6.52991e+13 -8.57886e+13  -6.5656e+13  1.27338e+14  1.73229e+14  2.24182e+14  3.49186e+14 -2.13028e+14 -2.31117e+14  4.67173e+13 -2.50094e+14 -1.83224e+14 -4.80458e+13 -1.86235e+14  1.32441e+14 -1.13811e+14 -2.02403e+14 -1.50155e+14 -1.55451e+14 -3.98337e+14  3.23523e+14 -5.67842e+12  -3.6714e+14 -2.92186e+14  1.42581e+14 -4.20278e+14  5.55487e+14 -2.35003e+14  4.97286e+13 -2.70867e+14  7.24944e+14 -1.42283e+14 -2.88319e+13 -6.56846e+14 -3.67891e+13  4.39834e+13  9.06077e+13  1.20263e+14 -1.94981e+14 -9.12873e+13   1.0456e+14  1.40537e+14 -5.80352e+14 -2.43168e+13 -1.14738e+14  9.03299e+13   2.7223e+14  2.19057e+14  1.58853e+14  2.95262e+14  1.20736e+14  7.86066e+11  3.43629e+14   1.6342e+14  3.53592e+14 -4.58706e+14 -1.24414e+14   1.9392e+14 -2.05787e+14  7.65011e+13 -1.93043e+14 -3.47225e+14 -3.58077e+13 -5.11204e+13 -3.90326e+14 -1.90717e+14 -1.86366e+13  4.87313e+13 -4.20545e+14  4.94493e+14  -2.3864e+14 -2.33569e+14  1.43596e+14 -3.18451e+14  1.08358e+14  4.52032e+14 -1.64112e+14 -1.59041e+13  2.99823e+14  4.66088e+14 -2.14624e+14 -3.78193e+13  -3.4877e+14  3.35114e+14 -4.19923e+13 -7.80052e+13  1.97339e+14 -1.44101e+14 -2.00834e+14  3.15134e+14  3.16642e+14 -3.67807e+14 -2.86844e+14 -1.69727e+14  1.35749e+14  9.11539e+10  4.91058e+13 -3.72139e+14  1.14337e+14  4.54874e+14  1.52308e+13  -2.6141e+14  6.30502e+13 -2.15164e+13 -7.27624e+13 -1.77045e+14  1.58092e+14  -3.2922e+13   1.3094e+14 -1.72552e+14 -1.96518e+14  1.37769e+13  4.59359e+14 -1.11652e+14 -1.26634e+14 -6.05932e+13  2.27552e+12  1.06148e+14 -6.37576e+13  3.41484e+13  6.82016e+13  3.54199e+14 -4.50621e+13  1.40978e+14  4.11238e+13 -9.02559e+12  7.66048e+13 -1.68284e+14 -2.50446e+14 -1.66997e+13 -6.69255e+13   3.2506e+14  -2.3244e+14 -1.48437e+14   -5.881e+14  3.23566e+14  2.41648e+14  7.54177e+13  1.01361e+14  1.35867e+14   3.3436e+13 -1.85108e+14 -1.54405e+13  1.18037e+14  2.58382e+13 -1.07594e+13  2.14838e+14 -7.41502e+13
-2.12155e+14 -3.80185e+13  1.47037e+13  2.95013e+14 -1.29376e+14 -1.36424e+14  3.06878e+14  1.21387e+14  4.78378e+14 -4.69914e+14  3.21793e+14 -1.49471e+14  4.17995e+14  1.13823e+13  2.76563e+14  6.52991e+13  5.51734e+15 -5.21593e+14  4.64092e+14  5.10929e+14  4.96473e+14  9.52038e+13 -5.75192e+13  2.17496e+14  1.12501e+14  3.81822e+14  5.44267e+14  7.27523e+13  4.04598e+14  5.25263e+13  1.41942e+14  1.49466e+14   5.3513e+14 -1.68719e+14  5.06257e+13  -5.3422e+13 -7.17707e+12 -2.83846e+14  -5.6519e+14   3.5346e+14  3.30437e+13  3.78412e+12  1.67905e+14 -4.42216e+14  1.17641e+14  1.01705e+13  1.67258e+14  3.94914e+14 -8.95222e+13 -2.00258e+14  5.36071e+14 -2.12656e+14  9.54772e+13 -2.01254e+13 -4.35589e+14 -2.15675e+14 -6.59889e+14 -1.10549e+12  8.27517e+14   1.4368e+14 -3.97068e+13  1.45249e+14  3.67009e+14 -5.14201e+13  7.92132e+13  9.38848e+13  3.12922e+14  1.32992e+14 -2.49275e+14 -3.86142e+13  5.47332e+13  3.85975e+14 -2.36099e+13  2.09339e+14  -3.1935e+13 -5.30011e+14 -5.51689e+14  2.62944e+14  3.06792e+14 -8.42679e+13  2.53486e+13 -2.71754e+14 -4.45083e+14  2.75315e+14 -2.87474e+13  3.64489e+14   5.7165e+13 -3.57389e+14  -2.4571e+14 -2.40364e+14 -5.38004e+13 -4.75064e+14  1.36013e+14  4.64926e+14  3.23241e+14 -5.67262e+13   2.7656e+14  4.13795e+14  5.86993e+13  1.89239e+14  -3.4934e+14  1.68056e+13  2.25566e+14  2.34183e+14 -3.02163e+14 -3.27721e+14  3.70749e+14 -1.44284e+14 -4.35778e+14  1.80612e+11  1.36703e+14 -4.13235e+14 -1.26734e+13 -7.04575e+13 -2.91377e+14  2.99944e+14  2.74725e+14  -2.2649e+14 -5.14496e+14  2.11242e+14  6.27217e+13 -7.94473e+13  8.63167e+13  1.28331e+14  2.91612e+14 -1.22046e+14  1.20075e+14  9.89846e+13  4.84695e+13  1.65728e+14 -1.72149e+14 -2.95635e+13    1.552e+14  1.04992e+14 -7.70724e+13 -9.56784e+13  2.34717e+14 -5.87812e+12 -2.66632e+14  1.15006e+14 -7.63773e+13   3.3399e+14 -1.50239e+14 -1.99015e+14   4.7877e+14 -2.55337e+14 -2.22353e+14  2.39132e+14  5.21638e+14   2.8562e+13 -3.55743e+13    -3.58e+14 -5.17616e+13 -3.32037e+13 -9.28114e+13  3.04394e+14  3.02221e+14   3.3883e+14  3.88005e+13 -7.72044e+13  3.29477e+14 -5.62169e+13 -9.88822e+13  9.96938e+13
 1.85845e+13 -1.94721e+14  4.40437e+14  -1.7003e+14 -4.76651e+13 -3.44478e+14 -1.98006e+14  6.38021e+14 -4.74943e+14  9.75012e+14  6.28796e+14 -4.59216e+14 -1.79203e+14 -1.47237e+14   9.1242e+12 -8.57886e+13 -5.21593e+14  5.61967e+15  3.15987e+14  1.02565e+14 -3.02069e+13 -4.93609e+12  3.52033e+13  4.09631e+14   3.1897e+14 -3.33728e+14  1.47511e+14 -3.57325e+13  8.27444e+13 -5.64452e+13  1.88445e+14 -3.43191e+14 -8.88105e+12   9.5412e+13  4.95153e+14    -2.34e+14  1.20614e+14  4.67494e+14 -5.55659e+14 -4.93317e+13 -4.02661e+13 -8.52833e+13  1.31103e+14  1.13054e+14  1.29813e+14  6.08733e+14  1.48409e+14 -4.94404e+14  8.48691e+13 -1.93292e+14 -4.79546e+14 -3.04081e+14 -4.97082e+14  4.64165e+14  1.31274e+14  2.26277e+14  3.89219e+14  2.57571e+14 -1.14555e+14 -1.37398e+13 -1.62415e+14 -5.97998e+13  1.00788e+14 -4.13408e+14 -4.38467e+14 -1.24829e+14 -5.01177e+14 -4.52751e+14 -1.28407e+14  1.04919e+14  3.45817e+14  1.71529e+13 -8.51208e+13  2.11987e+14  1.78116e+14 -4.21459e+14 -2.52226e+14 -4.28918e+14 -1.30397e+13  6.45633e+14 -5.32782e+13  2.08607e+14  1.44818e+14  2.52994e+14  1.51382e+13  7.57479e+13 -9.00377e+13  9.61592e+13 -2.56219e+14  1.65193e+14 -5.94355e+13  3.31615e+14  4.54175e+14  2.67539e+13 -3.57725e+14 -2.96342e+14 -5.28361e+13 -1.08776e+14  8.46498e+13 -3.17185e+14  9.39136e+13 -2.06259e+14 -3.79854e+13  2.83914e+14  3.18709e+14  7.42235e+13  1.60242e+14  -2.4409e+14  5.43756e+14 -1.59593e+14 -1.08165e+14 -5.95382e+13  1.43866e+14 -2.22249e+13  2.63624e+14 -1.58232e+14  1.79416e+14 -1.26448e+14 -1.56926e+14 -5.79058e+14  2.24619e+14  3.50038e+14  6.79302e+13  1.42121e+14 -2.18848e+13 -1.77085e+14  2.76725e+13    2.201e+14  2.31743e+14   3.8308e+14 -4.40258e+13 -1.24501e+14  3.38152e+14  2.14474e+14  5.83962e+13  1.50729e+14 -4.36908e+14 -3.37215e+14 -2.45036e+14  1.55407e+14 -3.59921e+14 -2.68384e+14 -5.75755e+13  4.87926e+14 -6.21242e+14 -4.13485e+14  1.62005e+14  4.18329e+14  2.56647e+14  1.01851e+14 -5.13237e+14 -1.26984e+13  3.11776e+14  1.80455e+14  3.29855e+13  1.37666e+14  9.45153e+13  8.97661e+13  -7.1287e+13  6.16771e+14 -4.12589e+14 -1.31598e+14  3.71197e+14 -2.47262e+14
