 5.82588e+08 -7.82685e+08  2.59158e+08 -1.42976e+08  1.07574e+08 -1.49026e+08 -6.87491e+08 -4.07515e+08  9.85914e+07 -7.74003e+07 -1.11297e+08 -1.60048e+08 -4.81585e+08  1.57918e+08  5.42886e+08 -2.31747e+07 -2.01544e+08  1.76583e+07 -1.32297e+07 -2.91265e+07 -1.40833e+07 -4.86998e+07  -8.8219e+07  -4.9763e+07       530795 -2.44454e+07 -2.55066e+07      -180212  1.55799e+06  1.85163e+08  -1.3896e+08 -1.07337e+08 -1.22973e+08  8.74678e+07  7.27016e+06  6.80404e+07  7.33406e+07 -7.25511e+07     -38266.2 -7.01805e+07  2.26402e+08  2.23701e+07  1.99505e+08  2.51136e+07  2.09029e+08 -1.33023e+08   2.9856e+07  4.32837e+07   1.8451e+08 -1.48016e+07 -2.17458e+08  3.40224e+07 -1.32388e+08 -1.75821e+08 -2.21776e+08  -5.5624e+06  1.93714e+08 -1.39057e+06   -2.604e+07  1.05438e+08 -1.46326e+07  8.93261e+07 -9.32528e+07 -5.26366e+07  6.47268e+07 -1.14823e+08 -9.37904e+07  3.46372e+07  4.68328e+07 -2.94607e+07   1.3724e+08 -1.66247e+08  5.24834e+06   -3.317e+07  7.88908e+07  1.51754e+08 -1.53413e+08 -2.95979e+08 -6.86148e+07  2.79416e+07 -2.86378e+06  6.67988e+07 -1.23752e+08  1.03639e+08 -2.17022e+07  8.96719e+07  6.10646e+07  7.39678e+07 -7.51448e+07  1.01941e+08  7.54905e+06  2.86627e+07 -5.75659e+07 -3.01172e+07  2.37362e+07  9.80352e+07  1.57262e+08 -1.38928e+07 -1.82789e+07  8.84716e+07  5.89115e+06  2.89943e+07 -1.42321e+07   6.7403e+07 -4.86752e+07  1.16351e+08  4.56953e+07 -6.20617e+07 -2.08086e+08  7.82871e+07  5.59775e+07  3.84184e+07  1.22369e+08  1.88464e+08  1.22919e+08 -7.39199e+06 -2.36582e+06  1.40782e+08  7.33767e+07 -5.60049e+07  1.29211e+08 -2.77421e+07 -1.71015e+08  1.27176e+08   5.7559e+07 -4.51409e+07 -4.22626e+07  8.82751e+07 -2.01417e+08 -4.51683e+07  1.92661e+07 -4.67579e+07 -1.06101e+08  1.49884e+08   7.2053e+07  6.38783e+07 -2.10229e+07  6.09499e+07  1.02247e+08 -7.36127e+07  1.35538e+08  2.27819e+07 -7.74968e+07  3.79746e+07 -2.65152e+07 -3.11071e+07  1.37142e+08 -9.83364e+07   4.5306e+07 -2.12792e+07  -1.1536e+07 -1.47628e+08 -2.39009e+07 -5.73117e+07  1.25005e+08 -8.90792e+07 -1.06038e+08 -6.54201e+07 -8.33565e+07  4.79891e+07  8.85275e+07  3.71255e+07 -3.10661e+07 -3.29999e+06
-7.82685e+08  5.49621e+09 -9.69756e+08  1.04033e+09   6.9313e+08  5.26289e+08  2.02236e+09  9.09709e+08  1.94261e+08  2.25895e+08 -9.75135e+08  5.63101e+08  8.08704e+08  -5.3526e+08  -1.7711e+09  2.52854e+08 -3.61483e+07 -1.84977e+08 -1.25132e+08 -4.09743e+08  1.94889e+08 -8.04843e+08  2.34373e+08 -5.04459e+08  6.87586e+07  5.40713e+07  9.03284e+06  1.95374e+07 -3.59501e+08 -1.09537e+08  1.03003e+08   1.8628e+08  1.04545e+08 -3.86948e+08 -5.59225e+08  9.72979e+06  2.35633e+07  2.01599e+08 -2.25072e+06  2.29565e+08 -3.59337e+08 -1.17156e+07 -5.37633e+08   5.9894e+08 -3.65463e+08 -1.21926e+08  2.38473e+08  6.69654e+07    8.271e+06 -3.86212e+07  5.77315e+08  5.64323e+08  1.76639e+08  3.47187e+08  3.06754e+08 -3.78418e+08  -1.0261e+08 -5.85491e+08 -1.04473e+08 -1.69747e+08  3.30604e+08 -5.03859e+08  7.13255e+07  3.05312e+08 -1.90365e+08 -4.35256e+08 -3.50004e+07 -6.10034e+08  4.84518e+07 -5.55627e+08 -2.13324e+08  1.48281e+07 -3.33679e+08  9.52119e+07 -2.76371e+08 -6.68099e+07  1.80759e+08  1.40771e+08  1.72793e+08 -2.27195e+08  2.20141e+08 -3.16173e+08 -2.92327e+07 -4.51592e+08  3.07013e+08 -1.65862e+08  7.29185e+07  2.38323e+08 -3.05591e+07 -4.60681e+08  -1.0745e+07   -1.526e+08  3.09907e+08 -6.09991e+08 -7.94264e+07  1.25617e+08 -4.72558e+08 -3.52633e+08  3.31712e+08 -1.39344e+08  2.26729e+07  1.09446e+08 -1.20111e+08 -3.21953e+08  1.67881e+08  1.36397e+08  1.72047e+08 -2.85594e+07  5.76948e+08 -3.83896e+08  1.92341e+08  1.45259e+08 -1.78858e+08 -2.07897e+08 -3.45544e+08 -2.68277e+08  1.74968e+08 -2.81058e+08  -3.5873e+07 -9.38677e+07 -2.30031e+08  4.23969e+08 -3.46444e+07 -2.11481e+08  7.44238e+07  9.21525e+07 -8.19556e+06 -1.75813e+08  3.56552e+07  4.13302e+07  2.19741e+08  4.20625e+07 -2.61935e+08 -2.03276e+08 -1.54062e+08 -4.76531e+08 -2.37313e+08  1.28661e+08  3.14204e+08  3.36145e+08  5.06375e+07  5.85915e+08 -4.16386e+07  -4.8238e+06  2.56606e+08  1.64672e+07 -4.73525e+07 -6.22938e+06 -4.01168e+08 -3.11352e+07  1.36327e+08  3.22577e+08   2.0787e+08 -4.96412e+07 -2.17319e+08  1.12895e+08 -1.85885e+08 -2.33212e+08  1.86258e+08 -2.90736e+08  3.83146e+07  -1.5632e+07  6.85864e+07  1.83746e+08
 2.59158e+08 -9.69756e+08  4.14923e+09 -5.60021e+07  2.03889e+08  -4.5586e+08 -7.07189e+08 -3.44938e+08  4.38241e+08  3.05016e+08  5.57397e+08 -2.83327e+08 -8.46356e+08 -3.82739e+08  1.27181e+09 -2.13552e+08  1.39726e+07  4.18416e+08 -1.82829e+08 -1.40721e+08  2.31515e+08 -6.52515e+07 -2.70621e+07 -6.38914e+07  1.69896e+08   2.0077e+08  6.37436e+07 -1.12227e+08  -9.5753e+07  5.02182e+08  4.78014e+07  8.78345e+07 -1.46733e+08  3.68972e+08  -1.1771e+08 -1.13869e+08  1.48372e+08  2.27805e+08 -3.61015e+08  1.44618e+08 -8.99469e+07   1.9581e+08  7.33481e+07 -9.59773e+07  3.88276e+08  2.75561e+08  -1.5407e+08 -6.47502e+07 -8.85371e+07 -1.15116e+08 -1.84662e+08 -1.59551e+08 -1.61648e+08  -1.6775e+08 -5.73655e+08  2.29129e+08 -7.37235e+07 -1.76521e+08  2.03213e+08 -2.30805e+08 -1.24661e+08 -1.42159e+08  8.44947e+07 -5.08536e+08  9.99894e+07 -7.29522e+07  5.21507e+06 -1.10444e+08  2.86004e+08 -2.10078e+08  3.37129e+08 -1.18792e+08  1.92767e+08 -3.50073e+08 -2.17522e+07  -1.2606e+08 -5.83268e+08  -7.3989e+07 -1.48307e+08  1.33853e+07 -3.05079e+07  3.39228e+07  3.20949e+06 -4.51843e+07  1.35928e+08  1.89237e+08   -2.449e+07  2.34053e+08  -7.2155e+08  1.14427e+08  2.34329e+08 -4.10851e+07 -5.98123e+07  2.98252e+08  1.76857e+08 -1.47606e+08 -1.20775e+07  3.78927e+08  3.06046e+08 -1.33102e+08 -3.55455e+08 -8.38066e+07  8.62601e+07  2.50803e+08  1.39654e+08  2.93497e+08 -1.09631e+08 -2.37697e+08 -1.32958e+07 -1.52549e+08 -1.61283e+08 -9.99823e+07    3.803e+08 -1.72898e+08      -948307 -3.22124e+07  2.42531e+08 -1.10538e+08 -2.41401e+07 -3.41129e+08  3.24501e+07 -6.83662e+07  2.22494e+08  2.93056e+08 -3.66614e+06   3.9742e+08 -3.67616e+08  1.71592e+08 -1.96729e+08  3.52282e+07 -4.64291e+08 -2.51179e+08  2.56037e+07  1.90415e+06  2.91476e+08  4.02174e+07  1.32205e+08  3.36215e+08 -1.79048e+08 -2.81676e+08 -3.27676e+08  3.29621e+07  2.29059e+08 -2.35831e+08  1.61973e+07 -2.13639e+08  1.63464e+08  4.66416e+07  3.97645e+08  1.89543e+07 -3.87042e+07 -1.01918e+07 -2.51687e+08  1.27635e+08  3.16757e+08 -4.25124e+08  4.24002e+07 -9.97761e+07 -1.29561e+08  1.08034e+08  1.65516e+08  -2.4338e+07  9.29692e+07 -1.96595e+08
-1.42976e+08  1.04033e+09 -5.60021e+07  5.27968e+09  7.59786e+08  4.20933e+08  4.17845e+07 -3.44592e+08 -6.55977e+08  6.34665e+08 -8.47869e+06 -1.81343e+07  5.39409e+06 -2.02107e+07 -1.32525e+08  6.59044e+08  2.80275e+08  -1.6154e+08  2.13482e+08 -2.29638e+07 -2.20072e+08 -9.31376e+07   1.4271e+08  1.16417e+08 -2.91501e+08  1.78291e+08 -2.69019e+08 -6.09218e+08 -8.48254e+07 -3.50861e+08  1.26099e+06 -2.05468e+08 -5.27463e+08  3.76178e+07 -1.15991e+08 -3.43661e+08   -4.411e+07  3.83257e+08 -3.40687e+08  3.77113e+08 -2.01031e+08  2.50833e+08  9.56187e+07 -2.42037e+08 -1.25136e+08 -3.44666e+08  1.21945e+08  8.34651e+07  1.01594e+08 -1.44199e+08   1.0735e+08   4.6815e+08  -1.6704e+08 -8.56649e+07 -1.36231e+08  2.66651e+08  3.62917e+07 -1.97066e+08 -2.83392e+08 -2.45679e+08  3.31501e+07 -8.17725e+07 -1.64684e+07 -9.27666e+07 -5.11521e+08  -5.3489e+07  7.01337e+08 -4.91487e+08 -1.22591e+08  -1.6965e+08 -7.27653e+07  2.33365e+08 -2.98781e+08  1.65016e+08 -3.14938e+08 -4.81793e+08 -7.78224e+07  3.74996e+08 -3.66782e+08 -6.34042e+07 -2.80967e+07 -2.10093e+08  3.97804e+07  1.14832e+08   3.7142e+07  2.05158e+08   2.8322e+08 -3.42635e+08  1.99123e+07 -6.42522e+08  2.12869e+08  1.40558e+08  1.85544e+08  -2.9761e+07  4.79105e+08  2.99545e+08  7.13483e+06  3.68645e+08  9.94871e+07 -1.71508e+08  3.24938e+08  4.28524e+08  1.33536e+08 -8.95239e+07 -2.05186e+08  6.14597e+08  2.74826e+08  -3.4563e+08  5.77498e+08 -3.71379e+08  1.56336e+08 -7.75092e+07 -2.60871e+08  7.73858e+06 -8.94162e+07  5.56696e+08  3.47498e+08 -1.70809e+08  1.02468e+08 -8.50122e+07 -7.43021e+07  1.45526e+08  5.07903e+08 -1.01423e+08  1.63346e+08  -6.0866e+08  6.62389e+07 -2.34387e+08  1.16332e+08 -3.22011e+08  2.20688e+08 -1.33417e+08 -3.08682e+08 -1.69807e+08 -9.51663e+07 -3.28272e+08 -6.12209e+06 -1.32828e+08  2.06038e+08  7.48161e+07 -1.37858e+08  1.48606e+08   1.2195e+07       787099  2.00369e+08 -4.11637e+08 -3.21215e+08   -8.313e+06 -2.37187e+08 -6.00357e+07 -1.46545e+08  1.46508e+08 -3.93454e+07  4.15841e+07  1.21269e+08 -6.50515e+07    5.286e+06 -7.11188e+07  1.54843e+08 -1.92593e+08 -1.44927e+08 -4.22993e+08  6.51951e+07 -2.79808e+08
 1.07574e+08   6.9313e+08  2.03889e+08  7.59786e+08  4.06633e+09 -6.27605e+08 -2.30224e+08 -2.49144e+08  4.27015e+08  3.48677e+08 -4.36248e+08 -3.17532e+07  4.79198e+07  2.46657e+08   -7.505e+07  4.73057e+08 -1.22921e+08 -4.52904e+07 -6.26944e+07  2.01836e+08 -1.67556e+08 -2.62382e+08     2.56e+08 -5.16996e+08  1.44268e+07  3.82934e+07 -5.51977e+08 -2.19309e+08 -2.50346e+08 -9.88476e+07 -2.56797e+08 -5.54935e+07 -2.05864e+08 -1.07301e+08 -3.60114e+08  1.77333e+08  8.38648e+07  1.75151e+08 -5.75663e+07  2.50406e+08  -1.1904e+08  3.69918e+08   1.3617e+08  1.08864e+08 -1.75106e+08 -5.20775e+08  3.03687e+08 -1.92834e+08  2.75937e+08  8.81771e+07  1.56247e+08  4.15558e+08  1.09455e+08 -7.01249e+07 -2.83324e+08 -6.95586e+07  1.38051e+08  -2.4617e+08 -3.68284e+08 -1.93482e+08 -6.05133e+07 -5.14899e+08 -3.22185e+08  1.16713e+08 -2.26843e+08 -1.54056e+08 -1.44206e+08 -4.61656e+08  2.84473e+08 -3.33413e+08  9.86972e+07  2.42476e+08  2.09794e+07  8.88844e+07 -3.06126e+08  1.14936e+08 -1.90853e+08 -1.95406e+07 -3.39278e+08 -9.92099e+07  2.97509e+08  1.01004e+08  6.05926e+07  -3.6463e+08  4.84933e+08 -7.52483e+07  2.08378e+08  2.39364e+08 -2.61529e+08 -8.20593e+07  2.46175e+07  1.10665e+08  2.52983e+08 -1.95872e+08  1.99013e+08 -9.44364e+07 -8.95241e+07 -7.71265e+07 -5.86364e+07  2.92446e+07  1.67305e+08  3.09429e+08 -3.34609e+08 -1.00848e+08 -9.88746e+07  2.95942e+08  2.97255e+08 -2.10332e+08  1.64635e+08  1.48634e+08  2.77775e+08  1.13628e+08 -3.06255e+08   2.2356e+08  1.08507e+08 -4.75298e+07   3.9571e+08 -1.24585e+08 -1.34325e+08 -2.03414e+08 -1.84682e+08   3.5512e+08  1.08042e+08  1.12815e+07  8.69679e+07 -1.98549e+08  1.35005e+08  1.18271e+08 -1.11002e+08 -2.04867e+07  4.31981e+08 -1.58098e+08 -2.30985e+08 -2.58243e+08  2.10491e+08 -3.11811e+08  1.34455e+08 -9.23889e+07   2.6912e+08  9.27141e+07  1.10281e+08  1.33786e+08 -4.17026e+08  2.83172e+08 -3.96429e+07 -2.05135e+08  7.54488e+07 -3.39899e+08 -2.89118e+07 -1.25916e+08 -1.98496e+08  2.70235e+07  2.50874e+08  9.61432e+07    2.573e+08 -7.72553e+07  8.69481e+06  -2.3804e+08 -1.27994e+08 -2.20774e+08   1.2397e+08  1.07204e+08  2.51584e+08 -1.01407e+08
-1.49026e+08  5.26289e+08  -4.5586e+08  4.20933e+08 -6.27605e+08  4.57378e+09 -4.13185e+08  5.15605e+08 -6.47754e+07 -4.03228e+08 -6.17546e+08  1.43923e+08  1.26123e+08 -4.49657e+07 -1.10836e+08   9.6316e+06 -1.29579e+08 -3.27283e+08 -9.71606e+07  6.12963e+08 -4.98599e+07 -5.85628e+08 -4.53291e+08  2.36049e+08  6.90867e+07   4.0855e+08  -2.0094e+07  1.51088e+08  2.29473e+08 -2.69319e+08  1.58298e+08 -1.53202e+07  1.01764e+08  1.18413e+07 -5.19232e+08 -8.20054e+06 -1.96147e+08  1.79235e+08 -3.45232e+08 -7.96768e+07   3.1608e+08  3.52642e+08  4.76238e+07   1.2162e+08  2.93031e+08  2.76337e+08  2.40073e+07  2.70508e+07  1.10026e+08 -1.90479e+08  1.65088e+08   4.0188e+07   3.3897e+07 -3.15387e+08 -3.00821e+08 -2.15586e+08  3.23207e+08  3.62213e+08  3.61694e+07  4.16828e+08  1.90016e+08 -1.54602e+08  1.60263e+08   6.8234e+07  2.35124e+07 -8.39431e+07 -6.17759e+07 -3.05042e+08  1.79754e+08 -9.27558e+07  1.46648e+08  2.44998e+08  2.90723e+08 -1.51401e+08 -2.90017e+08     -92740.7  2.50662e+08 -7.60937e+07 -8.16626e+07  1.94697e+08  2.97537e+07 -3.49931e+08  1.81283e+08  4.29591e+06 -5.12607e+07  1.28873e+08  1.01202e+07 -4.29186e+07  -2.3239e+08 -2.69554e+08  1.25046e+08 -1.77209e+08 -3.05025e+07 -2.98483e+08  -1.7294e+08  5.23776e+07  1.70512e+08  1.93406e+08 -3.69481e+08 -1.30638e+08  3.90263e+08  1.07739e+07  4.53055e+07 -3.45538e+08 -2.28327e+08  7.11538e+07  -2.9658e+08  2.74907e+08  7.39068e+07  1.16123e+08 -2.56575e+08  1.43275e+08 -2.02909e+08   3.9052e+07 -1.20601e+08 -3.64987e+07 -2.04475e+08 -5.73246e+07  1.87052e+08  1.15436e+07  6.20293e+07 -2.00147e+08 -1.75195e+08 -4.03459e+08  -9.0835e+07 -5.29668e+08  2.23668e+08 -3.88464e+08  6.97256e+07 -5.49473e+07   1.7872e+08  2.37007e+08   1.0792e+08 -1.34126e+08  2.12471e+08  2.00212e+08  2.24352e+08  8.90384e+07 -1.44164e+08   1.3428e+08  3.36414e+08  2.23262e+08 -2.59716e+08   -1.891e+08 -1.24945e+08  9.41181e+07  2.28244e+08    6.039e+07  -1.6494e+08 -3.42003e+07 -4.70546e+07  2.72249e+08 -3.02165e+08  7.09726e+07 -3.05716e+08 -2.55352e+08  -4.1552e+08 -6.62129e+07 -1.44544e+07 -8.74621e+07 -1.16227e+08  -3.5984e+07 -1.83598e+07 -1.97663e+08
-6.87491e+08  2.02236e+09 -7.07189e+08  4.17845e+07 -2.30224e+08 -4.13185e+08  5.93086e+09  8.44183e+08  3.69283e+06 -1.22358e+08  3.03002e+08 -2.69874e+08  1.31687e+09 -6.21897e+08 -1.26301e+09  1.90333e+08  2.91517e+08 -1.88086e+08  1.06102e+08 -3.69479e+08 -2.44219e+08   2.9532e+08 -4.27652e+08 -6.13382e+08  2.97078e+08 -2.52512e+08  3.17966e+08  7.82515e+08 -1.71524e+06 -4.24629e+07 -1.90296e+08 -1.48372e+07  3.80982e+08  2.84641e+07 -5.53443e+08 -3.79961e+08  2.05508e+08  6.26851e+08  3.78876e+07 -2.10243e+08  1.07682e+08 -7.79164e+07 -6.87803e+07  1.04626e+08 -2.30554e+08 -3.75365e+08 -2.21902e+07 -1.88763e+08  3.47895e+08 -2.43532e+08  4.22979e+08 -2.60957e+08 -1.47436e+07      3.4e+08  4.03973e+08 -7.44949e+07 -6.45534e+08 -2.20765e+08 -1.83402e+08 -2.83758e+08       239396 -1.81199e+08  2.07403e+07  1.10051e+07  1.01647e+08 -2.69518e+08  2.06437e+08 -9.62358e+07 -8.20136e+07 -6.74111e+07 -1.08407e+08 -4.69898e+08  2.79322e+08  3.48277e+08 -1.86843e+08 -2.38999e+08  4.76015e+07  3.41052e+08  7.19687e+06 -3.13818e+08  1.13532e+08  3.86045e+08  4.60967e+08 -5.13242e+08  1.70035e+08  1.33669e+08 -3.63871e+07   2.8519e+08 -2.29784e+08 -1.44317e+08 -4.16581e+08 -4.31361e+07  1.22507e+08 -1.28477e+08 -8.14285e+07  8.26879e+07 -4.22447e+08 -1.98219e+08  4.42987e+08  4.13889e+08 -1.76538e+08   4.2914e+08  2.00845e+08 -2.62325e+08      12472.3 -5.06982e+08       778016  2.26651e+08  4.51495e+08 -5.77549e+07  4.31064e+08 -2.19511e+08 -1.59253e+08 -2.31639e+08 -9.33839e+07 -8.96906e+07 -5.78855e+07 -1.30259e+08 -6.39942e+07  8.45956e+07 -1.08319e+08  3.87509e+07   8.7832e+07  8.79307e+07 -1.65911e+08  3.65087e+08 -4.33222e+08  1.71677e+07 -1.67841e+08  7.04965e+07   4.0089e+08  9.37851e+07 -3.45649e+08 -2.66592e+08 -4.77252e+08 -1.95349e+08 -5.70439e+08 -3.99816e+07  1.16221e+08 -7.14743e+07 -8.41236e+07   1.8976e+08  3.55157e+08  1.62004e+08  4.12729e+08  1.26746e+08  4.01205e+07  1.52535e+07 -3.74423e+08  4.65765e+08  2.95078e+08 -1.02888e+08  1.07514e+08  5.64525e+07 -8.75957e+07  2.57538e+07 -2.83494e+06  3.60698e+08  2.03137e+07  5.14712e+07 -6.19342e+07  5.59412e+07   1.3924e+08 -1.30884e+07
-4.07515e+08  9.09709e+08 -3.44938e+08 -3.44592e+08 -2.49144e+08  5.15605e+08  8.44183e+08  5.76198e+09  -8.2476e+08  1.01589e+08  3.07024e+08 -4.84808e+08   6.2511e+08 -3.10929e+08 -6.06889e+08  1.94035e+08  1.15349e+08  6.06125e+08  1.70049e+07  3.90957e+08  6.92983e+07  5.99691e+08  -9.1988e+08  3.50634e+08  1.51939e+08  1.66153e+07  2.04964e+08     4.61e+08   2.9718e+08 -7.68451e+08  3.51991e+08  5.81095e+08  3.74765e+08  -3.1455e+08  5.59238e+07 -3.42457e+08 -5.03818e+08  4.88621e+08 -1.84738e+08 -1.43984e+07 -2.67214e+08  5.01487e+06  9.17846e+07  1.03404e+08   4.5598e+08  4.10182e+08 -2.21166e+07   2.1138e+08 -1.90862e+08  1.31877e+08  2.17766e+08 -1.86089e+08 -1.37785e+08       522928  3.39974e+08  1.04359e+07  1.28452e+08 -6.12054e+07  2.65277e+08  1.01178e+08 -1.18897e+08  3.41119e+08  1.33671e+08   5.8877e+07 -1.33052e+08  3.54192e+08  1.98002e+07 -1.43784e+08  3.51202e+08  3.82948e+08  1.60458e+08 -3.85926e+08 -2.13694e+08  1.87336e+08 -1.30282e+08  -4.1535e+08   -1.548e+08  2.16292e+08 -2.62559e+08 -5.94489e+07 -1.39516e+08  2.94413e+08  3.31917e+08  1.31759e+08 -1.39982e+08  5.03231e+08  5.52035e+07   5.8232e+07 -1.39996e+08  4.05769e+07 -3.20152e+08 -1.68724e+08 -4.56582e+07 -7.72744e+07  -4.7042e+08 -3.95021e+08  7.16484e+07 -6.19769e+07 -4.09026e+07  1.27039e+08  1.60222e+08   4.3278e+08  4.26495e+08  3.82711e+07  4.33235e+08  -3.9861e+08 -4.25877e+08 -2.67291e+08 -5.44625e+08 -1.14973e+08  1.30004e+07 -1.72472e+08  2.42332e+08 -3.67215e+08 -3.58591e+08 -9.01309e+07  3.78228e+08  7.39321e+07 -2.07405e+07  1.09117e+08  5.43304e+07  3.55721e+08 -3.75362e+08 -1.14586e+08 -2.53549e+08  1.02802e+08  4.45626e+08    2.458e+08  2.09391e+08  4.02131e+08 -3.22064e+08  1.18146e+08  4.47233e+08 -3.51364e+07 -2.03808e+08   -6.487e+07  2.39915e+08 -1.56429e+08 -3.69438e+08  3.51804e+08 -6.31697e+08 -1.87274e+08 -1.21367e+07  1.82533e+07 -2.19293e+08 -4.75947e+07  4.20816e+07  2.86131e+08  1.08616e+08 -9.04216e+07 -1.31607e+08 -1.43366e+07   -6.864e+07 -2.40563e+07 -1.10434e+08  2.71152e+08   4.4744e+08  4.47778e+08  2.66805e+08   8.2708e+07 -2.84768e+08  5.66073e+07  9.90752e+07 -1.12132e+08
 9.85914e+07  1.94261e+08  4.38241e+08 -6.55977e+08  4.27015e+08 -6.47754e+07  3.69283e+06  -8.2476e+08  4.91487e+09  1.56618e+08 -6.28215e+07 -5.13705e+08  2.24226e+08  1.02269e+07 -3.75477e+08 -5.29166e+07  4.54464e+08 -4.51176e+08 -8.01811e+07 -9.25654e+06  4.31489e+08 -4.97701e+08 -1.68686e+08 -3.06505e+08 -7.26965e+07 -7.46526e+07 -9.26107e+07 -1.28135e+07 -4.06751e+08  2.90422e+08 -1.12381e+08  1.49139e+08 -7.13537e+07 -3.43031e+08  5.31581e+06  4.30848e+08  1.38966e+08 -2.55406e+08 -1.00401e+08 -1.10523e+08  1.27758e+08 -1.99056e+08 -3.33481e+08 -9.91727e+07 -1.10875e+08 -5.56632e+08  3.34298e+08 -8.16937e+07  7.91562e+06 -4.06318e+06 -1.87305e+08  2.54182e+07 -3.37936e+08  7.32812e+07 -1.51125e+08 -5.36864e+08 -3.35207e+08 -7.84678e+07 -1.41399e+08      -786938 -1.63624e+08 -2.03375e+08  2.42132e+08  1.15958e+08  1.92302e+08  -6.1023e+08  1.29697e+08   1.0588e+08  4.88977e+08 -7.89193e+07 -6.36612e+07 -3.25807e+08 -1.43197e+08  7.76018e+07  3.70597e+08  3.09313e+08 -4.58516e+07  1.79852e+07  5.26643e+07  1.24041e+08 -1.56661e+08  2.14256e+08  -4.0619e+08 -5.18551e+08  -1.6167e+08 -6.36721e+07  1.36774e+08 -1.09691e+08  3.05581e+08 -9.18689e+07   1.8807e+08 -6.04633e+07  3.72603e+08  3.87457e+07  1.17629e+08  5.73986e+07 -1.09787e+08  1.72641e+08 -5.83514e+08  2.37824e+08 -9.82649e+07 -1.46494e+08 -3.28328e+08  1.74004e+08 -9.61916e+07 -1.22812e+08   1.4938e+08  3.06473e+08 -1.24135e+07  1.09359e+07  2.88049e+08 -2.02189e+08  2.29338e+07  4.83952e+07  -1.7931e+08 -1.83729e+08 -7.20851e+07 -1.72856e+08 -1.26815e+07  -3.4475e+08  3.00711e+07  2.31873e+08    3.532e+08 -1.79248e+08  2.70863e+08  1.20283e+08   5.8876e+07 -3.26704e+07  5.99119e+07 -1.64096e+08 -2.33338e+07 -4.56248e+08 -5.37047e+08  2.38208e+07 -1.22871e+08 -2.80565e+08 -4.41917e+06 -3.68852e+08  3.31064e+08  1.27205e+08  3.35066e+08  1.96561e+08 -4.49148e+07 -1.64745e+08 -4.54558e+08  3.44392e+08 -1.89299e+08 -2.96076e+08   3.6956e+08  2.52597e+08  2.28208e+08  1.11568e+07  1.57704e+08  7.65372e+07  1.14782e+08 -1.94871e+08 -1.01746e+08 -2.31266e+08 -1.64653e+08 -2.62499e+08  2.47877e+08  1.82378e+08  3.58569e+08  5.33067e+08
-7.74003e+07  2.25895e+08  3.05016e+08  6.34665e+08  3.48677e+08 -4.03228e+08 -1.22358e+08  1.01589e+08  1.56618e+08  5.07215e+09  7.56228e+07 -3.36352e+08 -2.93266e+08  1.70452e+08 -3.82708e+07 -2.74876e+08 -4.46429e+08  9.26254e+08 -3.38389e+08 -7.79978e+07  -1.9791e+08  4.32977e+08  2.07303e+08 -6.16042e+06  2.47368e+08 -1.95581e+06 -3.14666e+08 -2.94786e+08 -8.11464e+08 -2.74367e+08  1.79802e+08 -1.11933e+08 -3.22347e+08 -1.08213e+08  2.03115e+08  4.70785e+08 -2.25297e+08  1.40077e+08 -3.75746e+08  2.76785e+06 -3.38734e+08  7.26011e+07   3.0902e+08 -3.63508e+08  9.93865e+07  2.85207e+08 -8.76811e+07  2.34064e+08 -2.27254e+08   4.7628e+08 -1.25394e+08 -7.42652e+07  4.07232e+07   4.2513e+08 -1.75232e+08  2.26815e+07  1.69554e+08 -3.76337e+08  1.31112e+07 -3.65067e+08 -1.14263e+08 -1.62272e+08  1.52295e+08 -3.54303e+08  -2.2754e+08  5.11149e+07   3.0738e+06  -4.2461e+07  4.17153e+08 -1.28238e+08  2.00124e+08 -1.68728e+08  2.01024e+08 -1.10004e+08  3.79245e+08  -9.1353e+07 -3.49043e+08 -1.04712e+08 -3.24228e+08  2.51543e+08 -1.06135e+08  1.95926e+08  -1.6736e+08  1.31624e+08  2.93674e+08  1.98741e+08  -7.6345e+07  1.96881e+08 -9.82438e+07 -1.57755e+07 -4.09131e+07  1.60089e+08 -1.23031e+08  7.99319e+08  9.52191e+07 -4.59055e+08 -1.94042e+08 -1.28388e+08  2.41865e+08 -4.25863e+08   3.1966e+07  1.37883e+08  6.38451e+07  3.55952e+08  1.58937e+08 -2.19072e+08   1.0612e+07 -1.41199e+08  2.83038e+07 -1.36394e+08  2.43662e+08 -2.03877e+08  2.48065e+08   6.5285e+07   2.2846e+08 -2.24472e+08  6.78579e+07  1.05163e+08  1.64488e+08 -2.14198e+08 -3.78081e+08  3.19255e+08 -2.01181e+08 -1.20335e+08  1.83103e+08  7.38529e+07 -2.01261e+08  1.19303e+08  1.82185e+08 -1.39168e+08 -3.03203e+08 -2.14691e+08 -1.42727e+08 -2.06801e+07 -2.58535e+08  2.04233e+08 -4.83485e+07  2.69323e+07  4.84618e+07  1.43262e+08 -4.40812e+08  3.27223e+08 -5.98515e+08  4.32393e+08 -5.28174e+08  1.10958e+08  2.05712e+08 -7.44065e+06 -1.96028e+08  1.32804e+08  3.92422e+08  3.13767e+08  7.13105e+08 -2.10541e+07  1.00351e+08   2.5404e+07 -1.05334e+07 -2.51726e+08 -1.86136e+08 -1.45857e+06 -3.02656e+08 -6.78803e+07  2.25948e+08  1.24471e+08
-1.11297e+08 -9.75135e+08  5.57397e+08 -8.47869e+06 -4.36248e+08 -6.17546e+08  3.03002e+08  3.07024e+08 -6.28215e+07  7.56228e+07  6.05409e+09 -2.69956e+08 -2.02191e+08 -7.33892e+08  7.75532e+08  3.75984e+08  3.05649e+08  5.97342e+08  4.23515e+08 -7.54611e+08 -3.02805e+08  5.19491e+08 -4.07217e+06 -6.86979e+07  3.95416e+08   1.2114e+08  5.73377e+08 -4.28389e+07  5.50535e+07 -1.23574e+08  5.27815e+08  1.03985e+08  7.09226e+07  5.70277e+07  2.98069e+08 -6.03128e+08 -6.94572e+08  7.38103e+08  -1.3359e+08 -2.26663e+08 -4.81894e+08  1.06635e+08 -1.23733e+08 -9.40564e+07  2.97357e+08 -2.24661e+07 -2.07248e+08       245216 -5.23912e+08  4.53024e+07 -5.36963e+08 -3.43252e+08  7.82396e+07 -2.41812e+08  2.42589e+08  1.83403e+08 -1.07064e+08  1.54943e+08 -6.67191e+07  3.50255e+08 -2.50645e+08  3.47464e+07  3.46847e+08  4.81503e+08 -5.30719e+08  3.17029e+08  2.40261e+08  1.73365e+08  3.11955e+08 -2.18213e+08   4.1054e+08  2.07859e+08 -2.22431e+08 -1.12859e+08  7.01659e+07 -6.69654e+08 -1.87054e+08  -1.8242e+08  2.70896e+08  3.36604e+08  -9.5992e+07 -2.30158e+08  2.74884e+08 -4.71576e+07 -2.12602e+07  9.29092e+07   9.5842e+07 -4.16914e+08 -1.37916e+08       349809 -3.19394e+08  6.48504e+07 -1.93192e+08  1.55655e+08  2.07756e+08 -2.53324e+08  1.01738e+07  5.60325e+08  -1.4851e+08  1.95155e+08  1.71401e+08 -2.70654e+08  2.12764e+08  3.57424e+08 -2.83981e+08 -2.04709e+08   3.7295e+07 -2.09668e+08 -1.50938e+08 -1.21217e+08  5.84549e+07 -2.35312e+08 -1.20013e+08 -2.74528e+08   4.8271e+07   2.2071e+08 -3.57799e+08 -2.61816e+08  -1.1931e+08 -1.01744e+08 -1.48636e+07 -2.25383e+07 -7.03436e+07 -3.65803e+08 -2.86025e+08  5.34948e+07  2.98848e+08 -2.06203e+08  8.61183e+06 -8.51891e+07 -7.26321e+07  1.25007e+08  9.17503e+07  4.17084e+08 -3.31645e+08  5.12649e+08 -5.47194e+07 -4.47419e+08 -6.87746e+08 -8.51219e+07  -4.8451e+08 -3.14018e+08  1.37671e+07  2.63614e+08 -1.65847e+08 -1.95703e+07  1.35623e+08    3.886e+08  3.79846e+08 -1.10417e+08 -3.81193e+08  7.70237e+07 -2.97214e+08  3.50206e+08 -3.40791e+08  3.08189e+08  1.24675e+08  4.58017e+07 -2.60443e+08   2.2562e+08 -2.11291e+08 -2.05705e+08 -1.67378e+08 -5.01844e+08
-1.60048e+08  5.63101e+08 -2.83327e+08 -1.81343e+07 -3.17532e+07  1.43923e+08 -2.69874e+08 -4.84808e+08 -5.13705e+08 -3.36352e+08 -2.69956e+08   5.1896e+09 -5.37042e+08  1.15554e+07 -1.04182e+08  2.03178e+07 -1.42009e+08 -4.36257e+08 -1.96251e+08 -1.26359e+08 -9.01017e+07  1.64452e+08 -2.45862e+08 -1.39114e+08 -1.46945e+08    5.221e+08  7.43304e+07 -4.01216e+08 -7.60874e+07 -2.08248e+08  1.27964e+08 -2.59934e+08  9.61663e+07 -2.99746e+08 -2.78669e+08  6.35678e+07  4.08635e+06 -1.78069e+07  4.73296e+08 -1.30234e+08  4.02661e+08 -5.03661e+08  3.88567e+08  1.64415e+08 -6.31996e+08  5.77074e+08  2.18748e+08 -1.78539e+08 -3.94085e+08   1.1918e+08  1.16074e+08  7.94586e+06  1.65367e+08  1.44518e+08 -4.60036e+07 -1.67794e+08   2.9853e+07  2.82957e+08 -3.52139e+08  8.86923e+07  4.97852e+08  1.95149e+08  2.23665e+08  2.48813e+08  1.18842e+08  3.25483e+08  1.94713e+07  3.64572e+08 -1.37473e+08 -1.62325e+08 -1.21606e+08  1.71183e+08 -3.44238e+08  1.74193e+08  4.59681e+08 -1.05193e+07   5.6751e+08 -1.70788e+08  6.04499e+08 -3.34437e+07 -1.88394e+07  5.41198e+07 -2.79374e+07  1.41069e+08 -3.09663e+08  -7.0302e+07 -1.29131e+08 -1.37807e+08  5.28938e+08 -4.74696e+07  1.26688e+08  -1.5921e+08 -1.93917e+08 -1.09276e+08   1.6464e+08 -8.19206e+07 -4.12549e+08 -1.99136e+08 -1.16918e+08  -2.0418e+08  3.91985e+08 -5.70058e+08 -7.55908e+08 -2.67854e+08  3.05651e+08  2.77557e+08  2.14727e+08 -1.08085e+08  2.10062e+08 -3.35646e+07 -9.84138e+07  7.00326e+07  1.67871e+08  1.00309e+08  1.15025e+08  -5.3624e+07 -2.08068e+08  4.19257e+08   2.0335e+08 -1.36475e+08  3.22185e+07 -3.33988e+08 -9.96647e+07 -1.60403e+08  5.12724e+07 -2.09718e+08 -6.82182e+07  2.18599e+08  -3.5076e+08 -4.36225e+08  2.02028e+08  3.30499e+08  3.02338e+08  1.93198e+08  2.37937e+08 -5.04062e+07 -2.26469e+08  2.17802e+08  3.35919e+08  6.54772e+08 -3.05663e+07  8.88693e+07 -9.79748e+07  8.31923e+07  1.95134e+08  6.46535e+08 -1.05652e+08 -1.13012e+08 -2.49124e+08 -3.69521e+08  -2.7503e+07 -3.82635e+07  2.25999e+08 -4.05335e+08  1.30768e+08  7.02894e+07 -1.02122e+08  4.47167e+07 -2.66659e+08 -6.31443e+07  7.09504e+07   -2.592e+08 -3.81217e+08 -1.38623e+08
-4.81585e+08  8.08704e+08 -8.46356e+08  5.39409e+06  4.79198e+07  1.26123e+08  1.31687e+09   6.2511e+08  2.24226e+08 -2.93266e+08 -2.02191e+08 -5.37042e+08   6.4741e+09 -1.39082e+08 -1.02984e+09 -1.49189e+08  3.97068e+08 -1.70223e+08  6.30671e+08   2.8761e+08 -5.18148e+07  1.19787e+08 -3.21432e+08  2.31892e+08 -1.27069e+08 -5.10545e+07  9.16482e+08 -2.46092e+08 -1.53167e+08  9.56867e+06  2.05793e+08  6.16958e+08  4.83422e+07 -3.70878e+08  1.97139e+08 -2.72745e+08  2.81988e+08 -3.67463e+08  2.91132e+08 -1.99411e+08 -4.53064e+08  3.63445e+08 -2.09019e+08  6.35822e+08 -3.38517e+08 -2.51767e+08  5.40347e+08 -1.62273e+08 -3.02896e+08 -2.78848e+06   1.5351e+08 -1.85884e+08  1.70711e+08 -1.13064e+08  2.62782e+08 -2.21544e+07 -6.38093e+08  -2.2044e+08  7.84066e+07 -6.10042e+07 -6.35872e+08  -3.7431e+08 -4.23875e+08 -3.10952e+08  2.87845e+07 -4.08846e+08   4.2198e+08 -9.70375e+07  -4.7126e+07   3.0785e+08 -8.75011e+07 -2.61689e+08   2.2468e+07  1.41182e+08 -2.97631e+08  5.32805e+07  5.38863e+08  3.97169e+08 -2.07136e+08   3.1974e+08   2.8926e+08  5.07651e+07  3.64146e+08 -1.52496e+08  7.87856e+07  8.03372e+07   1.8494e+08  6.89493e+07  9.12841e+07 -2.76132e+08 -6.78759e+07 -1.82541e+08 -2.14541e+07 -3.34884e+08   1.3757e+08  2.67399e+08  4.24636e+08 -1.47934e+08 -2.62968e+08  1.63948e+08  2.30798e+08  2.36558e+08 -4.93473e+07  5.11418e+08 -1.08743e+08 -1.39361e+08  2.26265e+08  2.45248e+07  1.74378e+08  3.04401e+07  1.04163e+08  1.88447e+08 -8.11736e+07  2.83672e+07 -1.54626e+07 -1.77474e+08  2.56023e+08 -2.37338e+08 -5.95556e+08  3.91534e+08   9.1602e+07  1.57388e+08 -2.01814e+06 -4.92187e+07 -4.30536e+08 -1.88236e+08  3.84332e+08 -1.96746e+08  1.97054e+08   5.1047e+08  2.15692e+08  5.93248e+07  -2.2957e+08  5.89224e+07 -6.63824e+08 -9.68593e+07 -2.23753e+07 -1.52033e+08 -2.07557e+08  -1.6418e+08  4.12119e+08 -1.68199e+08  2.07305e+08  3.65244e+08  1.62327e+08 -3.64284e+08 -7.06899e+07 -5.40442e+07   2.7713e+08  4.07467e+08  3.62603e+08 -5.88136e+07  2.65206e+08 -4.21155e+08 -8.59808e+07 -3.13644e+08 -2.34907e+08 -6.33333e+07   2.8914e+08 -2.03899e+08  2.02389e+08 -1.93625e+08  1.16247e+08  1.33659e+08
 1.57918e+08  -5.3526e+08 -3.82739e+08 -2.02107e+07  2.46657e+08 -4.49657e+07 -6.21897e+08 -3.10929e+08  1.02269e+07  1.70452e+08 -7.33892e+08  1.15554e+07 -1.39082e+08  5.16363e+09  2.54302e+08  -2.4147e+08  1.08017e+07 -1.39874e+08  -1.4664e+08   5.0945e+08  -3.3783e+07 -7.06554e+07  5.28876e+07   1.2494e+08  2.46382e+08  1.23436e+08 -6.06882e+08  2.07938e+08  6.63936e+08  2.59266e+08 -3.77854e+08  1.67728e+08  -5.8998e+08 -1.65009e+08 -1.44722e+08  1.43374e+08 -4.82102e+06 -5.82867e+08 -4.00218e+07  4.31708e+08  5.44172e+08 -5.46667e+07  1.51828e+08 -3.83752e+08 -2.17259e+08  1.21951e+08 -4.47709e+08  2.21837e+08 -3.42448e+08  1.05723e+08 -1.97186e+08  -2.4831e+08  1.69871e+08  3.94281e+08 -3.05567e+07  5.94011e+08 -1.44086e+08  1.06231e+08  3.89017e+08 -4.91604e+07 -2.89802e+07  1.59864e+08  6.12854e+07 -3.36731e+08  1.43042e+08 -2.20016e+08  5.66686e+07  8.04122e+07 -4.11272e+08  1.00168e+08 -3.39981e+08  2.63842e+08  1.21954e+08 -1.85148e+08  3.72239e+07  6.54772e+07 -2.04479e+08  9.47475e+07  2.47036e+08  -1.9002e+07  1.83852e+08  2.95854e+07 -2.71482e+08  2.89529e+08  1.15704e+08 -1.68159e+08  4.51016e+08  1.42688e+08  -1.4942e+08  1.55193e+08 -2.24963e+08  4.42072e+08  2.52095e+08 -2.14555e+08  2.49995e+08   2.7657e+08  3.85025e+08 -2.17774e+08  2.36087e+08 -2.54569e+08  1.45294e+08 -7.53623e+07 -1.09254e+08  9.40826e+06  1.11178e+08  7.54702e+07  1.73557e+08 -1.61269e+07 -2.56652e+08 -9.75476e+07  3.07997e+08 -1.89235e+08 -3.92407e+07   4.1218e+08 -1.77727e+08 -8.76073e+07  3.40698e+08  1.64132e+08  -4.5975e+07  -4.0886e+08 -2.74692e+08   -7.659e+06 -2.09995e+07  4.45124e+08  2.63166e+08 -3.69003e+08 -1.22787e+08  4.59807e+08  1.31493e+08 -1.52964e+08  4.23642e+08  4.98205e+06 -1.79672e+08  -9.1354e+07 -2.75453e+08 -3.88189e+08  -2.1179e+08  4.48366e+07  6.04461e+08 -3.70902e+08  2.58918e+08  2.02788e+08  4.33631e+07  2.25058e+08  1.82546e+08  6.32082e+07 -3.75347e+08 -3.24423e+08 -3.61675e+08  4.71246e+07 -1.82924e+08 -1.10215e+08 -2.22467e+08 -7.31718e+07  1.10367e+08 -1.70595e+07 -1.35994e+07  5.37241e+07 -2.99579e+08  5.84599e+07  2.43454e+08 -2.38019e+07 -1.98464e+08 -1.25439e+07
 5.42886e+08  -1.7711e+09  1.27181e+09 -1.32525e+08   -7.505e+07 -1.10836e+08 -1.26301e+09 -6.06889e+08 -3.75477e+08 -3.82708e+07  7.75532e+08 -1.04182e+08 -1.02984e+09  2.54302e+08  6.53869e+09 -3.19072e+08  2.62756e+08  8.63955e+06  2.51717e+07  5.58797e+08  3.37682e+07  7.83978e+07 -3.47179e+08  1.11915e+08 -1.17759e+07  2.64754e+08  8.66431e+07  1.81142e+08  -1.9687e+08  4.39358e+08 -3.67914e+08 -7.71113e+08 -2.48533e+08  5.33754e+08  8.04817e+07  5.25418e+08  -5.3688e+08   9.6211e+07 -3.42812e+08 -4.17438e+08 -3.47198e+08  3.30081e+08  1.57337e+08 -5.66723e+07  5.33798e+08 -5.22671e+08 -3.32967e+08  3.33021e+08 -5.35498e+07  2.04884e+08 -6.35269e+08 -2.18297e+08 -3.09208e+08 -5.09592e+08 -2.41214e+08  2.72796e+08 -1.23679e+08 -1.17179e+08 -4.45406e+08 -1.95063e+08 -3.15117e+08  2.05984e+08  1.20449e+07 -3.07373e+08  6.34148e+07  3.81154e+08  -2.4742e+08  4.47796e+08  8.65717e+07 -1.35676e+08 -1.11917e+07  9.60346e+07 -2.40535e+08 -3.22458e+08  8.77673e+07   9.6735e+07 -1.81989e+08  1.71044e+06 -1.71639e+08  5.66123e+08  2.42598e+07 -5.04296e+08 -1.81851e+08  7.94094e+08 -9.05034e+07  5.53459e+08 -8.15241e+07 -1.01157e+08 -7.19274e+08  -1.9973e+08  4.84625e+08 -1.22043e+07 -4.19008e+08  7.27056e+06  4.26955e+08  1.60139e+08  2.39006e+08  3.40766e+08  6.02406e+07  1.99065e+08  8.11483e+07 -1.92092e+08  2.47577e+08  5.69415e+08  1.08347e+08 -4.02474e+08 -5.84204e+07  2.51302e+08 -4.66559e+08 -3.23586e+08  9.02023e+07 -3.53933e+08  1.91133e+08  3.16734e+08  2.06308e+08  -1.1227e+08 -3.88473e+07 -4.76962e+07  1.35462e+08  2.77521e+07  1.30518e+08  1.42808e+08 -8.33431e+06 -5.21332e+07  6.18307e+08 -1.49758e+08  3.31826e+08 -1.50506e+08  2.25399e+08 -7.72948e+07 -1.66213e+08 -1.28834e+08  2.20632e+08  4.39352e+08 -1.74596e+08  2.23043e+08  2.70634e+08 -3.64696e+07  5.13144e+07 -1.88729e+08 -1.26167e+08  3.93983e+08 -7.70251e+07  5.23256e+07  1.70788e+08   3.8529e+08   4.2957e+08 -2.52705e+08  1.74249e+08 -2.36075e+07 -3.15745e+08 -2.09868e+08 -3.78477e+08 -2.53868e+08  2.50463e+08 -3.05799e+08  2.97653e+07 -2.42906e+08 -2.03167e+08  4.17701e+08  1.51468e+08  2.71294e+07  3.92673e+06 -3.36685e+08
-2.31747e+07  2.52854e+08 -2.13552e+08  6.59044e+08  4.73057e+08   9.6316e+06  1.90333e+08  1.94035e+08 -5.29166e+07 -2.74876e+08  3.75984e+08  2.03178e+07 -1.49189e+08  -2.4147e+08 -3.19072e+08  5.37951e+09  6.19995e+07 -8.15123e+07  -6.2382e+07   1.2095e+08  1.64564e+08   2.1295e+08  3.31717e+08 -2.02362e+08 -2.19567e+08  4.43788e+07  -2.3757e+08 -1.74044e+08 -4.56454e+07 -1.76922e+08  1.25786e+08 -1.08139e+08 -1.92292e+08 -1.42662e+08 -1.47647e+08 -3.78386e+08  3.07329e+08 -5.40707e+06 -3.48759e+08 -2.77596e+08  1.35485e+08 -3.99249e+08  5.27703e+08 -2.23243e+08  4.72519e+07 -2.57321e+08   6.8866e+08 -1.35165e+08 -2.73955e+07    -6.24e+08 -3.49706e+07  4.17769e+07  8.60941e+07  1.14234e+08 -1.85257e+08 -8.67139e+07  9.93298e+07  1.33492e+08 -5.51325e+08 -2.31149e+07 -1.09012e+08  8.58133e+07  2.58598e+08  2.08092e+08  1.50924e+08   2.8048e+08  1.14692e+08       729021  3.26467e+08  1.55245e+08  3.35915e+08  -4.3576e+08 -1.18204e+08  1.84218e+08 -1.95517e+08  7.26781e+07 -1.83407e+08 -3.29842e+08 -3.40097e+07 -4.85572e+07 -3.70792e+08 -1.81168e+08 -1.77044e+07  4.62869e+07 -3.99515e+08   4.6975e+08 -2.26699e+08 -2.21882e+08  1.36412e+08 -3.02522e+08  1.02927e+08  4.29406e+08 -1.55918e+08   -1.512e+07  2.84858e+08  4.42781e+08 -2.03898e+08 -3.59323e+07 -3.31314e+08  3.18376e+08 -3.98987e+07 -7.41022e+07  1.87486e+08 -1.36888e+08 -1.90792e+08  2.99355e+08  3.00796e+08 -3.49407e+08 -2.72514e+08 -1.61236e+08  1.28952e+08        89891  4.66418e+07 -3.53514e+08  1.08644e+08  4.32125e+08  1.44623e+07 -2.48339e+08  5.98919e+07 -2.04353e+07 -6.91168e+07 -1.68202e+08  1.50185e+08 -3.12702e+07  1.24399e+08 -1.63912e+08 -1.86696e+08  1.30714e+07  4.36386e+08 -1.06069e+08 -1.20311e+08 -5.75574e+07   2.1699e+06   1.0084e+08  -6.0574e+07  3.24343e+07   6.4791e+07   3.3649e+08 -4.28103e+07  1.33911e+08  3.90782e+07 -8.57298e+06  7.27812e+07 -1.59869e+08 -2.37912e+08 -1.58718e+07  -6.3564e+07  3.08792e+08 -2.20813e+08 -1.41008e+08 -5.58691e+08  3.07375e+08  2.29571e+08  7.16449e+07  9.62853e+07  1.29065e+08  3.17546e+07 -1.75849e+08 -1.46451e+07  1.12129e+08  2.45717e+07 -1.02065e+07  2.04104e+08 -7.04261e+07
-2.01544e+08 -3.61483e+07  1.39726e+07  2.80275e+08 -1.22921e+08 -1.29579e+08  2.91517e+08  1.15349e+08  4.54464e+08 -4.46429e+08  3.05649e+08 -1.42009e+08  3.97068e+08  1.08017e+07  2.62756e+08  6.19995e+07  5.24159e+09 -4.95506e+08  4.40856e+08  4.85408e+08  4.71632e+08  9.04282e+07 -5.46192e+07  2.06625e+08  1.06853e+08  3.62727e+08  5.17062e+08  6.91187e+07  3.84356e+08  4.98876e+07  1.34852e+08  1.41999e+08  5.08348e+08 -1.60294e+08  4.80786e+07 -5.07504e+07 -6.80815e+06 -2.69652e+08  -5.3693e+08  3.35775e+08  3.14117e+07  3.61045e+06   1.5952e+08 -4.20081e+08  1.11749e+08  9.67221e+06   1.5889e+08  3.75167e+08  -8.5035e+07 -1.90246e+08  5.09269e+08 -2.02011e+08  9.07065e+07 -1.91129e+07 -4.13805e+08 -2.04869e+08 -6.26878e+08 -1.05022e+06  7.86125e+08  1.36496e+08 -3.77188e+07  1.37999e+08   3.4863e+08 -4.88541e+07  7.52468e+07  8.92035e+07  2.97264e+08  1.26351e+08 -2.36807e+08 -3.67022e+07  5.19987e+07  3.66681e+08  -2.2452e+07  1.98864e+08 -3.03417e+07 -5.03503e+08 -5.24097e+08  2.49806e+08  2.91436e+08 -8.00544e+07  2.40598e+07 -2.58145e+08 -4.22831e+08  2.61532e+08 -2.73173e+07  3.46261e+08  5.42967e+07  -3.3951e+08 -2.33418e+08 -2.28323e+08 -5.10879e+07 -4.51295e+08  1.29231e+08  4.41651e+08  3.07062e+08  -5.3909e+07  2.62742e+08  3.93107e+08  5.57674e+07  1.79766e+08 -3.31878e+08  1.59694e+07  2.14283e+08  2.22472e+08 -2.87064e+08 -3.11337e+08  3.52192e+08  -1.3705e+08 -4.13973e+08       182482  1.29852e+08 -3.92564e+08 -1.20256e+07 -6.69322e+07 -2.76795e+08  2.84923e+08  2.60979e+08 -2.15154e+08 -4.88751e+08   2.0069e+08  5.95894e+07 -7.54631e+07  8.19867e+07  1.21906e+08  2.77019e+08  -1.1594e+08  1.14082e+08  9.40591e+07   4.6045e+07  1.57444e+08 -1.63523e+08 -2.80905e+07  1.47449e+08  9.97463e+07 -7.32092e+07 -9.08856e+07  2.22985e+08 -5.59219e+06 -2.53309e+08   1.0927e+08 -7.25614e+07  3.17292e+08  -1.4273e+08  -1.8907e+08   4.5482e+08 -2.42572e+08 -2.11231e+08  2.27175e+08  4.95545e+08  2.71431e+07 -3.38034e+07 -3.40094e+08 -4.91794e+07  -3.1543e+07 -8.81779e+07   2.8917e+08  2.87089e+08  3.21879e+08  3.68453e+07 -7.33412e+07  3.12989e+08  -5.3393e+07 -9.39254e+07  9.47067e+07
 1.76583e+07 -1.84977e+08  4.18416e+08  -1.6154e+08 -4.52904e+07 -3.27283e+08 -1.88086e+08  6.06125e+08 -4.51176e+08  9.26254e+08  5.97342e+08 -4.36257e+08 -1.70223e+08 -1.39874e+08  8.63955e+06 -8.15123e+07 -4.95506e+08  5.33881e+09  3.00197e+08  9.74602e+07 -2.86951e+07 -4.67742e+06  3.34287e+07  3.89139e+08  3.03014e+08 -3.17042e+08  1.40148e+08 -3.39537e+07     7.86e+07  -5.3631e+07  1.79044e+08 -3.26044e+08 -8.42958e+06  9.06196e+07  4.70376e+08 -2.22296e+08  1.14592e+08  4.44124e+08 -5.27851e+08 -4.68647e+07 -3.82538e+07 -8.10274e+07  1.24526e+08  1.07412e+08  1.23329e+08  5.78287e+08  1.40999e+08 -4.69684e+08  8.06315e+07 -1.83601e+08 -4.55568e+08 -2.88898e+08 -4.72216e+08  4.40973e+08  1.24702e+08  2.14956e+08  3.69738e+08  2.44683e+08 -1.08807e+08 -1.30617e+07 -1.54292e+08 -5.68097e+07  9.57503e+07 -3.92725e+08 -4.16554e+08 -1.18576e+08 -4.76132e+08 -4.30109e+08 -1.21983e+08  9.96693e+07   3.2853e+08  1.62824e+07 -8.08614e+07  2.01382e+08  1.69201e+08 -4.00388e+08 -2.39613e+08 -4.07485e+08 -1.23643e+07  6.13348e+08 -5.06243e+07  1.98174e+08  1.37564e+08  2.40352e+08  1.43896e+07  7.19583e+07 -8.55223e+07  9.13535e+07 -2.43405e+08  1.56939e+08 -5.64693e+07  3.15048e+08  4.31457e+08   2.5407e+07 -3.39851e+08 -2.81514e+08 -5.01933e+07 -1.03339e+08  8.04283e+07 -3.01313e+08  8.92118e+07  -1.9595e+08 -3.60906e+07  2.69733e+08  3.02757e+08  7.05364e+07  1.52236e+08 -2.31878e+08  5.16564e+08 -1.51607e+08  -1.0275e+08 -5.65729e+07  1.36666e+08 -2.11109e+07  2.50446e+08 -1.50327e+08  1.70456e+08 -1.20129e+08 -1.49058e+08 -5.50108e+08  2.13374e+08  3.32513e+08  6.45311e+07  1.35026e+08 -2.07883e+07 -1.68231e+08  2.62917e+07  2.09081e+08  2.20155e+08  3.63926e+08 -4.18393e+07 -1.18261e+08  3.21269e+08  2.03752e+08  5.54811e+07  1.43184e+08 -4.15051e+08 -3.20341e+08 -2.32791e+08  1.47639e+08 -3.41934e+08 -2.54951e+08 -5.46826e+07  4.63531e+08 -5.90175e+08 -3.92828e+08  1.53919e+08  3.97412e+08  2.43834e+08  9.67492e+07  -4.8755e+08 -1.20437e+07  2.96168e+08  1.71422e+08  3.13207e+07  1.30789e+08  8.97941e+07  8.52726e+07  -6.7726e+07  5.85921e+08 -3.91954e+08 -1.25015e+08  3.52636e+08 -2.34888e+08
