 2.33881e+09 -3.14223e+09  1.04041e+09 -5.74026e+08  4.31831e+08 -5.98266e+08 -2.76004e+09 -1.63603e+09  3.95812e+08 -3.10741e+08 -4.46775e+08 -6.42526e+08 -1.93342e+09  6.33975e+08  2.17953e+09 -9.30638e+07  -8.0911e+08   7.0878e+07  -5.3121e+07 -1.16925e+08 -5.65465e+07   -1.955e+08 -3.54141e+08 -1.99783e+08  2.10878e+06 -9.81673e+07 -1.02371e+08      -718529  6.26183e+06  7.43357e+08 -5.57867e+08 -4.30933e+08 -4.93694e+08   3.5116e+08  2.92238e+07  2.73164e+08  2.94421e+08 -2.91263e+08      -152687 -2.81768e+08  9.08902e+08  8.98291e+07  8.00942e+08  1.00798e+08  8.39162e+08 -5.34035e+08  1.19852e+08  1.73758e+08  7.40728e+08  -5.9415e+07 -8.73027e+08  1.36606e+08 -5.31481e+08 -7.05832e+08 -8.90331e+08 -2.23198e+07  7.77678e+08 -5.55991e+06 -1.04544e+08  4.23291e+08 -5.87414e+07  3.58626e+08 -3.74368e+08  -2.1131e+08  2.59866e+08 -4.60952e+08 -3.76552e+08  1.39046e+08  1.88014e+08 -1.18266e+08  5.50983e+08 -6.67391e+08  2.10699e+07 -1.33153e+08  3.16749e+08  6.09238e+08 -6.15901e+08 -1.18823e+09 -2.75447e+08  1.12167e+08 -1.14948e+07  2.68191e+08 -4.96823e+08  4.16071e+08  -8.7125e+07  3.59983e+08  2.45137e+08  2.96935e+08 -3.01644e+08  4.09257e+08  3.03129e+07  1.15074e+08  -2.3108e+08  -1.2088e+08  9.52749e+07  3.93562e+08  6.31329e+08 -5.57609e+07 -7.33632e+07  3.55181e+08  2.36412e+07  1.16396e+08 -5.71531e+07  2.70601e+08 -1.95409e+08  4.67072e+08  1.83438e+08 -2.49148e+08 -8.35363e+08  3.14288e+08  2.24718e+08  1.54253e+08  4.91256e+08  7.56583e+08  4.93458e+08 -2.96706e+07 -9.50186e+06  5.65192e+08  2.94583e+08 -2.24811e+08  5.18741e+08 -1.11372e+08 -6.86537e+08   5.1055e+08  2.31102e+08 -1.81237e+08 -1.69676e+08  3.54389e+08 -8.08619e+08 -1.81339e+08  7.73432e+07 -1.87711e+08 -4.25935e+08  6.01707e+08  2.89267e+08  2.56457e+08 -8.43871e+07  2.44693e+08  4.10464e+08 -2.95548e+08  5.44109e+08  9.14585e+07 -3.11103e+08  1.52432e+08  -1.0643e+08 -1.24872e+08   5.5055e+08 -3.94769e+08  1.81885e+08 -8.54111e+07 -4.63244e+07 -5.92654e+08 -9.59628e+07 -2.30081e+08  5.01843e+08 -3.57618e+08 -4.25681e+08 -2.62624e+08 -3.34656e+08  1.92691e+08  3.55393e+08  1.49044e+08 -1.24714e+08 -1.32607e+07
-3.14223e+09   2.2065e+10 -3.89319e+09  4.17649e+09  2.78255e+09  2.11299e+09  8.11912e+09   3.6523e+09  7.79909e+08  9.06882e+08  -3.9147e+09  2.26062e+09  3.24689e+09 -2.14878e+09 -7.11057e+09  1.01516e+09 -1.45002e+08 -7.42622e+08 -5.02305e+08 -1.64493e+09  7.82328e+08 -3.23106e+09  9.40831e+08 -2.02518e+09  2.76102e+08   2.1711e+08  3.62646e+07  7.84227e+07 -1.44328e+09 -4.39825e+08  4.13543e+08  7.47904e+08  4.19749e+08 -1.55352e+09 -2.24515e+09  3.90161e+07  9.46527e+07  8.09397e+08 -9.04184e+06  9.21596e+08 -1.44257e+09 -4.70167e+07 -2.15841e+09  2.40453e+09  -1.4672e+09  -4.8946e+08  9.57376e+08  2.68853e+08  3.31905e+07 -1.55079e+08  2.31775e+09  2.26545e+09  7.09177e+08  1.39387e+09  1.23149e+09  -1.5192e+09 -4.11953e+08 -2.35047e+09 -4.19396e+08  -6.8147e+08  1.32724e+09  -2.0228e+09  2.86375e+08  1.22568e+09 -7.64189e+08 -1.74738e+09 -1.40436e+08 -2.44902e+09   1.9448e+08 -2.23061e+09  -8.5643e+08  5.95526e+07 -1.33956e+09  3.82255e+08 -1.10952e+09 -2.68273e+08  7.25704e+08  5.65172e+08  6.93669e+08 -9.12122e+08  8.83777e+08 -1.26932e+09 -1.17344e+08 -1.81303e+09  1.23253e+09 -6.65903e+08  2.92735e+08  9.56722e+08 -1.22629e+08 -1.84944e+09 -4.31598e+07 -6.12664e+08  1.24412e+09 -2.44886e+09 -3.18904e+08  5.04353e+08 -1.89713e+09 -1.41568e+09  1.33168e+09 -5.59465e+08  9.10327e+07  4.39395e+08 -4.82189e+08 -1.29252e+09  6.73983e+08  5.47562e+08  6.90686e+08 -1.14625e+08   2.3162e+09 -1.54118e+09  7.72154e+08  5.83182e+08 -7.18108e+08 -8.34612e+08 -1.38723e+09 -1.07698e+09  7.02418e+08 -1.12832e+09  -1.4403e+08 -3.76842e+08 -9.23482e+08  1.70201e+09 -1.39086e+08 -8.49018e+08   2.9873e+08  3.69994e+08  -3.2872e+07 -7.05818e+08  1.43149e+08  1.65995e+08  8.82197e+08  1.68857e+08 -1.05155e+09 -8.16023e+08 -6.18489e+08 -1.91304e+09 -9.52744e+08   5.1653e+08  1.26138e+09  1.34952e+09  2.03303e+08  2.35217e+09  -1.6721e+08 -1.93183e+07  1.03015e+09  6.60814e+07  -1.9014e+08  -2.4982e+07  -1.6105e+09 -1.25009e+08  5.47346e+08  1.29508e+09  8.34513e+08 -1.99247e+08 -8.72443e+08  4.53205e+08 -7.46263e+08  -9.3623e+08  7.47754e+08  -1.1672e+09  1.53779e+08 -6.27694e+07  2.75312e+08  7.37692e+08
 1.04041e+09 -3.89319e+09  1.66574e+10 -2.24883e+08  8.18537e+08 -1.83018e+09  -2.8391e+09 -1.38481e+09  1.75932e+09  1.22444e+09  2.23772e+09 -1.13742e+09 -3.39786e+09 -1.53654e+09  5.10594e+09 -8.57283e+08  5.60778e+07  1.67973e+09 -7.34037e+08 -5.64911e+08  9.29524e+08 -2.61972e+08 -1.08564e+08 -2.56555e+08  6.81998e+08  8.06046e+08  2.55996e+08  -4.5061e+08 -3.84373e+08  2.01605e+09  1.91874e+08  3.52459e+08  -5.8907e+08  1.48133e+09 -4.72507e+08 -4.57112e+08  5.95617e+08  9.14522e+08 -1.44933e+09  5.80595e+08 -3.61114e+08  7.86042e+08  2.94505e+08 -3.85246e+08  1.55875e+09  1.10628e+09 -6.18547e+08 -2.59899e+08 -3.55428e+08 -4.62124e+08 -7.41406e+08 -6.40484e+08 -6.49027e+08 -6.73477e+08 -2.30294e+09  9.19895e+08 -2.95942e+08 -7.08642e+08  8.15778e+08 -9.26568e+08 -5.00444e+08 -5.70686e+08  3.39197e+08 -2.04155e+09  4.01386e+08 -2.92851e+08  2.09357e+07 -4.43375e+08  1.14816e+09 -8.43398e+08   1.3534e+09 -4.76859e+08  7.73835e+08 -1.40538e+09 -8.73158e+07 -5.06096e+08 -2.34155e+09 -2.97041e+08 -5.95375e+08  5.37414e+07 -1.22474e+08  1.36208e+08  1.28505e+07 -1.81359e+08  5.45667e+08   7.5966e+08 -9.83322e+07  9.39557e+08 -2.89669e+09  4.59365e+08  9.40717e+08 -1.64914e+08 -2.40125e+08  1.19741e+09  7.10011e+08 -5.92552e+08 -4.84291e+07  1.52121e+09  1.22868e+09 -5.34334e+08 -1.42702e+09  -3.3647e+08  3.46302e+08   1.0069e+09  5.60686e+08  1.17829e+09 -4.40154e+08 -9.54267e+08 -5.33557e+07  -6.1245e+08 -6.47492e+08 -4.01372e+08  1.52674e+09 -6.94111e+08 -3.77677e+06 -1.29319e+08   9.7363e+08 -4.43746e+08 -9.69072e+07 -1.36946e+09  1.30269e+08 -2.74432e+08  8.93229e+08  1.17646e+09 -1.47002e+07   1.5955e+09 -1.47586e+09  6.88893e+08 -7.89807e+08  1.41397e+08 -1.86395e+09 -1.00836e+09  1.02805e+08  7.61937e+06  1.17015e+09  1.61481e+08  5.30767e+08  1.34976e+09 -7.18774e+08 -1.13083e+09 -1.31545e+09  1.32307e+08  9.19608e+08 -9.46767e+08  6.50409e+07 -8.57703e+08  6.56219e+08  1.87254e+08  1.59642e+09  7.61192e+07 -1.55381e+08 -4.09294e+07  -1.0104e+09  5.12411e+08  1.27166e+09 -1.70665e+09  1.70225e+08 -4.00555e+08 -5.20162e+08  4.33695e+08  6.64497e+08 -9.77011e+07  3.73218e+08 -7.89251e+08
-5.74026e+08  4.17649e+09 -2.24883e+08  2.11954e+10  3.05009e+09     1.69e+09  1.67759e+08 -1.38327e+09 -2.63343e+09  2.54802e+09 -3.40837e+07 -7.27136e+07  2.17272e+07 -8.11172e+07 -5.32093e+08  2.64584e+09  1.12512e+09 -6.48461e+08  8.57082e+08 -9.22106e+07 -8.83542e+08 -3.73858e+08  5.72926e+08  4.67421e+08 -1.17021e+09  7.15787e+08 -1.07995e+09 -2.44589e+09 -3.40446e+08 -1.40859e+09  5.11358e+06 -8.24827e+08 -2.11755e+09   1.5092e+08 -4.65634e+08 -1.37963e+09 -1.77129e+08  1.53856e+09 -1.36775e+09  1.51394e+09  -8.0707e+08  1.00696e+09  3.83908e+08 -9.71718e+08 -5.02442e+08  -1.3836e+09  4.89583e+08  3.35075e+08  4.07783e+08  -5.7887e+08   4.3095e+08  1.87938e+09 -6.70555e+08 -3.43934e+08 -5.46939e+08  1.07055e+09  1.45699e+08  -7.9114e+08 -1.13768e+09 -9.86286e+08  1.33092e+08 -3.28347e+08 -6.61493e+07 -3.72418e+08 -2.05348e+09 -2.14706e+08   2.8156e+09 -1.97311e+09 -4.92131e+08 -6.81053e+08 -2.92065e+08  9.36859e+08  -1.1995e+09  6.62482e+08 -1.26433e+09  -1.9342e+09  -3.1241e+08  1.50546e+09 -1.47243e+09 -2.54515e+08 -1.12767e+08 -8.43434e+08  1.59757e+08  4.60974e+08  1.49077e+08  8.23569e+08  1.13701e+09 -1.37552e+09  7.98611e+07 -2.57948e+09  8.54591e+08  5.64228e+08   7.4487e+08  -1.1945e+08  1.92342e+09  1.20254e+09  2.86158e+07  1.47997e+09  3.99398e+08 -6.88527e+08  1.30454e+09  1.72035e+09  5.36066e+08  -3.5941e+08 -8.23718e+08  2.46733e+09  1.10326e+09 -1.38761e+09   2.3184e+09 -1.49096e+09  6.27574e+08  -3.1119e+08 -1.04727e+09  3.10489e+07 -3.58992e+08  2.23495e+09  1.39502e+09 -6.85705e+08  4.11403e+08 -3.41329e+08 -2.98255e+08  5.84159e+08  2.03901e+09 -4.07154e+08  6.55759e+08 -2.44354e+09  2.65962e+08 -9.40953e+08   4.6706e+08 -1.29274e+09  8.85931e+08 -5.35616e+08 -1.23925e+09 -6.81717e+08 -3.82047e+08  -1.3179e+09 -2.45937e+07 -5.33201e+08  8.27139e+08  3.00381e+08 -5.53436e+08  5.96535e+08  4.89188e+07  3.18663e+06  8.04391e+08 -1.65254e+09 -1.28954e+09 -3.33651e+07  -9.5222e+08 -2.40999e+08 -5.88274e+08  5.88181e+08 -1.57945e+08  1.66931e+08  4.86894e+08 -2.61123e+08  2.12734e+07 -2.85495e+08  6.21608e+08 -7.73217e+08 -5.81834e+08 -1.69815e+09  2.61729e+08 -1.12333e+09
 4.31831e+08  2.78255e+09  8.18537e+08  3.05009e+09  1.63243e+10  -2.5195e+09 -9.24175e+08 -1.00016e+09   1.7143e+09  1.39973e+09 -1.75132e+09 -1.27484e+08  1.92439e+08  9.90216e+08  -3.0134e+08  1.89912e+09 -4.93415e+08 -1.81786e+08 -2.51688e+08  8.10295e+08 -6.72677e+08 -1.05332e+09  1.02772e+09 -2.07555e+09  5.79181e+07   1.5383e+08 -2.21591e+09 -8.80464e+08 -1.00493e+09  -3.9676e+08 -1.03094e+09 -2.22839e+08 -8.26386e+08  -4.3077e+08 -1.44568e+09  7.11906e+08  3.36694e+08  7.03193e+08 -2.31101e+08  1.00524e+09 -4.77907e+08  1.48512e+09  5.46637e+08  4.37048e+08 -7.03016e+08 -2.09066e+09  1.21921e+09  -7.7412e+08  1.10775e+09  3.54023e+08  6.27287e+08  1.66829e+09  4.39395e+08 -2.81478e+08  -1.1374e+09 -2.79228e+08  5.54174e+08 -9.88278e+08 -1.47846e+09 -7.76765e+08 -2.42922e+08 -2.06705e+09 -1.29342e+09  4.68536e+08 -9.10664e+08 -6.18457e+08 -5.78885e+08 -1.85325e+09  1.14197e+09 -1.33847e+09  3.96194e+08  9.73427e+08  8.42132e+07  3.56846e+08 -1.22894e+09  4.61434e+08  -7.6617e+08 -7.84206e+07 -1.36205e+09 -3.98229e+08  1.19436e+09  4.05516e+08  2.43224e+08 -1.46385e+09  1.94674e+09  -3.0215e+08  8.36502e+08  9.60939e+08 -1.04986e+09 -3.29368e+08  9.88355e+07  4.44231e+08  1.01558e+09 -7.86313e+08  7.98892e+08 -3.79123e+08 -3.59409e+08 -3.09674e+08 -2.35406e+08  1.17447e+08  6.71656e+08  1.24216e+09 -1.34329e+09 -4.04862e+08 -3.96904e+08  1.18812e+09  1.19332e+09 -8.44434e+08  6.60937e+08  5.96692e+08  1.11509e+09  4.56192e+08 -1.22947e+09  8.97465e+08   4.3563e+08  -1.9081e+08  1.58859e+09 -5.00096e+08 -5.39221e+08 -8.16592e+08 -7.41442e+08   1.4256e+09  4.33725e+08  4.52438e+07  3.49126e+08 -7.97105e+08  5.41978e+08  4.74753e+08  -4.4564e+08 -8.22856e+07  1.73417e+09 -6.34688e+08 -9.27304e+08 -1.03676e+09  8.45089e+08 -1.25181e+09  5.39746e+08 -3.70906e+08  1.08041e+09  3.72224e+08  4.42715e+08  5.37083e+08 -1.67417e+09   1.1368e+09 -1.59136e+08 -8.23525e+08  3.02913e+08 -1.36452e+09  -1.1604e+08 -5.05454e+08  -7.9685e+08   1.0852e+08  1.00717e+09  3.85959e+08  1.03291e+09 -3.10132e+08   3.4958e+07 -9.55563e+08 -5.13846e+08 -8.86327e+08  4.97728e+08  4.30386e+08  1.01001e+09 -4.07044e+08
-5.98266e+08  2.11299e+09 -1.83018e+09     1.69e+09  -2.5195e+09  1.83613e+10 -1.65882e+09  2.06993e+09 -2.60211e+08 -1.61875e+09  -2.4794e+09  5.77762e+08  5.06355e+08 -1.80519e+08 -4.45035e+08  3.86343e+07 -5.20284e+08 -1.31377e+09 -3.90054e+08  2.46075e+09 -2.00189e+08 -2.35109e+09 -1.81978e+09  9.47715e+08  2.77198e+08  1.64008e+09 -8.05994e+07  6.06683e+08    9.212e+08 -1.08126e+09  6.35617e+08 -6.14236e+07  4.08541e+08   4.7475e+07  -2.0845e+09  -3.2911e+07  -7.8738e+08  7.19519e+08 -1.38587e+09 -3.19782e+08  1.26892e+09  1.41567e+09  1.91164e+08  4.88228e+08  1.17641e+09   1.1094e+09  9.63892e+07  1.08601e+08  4.41673e+08 -7.64794e+08  6.62793e+08   1.6132e+08  1.36089e+08 -1.26612e+09 -1.20763e+09 -8.65535e+08  1.29755e+09  1.45413e+09  1.45116e+08   1.6734e+09  7.62883e+08   -6.207e+08  6.43366e+08  2.73948e+08  9.43528e+07 -3.36987e+08 -2.47979e+08 -1.22469e+09  7.21564e+08  -3.7234e+08  5.88707e+08  9.83557e+08  1.16712e+09  -6.0786e+08 -1.16429e+09      -333257  1.00633e+09 -3.05467e+08 -3.27847e+08  7.81604e+08  1.19465e+08 -1.40491e+09  7.27763e+08  1.73035e+07 -2.05767e+08  5.17368e+08  4.06218e+07 -1.72335e+08 -9.32903e+08 -1.08219e+09  5.01959e+08   -7.114e+08  -1.2252e+08 -1.19834e+09 -6.94258e+08  2.10301e+08  6.84581e+08  7.76425e+08 -1.48331e+09 -5.24485e+08  1.56673e+09  4.33062e+07  1.81919e+08 -1.38712e+09  -9.1663e+08  2.85667e+08 -1.19059e+09   1.1036e+09  2.96715e+08  4.66143e+08 -1.03002e+09  5.75159e+08 -8.14578e+08  1.56771e+08 -4.84151e+08 -1.46574e+08 -8.20844e+08  -2.3009e+08  7.50887e+08   4.6326e+07  2.49028e+08 -8.03473e+08 -7.03328e+08 -1.61972e+09 -3.64675e+08 -2.12635e+09  8.97909e+08 -1.55949e+09  2.79877e+08 -2.20614e+08   7.1749e+08  9.51438e+08  4.33255e+08 -5.38451e+08  8.52971e+08  8.03733e+08   9.0072e+08  3.57428e+08 -5.78799e+08  5.39137e+08   1.3505e+09  8.96266e+08 -1.04262e+09 -7.59107e+08 -5.01639e+08  3.77819e+08   9.1626e+08   2.4245e+08 -6.62187e+08 -1.37345e+08 -1.88913e+08  1.09298e+09 -1.21304e+09  2.84899e+08 -1.22732e+09 -1.02511e+09 -1.66818e+09 -2.65856e+08 -5.80219e+07 -3.51138e+08 -4.66626e+08 -1.44486e+08 -7.37031e+07 -7.93536e+08
-2.76004e+09  8.11912e+09  -2.8391e+09  1.67759e+08 -9.24175e+08 -1.65882e+09  2.38097e+10  3.38905e+09  1.49492e+07 -4.91204e+08  1.21651e+09 -1.08341e+09  5.28678e+09 -2.49675e+09 -5.07067e+09  7.64213e+08  1.17036e+09 -7.55146e+08  4.26013e+08 -1.48343e+09 -9.80392e+08  1.18557e+09 -1.71693e+09 -2.46256e+09  1.19269e+09 -1.01369e+09  1.27651e+09  3.14142e+09 -6.89054e+06  -1.7046e+08 -7.63953e+08 -5.94197e+07  1.52964e+09  1.14185e+08  -2.2219e+09 -1.52552e+09  8.25166e+08  2.51661e+09  1.52073e+08 -8.43995e+08  4.32223e+08 -3.12827e+08 -2.76249e+08  4.19994e+08  -9.2557e+08  -1.5069e+09 -8.90328e+07 -7.57843e+08   1.3966e+09 -9.77607e+08   1.6982e+09 -1.04765e+09 -5.91273e+07  1.36488e+09  1.62181e+09 -2.99079e+08 -2.59159e+09 -8.86346e+08 -7.36322e+08 -1.13915e+09       927916 -7.27517e+08  8.32531e+07  4.42127e+07  4.08103e+08 -1.08202e+09  8.28812e+08 -3.86365e+08 -3.29277e+08 -2.70636e+08 -4.35209e+08 -1.88644e+09  1.12136e+09  1.39818e+09 -7.50068e+08 -9.59544e+08  1.91089e+08   1.3692e+09  2.88945e+07 -1.25987e+09  4.55805e+08  1.54978e+09   1.8506e+09 -2.06049e+09  6.82647e+08  5.36662e+08 -1.46048e+08   1.1449e+09  -9.2246e+08 -5.79374e+08 -1.67238e+09 -1.73213e+08  4.91783e+08 -5.15864e+08 -3.26871e+08  3.31976e+08 -1.69603e+09 -7.95724e+08  1.77841e+09  1.66158e+09 -7.08701e+08  1.72282e+09  8.06275e+08 -1.05312e+09      81070.3 -2.03532e+09  3.11735e+06  9.09934e+08  1.81259e+09 -2.31861e+08  1.73054e+09  -8.8126e+08 -6.39344e+08 -9.29894e+08 -3.74929e+08 -3.60088e+08 -2.32384e+08 -5.22959e+08 -2.56935e+08  3.39617e+08 -4.34813e+08  1.55625e+08  3.52644e+08  3.53027e+08  -6.6602e+08  1.46566e+09 -1.73915e+09    6.897e+07 -6.73772e+08  2.83052e+08  1.60942e+09  3.76451e+08 -1.38764e+09 -1.07023e+09 -1.91599e+09 -7.84279e+08 -2.29005e+09 -1.60461e+08  4.66564e+08 -2.86867e+08 -3.37743e+08  7.61769e+08  1.42582e+09  6.50381e+08  1.65689e+09  5.08806e+08  1.61069e+08  6.12217e+07 -1.50317e+09  1.86983e+09  1.18457e+09 -4.13064e+08  4.31678e+08  2.26645e+08 -3.51667e+08  1.03392e+08  -1.1389e+07  1.44804e+09  8.15832e+07  2.06607e+08 -2.48669e+08  2.24563e+08  5.58991e+08 -5.25601e+07
-1.63603e+09   3.6523e+09 -1.38481e+09 -1.38327e+09 -1.00016e+09  2.06993e+09  3.38905e+09  2.31315e+10 -3.31104e+09  4.07882e+08  1.23258e+09 -1.94636e+09   2.5097e+09 -1.24823e+09 -2.43655e+09  7.78953e+08  4.62951e+08  2.43327e+09    6.839e+07  1.56961e+09  2.78276e+08  2.40742e+09 -3.69289e+09  1.40765e+09  6.09863e+08  6.66973e+07  8.22728e+08  1.85079e+09   1.1931e+09 -3.08494e+09  1.41306e+09   2.3329e+09  1.50456e+09 -1.26285e+09  2.24394e+08 -1.37488e+09 -2.02253e+09  1.96162e+09 -7.41609e+08 -5.77064e+07 -1.07277e+09  2.01664e+07  3.68347e+08  4.15122e+08  1.83051e+09  1.64665e+09 -8.87082e+07  8.48589e+08 -7.66292e+08  5.29434e+08    8.743e+08 -7.47053e+08 -5.53003e+08  2.05686e+06  1.36486e+09  4.17912e+07  5.15663e+08 -2.45712e+08  1.06488e+09  4.06189e+08 -4.77346e+08   1.3694e+09  5.36672e+08  2.36362e+08 -5.34156e+08   1.4219e+09   7.9621e+07 -5.77233e+08  1.40997e+09  1.53733e+09   6.4417e+08 -1.54937e+09 -8.57853e+08  7.52082e+08 -5.23038e+08 -1.66749e+09 -6.21413e+08   8.6836e+08 -1.05403e+09 -2.38663e+08 -5.60079e+08  1.18193e+09   1.3325e+09  5.28991e+08 -5.61953e+08  2.02028e+09    2.216e+08  2.33795e+08 -5.62028e+08  1.62837e+08 -1.28529e+09 -6.77384e+08 -1.83331e+08 -3.10227e+08 -1.88856e+09 -1.58578e+09  2.87637e+08 -2.48834e+08 -1.64187e+08  5.09975e+08  6.43199e+08  1.73739e+09  1.71218e+09  1.53645e+08  1.73922e+09  -1.6002e+09 -1.70971e+09 -1.07303e+09 -2.18644e+09   -4.616e+08  5.21843e+07 -6.92374e+08  9.72827e+08 -1.47421e+09 -1.43961e+09 -3.61866e+08  1.51842e+09   2.9682e+08 -8.32973e+07  4.38075e+08  2.18055e+08   1.4281e+09 -1.50687e+09  -4.5997e+08 -1.01791e+09  4.12747e+08  1.78902e+09  9.86752e+08  8.40553e+08  1.61437e+09 -1.29294e+09  4.74242e+08  1.79543e+09 -1.41118e+08 -8.18244e+08 -2.60429e+08  9.63187e+08 -6.27993e+08 -1.48315e+09  1.41231e+09 -2.53596e+09 -7.51829e+08 -4.86607e+07  7.32581e+07 -8.80358e+08 -1.91082e+08  1.68951e+08  1.14872e+09  4.36005e+08 -3.63005e+08 -5.28347e+08  -5.7522e+07 -2.75554e+08 -9.66191e+07 -4.43368e+08  1.08852e+09  1.79624e+09  1.79757e+09   1.0712e+09   3.3202e+08 -1.14321e+09  2.27239e+08  3.97756e+08   -4.502e+08
 3.95812e+08  7.79909e+08  1.75932e+09 -2.63343e+09   1.7143e+09 -2.60211e+08  1.49492e+07 -3.31104e+09  1.97305e+10  6.28774e+08 -2.52085e+08 -2.06242e+09   9.0004e+08  4.10749e+07 -1.50742e+09  -2.1248e+08  1.82443e+09 -1.81132e+09 -3.21878e+08 -3.71596e+07  1.73227e+09 -1.99809e+09 -6.77193e+08  -1.2306e+09 -2.91771e+08  -2.9971e+08 -3.71781e+08 -5.15158e+07 -1.63292e+09  1.16594e+09 -4.51202e+08  5.98639e+08 -2.86379e+08 -1.37708e+09  2.14366e+07  1.72968e+09  5.57827e+08 -1.02534e+09 -4.03071e+08 -4.43766e+08  5.12821e+08 -7.99191e+08 -1.33877e+09 -3.98085e+08 -4.45114e+08 -2.23465e+09  1.34211e+09 -3.27917e+08  3.17493e+07  -1.6298e+07 -7.51921e+08  1.02026e+08 -1.35671e+09  2.94157e+08 -6.06665e+08 -2.15525e+09 -1.34573e+09 -3.15052e+08 -5.67668e+08 -3.16573e+06 -6.56912e+08 -8.16482e+08  9.72102e+08   4.6559e+08  7.71969e+08 -2.44983e+09  5.20661e+08  4.25017e+08  1.96306e+09 -3.16854e+08  -2.5559e+08   -1.308e+09 -5.74847e+08  3.11552e+08   1.4877e+09  1.24175e+09 -1.84051e+08  7.21598e+07   2.1135e+08  4.97908e+08 -6.28934e+08  8.60134e+08 -1.63078e+09 -2.08174e+09 -6.49008e+08  -2.5561e+08  5.49051e+08 -4.40333e+08  1.22676e+09 -3.68757e+08  7.54953e+08  -2.4269e+08  1.49576e+09  1.55598e+08  4.72202e+08  2.30441e+08  -4.4072e+08  6.93017e+08 -2.34256e+09  9.54762e+08 -3.94538e+08 -5.88061e+08 -1.31804e+09  6.98564e+08 -3.86163e+08 -4.93076e+08  5.99709e+08  1.23031e+09  -4.9881e+07  4.38913e+07  1.15638e+09 -8.11735e+08  9.20986e+07  1.94294e+08 -7.19886e+08 -7.37584e+08 -2.89403e+08 -6.93901e+08 -5.09148e+07 -1.38396e+09  1.20757e+08  9.30885e+08  1.41789e+09 -7.19563e+08   1.0874e+09  4.82948e+08  2.36316e+08 -1.31156e+08  2.40556e+08 -6.58805e+08 -9.36023e+07 -1.83163e+09 -2.15603e+09  9.56136e+07  -4.9329e+08 -1.12633e+09  -1.7754e+07 -1.48078e+09   1.3291e+09  5.10726e+08  1.34511e+09  7.89109e+08 -1.80286e+08 -6.61371e+08 -1.82478e+09  1.38258e+09 -7.59894e+08 -1.18866e+09  1.48366e+09  1.01404e+09  9.16148e+08  4.48038e+07  6.33135e+08  3.07258e+08    4.608e+08  -7.8227e+08 -4.08468e+08 -9.28388e+08 -6.61043e+08 -1.05384e+09  9.95071e+08  7.32122e+08  1.43949e+09  2.14005e+09
-3.10741e+08  9.06882e+08  1.22444e+09  2.54802e+09  1.39973e+09 -1.61875e+09 -4.91204e+08  4.07882e+08  6.28774e+08  2.03619e+10   3.0362e+08 -1.35032e+09 -1.17743e+09  6.84325e+08 -1.53596e+08 -1.10351e+09 -1.79215e+09  3.71848e+09 -1.35847e+09 -3.13179e+08 -7.94475e+08  1.73825e+09  8.32098e+08 -2.47451e+07  9.93078e+08  -7.8634e+06  -1.2632e+09 -1.18345e+09 -3.25772e+09 -1.10139e+09  7.21774e+08  -4.4939e+08 -1.29409e+09 -4.34468e+08  8.15448e+08  1.89007e+09 -9.04456e+08  5.62341e+08 -1.50845e+09    1.116e+07 -1.35989e+09   2.9144e+08  1.24047e+09 -1.45934e+09  3.98919e+08    1.145e+09 -3.51978e+08  9.39645e+08 -9.12388e+08  1.91196e+09  -5.0342e+08 -2.98112e+08  1.63426e+08  1.70671e+09 -7.03436e+08   9.1089e+07  6.80706e+08 -1.51082e+09   5.2661e+07 -1.46558e+09 -4.58707e+08 -6.51419e+08  6.11391e+08 -1.42241e+09 -9.13457e+08  2.05163e+08  1.23796e+07 -1.70457e+08  1.67463e+09 -5.14817e+08  8.03402e+08 -6.77313e+08   8.0699e+08 -4.41574e+08  1.52252e+09 -3.66724e+08 -1.40124e+09 -4.20347e+08 -1.30166e+09  1.00978e+09 -4.26079e+08  7.86587e+08 -6.71866e+08  5.28419e+08  1.17893e+09  7.97849e+08 -3.06416e+08   7.9037e+08 -3.94397e+08  -6.3347e+07 -1.64275e+08  6.42677e+08 -4.93899e+08   3.2089e+09  3.82285e+08 -1.84289e+09 -7.78991e+08 -5.15397e+08   9.7094e+08 -1.70966e+09  1.28358e+08  5.53562e+08  2.56337e+08  1.42898e+09  6.38065e+08 -8.79454e+08  4.25888e+07 -5.66827e+08  1.13664e+08 -5.47554e+08  9.78154e+08 -8.18511e+08  9.95864e+08  2.62101e+08  9.17162e+08  -9.0116e+08  2.72483e+08  4.22174e+08  6.60326e+08 -8.59907e+08 -1.51783e+09  1.28165e+09 -8.07643e+08 -4.83083e+08  7.35118e+08  2.96443e+08 -8.07968e+08  4.78933e+08  7.31409e+08  -5.5868e+08 -1.21717e+09 -8.61893e+08 -5.73016e+08 -8.30198e+07 -1.03794e+09  8.19857e+08 -1.94108e+08   1.0807e+08  1.94538e+08  5.75128e+08 -1.76964e+09  1.31362e+09 -2.40276e+09  1.73585e+09 -2.12036e+09  4.45496e+08  8.25814e+08 -2.98476e+07 -7.86979e+08  5.33181e+08   1.5754e+09  1.25958e+09  2.86278e+09 -8.44731e+07  4.02869e+08  1.01978e+08 -4.22414e+07 -1.01058e+09 -7.47223e+08 -5.80434e+06 -1.21499e+09 -2.72525e+08  9.07074e+08  4.99701e+08
-4.46775e+08  -3.9147e+09  2.23772e+09 -3.40837e+07 -1.75132e+09  -2.4794e+09  1.21651e+09  1.23258e+09 -2.52085e+08   3.0362e+08  2.43041e+10 -1.08379e+09  -8.1172e+08 -2.94633e+09  3.11354e+09  1.50941e+09  1.22723e+09  2.39809e+09  1.70023e+09 -3.02964e+09 -1.21558e+09  2.08548e+09 -1.63832e+07 -2.75846e+08  1.58752e+09  4.86328e+08  2.30184e+09 -1.71926e+08  2.21016e+08 -4.96046e+08  2.11887e+09  4.17414e+08  2.84746e+08  2.28983e+08  1.19659e+09 -2.42141e+09 -2.78836e+09  2.96317e+09 -5.36317e+08 -9.09991e+08  -1.9346e+09  4.28158e+08 -4.96771e+08 -3.77719e+08  1.19377e+09 -9.01958e+07  -8.3193e+08       865905 -2.10329e+09   1.8193e+08 -2.15567e+09 -1.37803e+09  3.13987e+08 -9.70798e+08  9.73967e+08  7.36241e+08 -4.29888e+08  6.21982e+08 -2.67935e+08  1.40601e+09 -1.00627e+09  1.39483e+08  1.39246e+09  1.93302e+09 -2.13058e+09  1.27265e+09  9.64537e+08  6.95947e+08  1.25233e+09 -8.76037e+08  1.64818e+09  8.34465e+08 -8.92971e+08 -4.53141e+08  2.81671e+08 -2.68839e+09 -7.51025e+08 -7.32406e+08  1.08752e+09  1.35133e+09 -3.85389e+08 -9.23955e+08  1.10351e+09 -1.89305e+08 -8.52894e+07  3.73003e+08  3.84748e+08 -1.67368e+09 -5.53683e+08  1.36591e+06 -1.28215e+09  2.60335e+08 -7.75523e+08  6.24859e+08  8.34052e+08 -1.01705e+09  4.08117e+07  2.24949e+09 -5.96237e+08  7.83502e+08  6.88117e+08 -1.08659e+09  8.54206e+08  1.43491e+09 -1.14006e+09 -8.21893e+08    1.497e+08 -8.41707e+08 -6.05899e+08 -4.86614e+08  2.34674e+08 -9.44683e+08 -4.81748e+08 -1.10215e+09  1.93768e+08   8.8606e+08 -1.43638e+09 -1.05103e+09 -4.78955e+08 -4.08503e+08 -5.97072e+07 -9.04908e+07 -2.82451e+08 -1.46852e+09 -1.14823e+09   2.1476e+08  1.19976e+09  -8.2782e+08  3.45872e+07 -3.42008e+08 -2.91624e+08  5.01816e+08  3.68338e+08  1.67448e+09 -1.33145e+09  2.05805e+09 -2.19624e+08  -1.7962e+09 -2.76101e+09 -3.41753e+08 -1.94508e+09 -1.26065e+09  5.52365e+07  1.05826e+09 -6.65818e+08 -7.86293e+07  5.44499e+08  1.56003e+09  1.52493e+09 -4.43214e+08 -1.53033e+09  3.09181e+08 -1.19313e+09  1.40589e+09 -1.36819e+09  1.23727e+09  5.00609e+08  1.83856e+08 -1.04561e+09  9.05746e+08 -8.48159e+08 -8.25847e+08 -6.71925e+08 -2.01468e+09
-6.42526e+08  2.26062e+09 -1.13742e+09 -7.27136e+07 -1.27484e+08  5.77762e+08 -1.08341e+09 -1.94636e+09 -2.06242e+09 -1.35032e+09 -1.08379e+09  2.08332e+10 -2.15606e+09   4.6406e+07  -4.1834e+08  8.16071e+07 -5.70051e+08 -1.75135e+09 -7.87965e+08 -5.07283e+08 -3.61654e+08   6.6008e+08 -9.87039e+08 -5.58482e+08 -5.89974e+08  2.09603e+09  2.98361e+08 -1.61079e+09 -3.05342e+08 -8.35931e+08  5.13699e+08 -1.04365e+09  3.85971e+08 -1.20334e+09 -1.11874e+09  2.55133e+08  1.63875e+07 -7.15137e+07  1.90003e+09 -5.22689e+08   1.6165e+09 -2.02198e+09  1.55997e+09  6.60153e+08 -2.53721e+09  2.31672e+09  8.78284e+08 -7.16721e+08 -1.58205e+09  4.78455e+08  4.66067e+08  3.19793e+07  6.63879e+08  5.80224e+08 -1.84701e+08 -6.73644e+08  1.19856e+08  1.13595e+09 -1.41374e+09  3.56064e+08   1.9986e+09  7.83414e+08   8.9789e+08  9.98869e+08  4.77072e+08  1.30664e+09  7.81035e+07  1.46357e+09 -5.51932e+08 -6.51698e+08 -4.88261e+08  6.87168e+08 -1.38193e+09  6.99319e+08  1.84532e+09 -4.22544e+07  2.27835e+09 -6.85674e+08  2.42678e+09 -1.34274e+08 -7.56576e+07  2.17243e+08  -1.1225e+08  5.66373e+08 -1.24311e+09 -2.82192e+08 -5.18404e+08 -5.53257e+08  2.12344e+09 -1.90496e+08  5.08623e+08 -6.39186e+08  -7.7856e+08  -4.3869e+08  6.60969e+08 -3.28766e+08 -1.65606e+09 -7.99455e+08 -4.69446e+08 -8.19726e+08  1.57365e+09 -2.28844e+09 -3.03461e+09 -1.07534e+09  1.22706e+09  1.11428e+09  8.62054e+08 -4.33892e+08  8.43287e+08 -1.34763e+08 -3.95097e+08  2.81149e+08  6.73831e+08  4.02664e+08  4.61727e+08 -2.15265e+08 -8.35329e+08  1.68309e+09  8.16328e+08 -5.47879e+08  1.29296e+08 -1.34084e+09 -4.00102e+08 -6.43929e+08  2.05835e+08 -8.41906e+08 -2.73849e+08  8.77539e+08 -1.40815e+09 -1.75123e+09  8.11029e+08  1.32677e+09  1.21378e+09  7.75561e+08  9.55233e+08 -2.02386e+08 -9.09142e+08  8.74403e+08  1.34852e+09   2.6286e+09  -1.2273e+08  3.56742e+08 -3.93402e+08  3.33999e+08  7.83361e+08   2.5956e+09 -4.24159e+08 -4.53674e+08 -1.00003e+09 -1.48347e+09 -1.10441e+08  -1.5354e+08  9.07222e+08 -1.62719e+09  5.24914e+08  2.82208e+08 -4.09944e+08  1.79498e+08 -1.07048e+09 -2.53454e+08  2.84833e+08 -1.04054e+09 -1.53041e+09 -5.56537e+08
-1.93342e+09  3.24689e+09 -3.39786e+09  2.17272e+07  1.92439e+08  5.06355e+08  5.28678e+09   2.5097e+09   9.0004e+08 -1.17743e+09  -8.1172e+08 -2.15606e+09  2.59901e+10 -5.58488e+08 -4.13451e+09  -5.9892e+08  1.59413e+09 -6.83437e+08  2.53184e+09  1.15464e+09 -2.07961e+08  4.80736e+08 -1.29053e+09  9.30925e+08 -5.10162e+08 -2.04981e+08  3.67934e+09 -9.88062e+08 -6.14885e+08  3.82679e+07  8.26187e+08  2.47693e+09  1.94125e+08 -1.48889e+09  7.91435e+08 -1.09496e+09  1.13206e+09 -1.47516e+09  1.16886e+09 -8.00461e+08   -1.819e+09  1.45912e+09  -8.3915e+08  2.55267e+09  -1.3592e+09 -1.01069e+09  2.16937e+09 -6.51379e+08 -1.21597e+09 -1.12299e+07  6.16423e+08 -7.46232e+08  6.85452e+08 -4.53971e+08  1.05495e+09 -8.89851e+07 -2.56171e+09 -8.85056e+08  3.14744e+08 -2.44924e+08 -2.55278e+09  -1.5028e+09 -1.70169e+09 -1.24837e+09  1.15579e+08 -1.64141e+09  1.69413e+09 -3.89651e+08  -1.8916e+08  1.23587e+09   -3.513e+08 -1.05056e+09  9.01582e+07  5.66816e+08 -1.19482e+09  2.13905e+08   2.1633e+09  1.59455e+09  -8.3157e+08  1.28371e+09  1.16128e+09  2.03778e+08  1.46194e+09 -6.12302e+08  3.16286e+08  3.22553e+08  7.42433e+08  2.76831e+08   3.6642e+08 -1.10854e+09 -2.72418e+08 -7.32764e+08 -8.61449e+07  -1.3445e+09  5.52361e+08  1.07352e+09   1.7047e+09 -5.93872e+08  -1.0557e+09   6.5818e+08  9.26542e+08  9.49715e+08 -1.98091e+08  2.05311e+09 -4.36609e+08 -5.59571e+08  9.08338e+08  9.84534e+07   7.0009e+08  1.22272e+08  4.18217e+08  7.56502e+08 -3.25846e+08  1.13904e+08 -6.20801e+07 -7.12464e+08  1.02787e+09 -9.52797e+08 -2.39084e+09  1.57184e+09  3.67725e+08   6.3183e+08 -8.10076e+06 -1.97603e+08  -1.7284e+09 -7.55663e+08  1.54296e+09 -7.89847e+08  7.91125e+08   2.0493e+09  8.65953e+08  2.38134e+08 -9.21595e+08   2.3656e+08 -2.66501e+09 -3.88872e+08 -8.98232e+07 -6.10356e+08 -8.33292e+08 -6.59054e+08  1.65444e+09 -6.75199e+08  8.32264e+08  1.46637e+09  6.51599e+08 -1.46246e+09 -2.83806e+08 -2.16941e+08  1.11247e+09  1.63578e+09   1.4557e+09 -2.36137e+08  1.06469e+09 -1.69078e+09 -3.45214e+08 -1.25918e+09  -9.4311e+08 -2.54219e+08  1.16079e+09 -8.18604e+08    8.125e+08 -7.77328e+08  4.66669e+08  5.36627e+08
 6.33975e+08 -2.14878e+09 -1.53654e+09 -8.11172e+07  9.90216e+08 -1.80519e+08 -2.49675e+09 -1.24823e+09  4.10749e+07  6.84325e+08 -2.94633e+09   4.6406e+07 -5.58488e+08  2.07291e+10  1.02102e+09 -9.69487e+08  4.34067e+07 -5.61529e+08 -5.88764e+08  2.04532e+09 -1.35626e+08  -2.8368e+08  2.12326e+08  5.01611e+08  9.89059e+08  4.95619e+08 -2.43642e+09  8.34744e+08  2.66548e+09  1.04087e+09 -1.51694e+09  6.73329e+08 -2.36856e+09 -6.62474e+08 -5.81032e+08  5.75695e+08 -1.93615e+07 -2.34005e+09 -1.60717e+08  1.73311e+09   2.1846e+09 -2.19348e+08  6.09508e+08 -1.54063e+09 -8.72275e+08  4.89594e+08 -1.79732e+09  8.90603e+08 -1.37486e+09  4.24492e+08  -7.9157e+08  -9.9688e+08  6.82029e+08  1.58291e+09  -1.2268e+08  2.38473e+09 -5.78485e+08  4.26533e+08  1.56178e+09 -1.97337e+08 -1.16275e+08  6.41831e+08  2.46016e+08 -1.35183e+09  5.74224e+08 -8.83325e+08  2.27429e+08  3.22824e+08 -1.65108e+09  4.02174e+08 -1.36486e+09  1.05917e+09  4.89647e+08  -7.4327e+08  1.49384e+08   2.6286e+08 -8.20882e+08  3.80377e+08  9.91802e+08 -7.62942e+07  7.38025e+08  1.18756e+08 -1.08991e+09  1.16238e+09  4.64505e+08 -6.75044e+08  1.81063e+09  5.72822e+08 -5.99847e+08  6.23105e+08 -9.03096e+08  1.77468e+09  1.01208e+09 -8.61376e+08  1.00355e+09  1.11023e+09  1.54572e+09  -8.7423e+08  9.47737e+08 -1.02199e+09   5.8329e+08 -3.02508e+08 -4.38684e+08  3.77784e+07  4.46326e+08  3.02933e+08  6.96735e+08   -6.474e+07 -1.03032e+09 -3.91574e+08  1.23644e+09 -7.59728e+08  -1.5755e+08  1.65465e+09 -7.13453e+08 -3.51705e+08  1.36778e+09   6.5893e+08 -1.84515e+08 -1.64137e+09 -1.10276e+09 -3.06746e+07 -8.42867e+07  1.78702e+09  1.05648e+09 -1.48141e+09 -4.92967e+08  1.84591e+09  5.27902e+08 -6.14076e+08  1.70073e+09  1.99498e+07   -7.213e+08 -3.66714e+08 -1.10583e+09  -1.5584e+09 -8.50264e+08  1.79978e+08  2.42666e+09 -1.48907e+09  1.03941e+09  8.14097e+08  1.74111e+08  9.03493e+08   7.3281e+08  2.53784e+08 -1.50683e+09 -1.30245e+09 -1.45197e+09  1.89155e+08 -7.34354e+08  -4.4249e+08 -8.93055e+08 -2.93709e+08  4.43053e+08 -6.84545e+07 -5.45053e+07  2.15704e+08 -1.20265e+09  2.34713e+08  9.77287e+08 -9.54996e+07  -7.9675e+08 -5.03463e+07
 2.17953e+09 -7.11057e+09  5.10594e+09 -5.32093e+08  -3.0134e+08 -4.45035e+08 -5.07067e+09 -2.43655e+09 -1.50742e+09 -1.53596e+08  3.11354e+09  -4.1834e+08 -4.13451e+09  1.02102e+09  2.62495e+10   -1.281e+09  1.05475e+09  3.47906e+07  1.00921e+08  2.24334e+09  1.35503e+08  3.14682e+08 -1.39375e+09  4.49365e+08 -4.72751e+07  1.06275e+09  3.47776e+08  7.27257e+08 -7.90275e+08  1.76395e+09 -1.47701e+09 -3.09577e+09 -9.97865e+08  2.14282e+09   3.2312e+08  2.10938e+09 -2.15532e+09  3.86258e+08 -1.37624e+09 -1.67584e+09 -1.39376e+09  1.32507e+09  6.31778e+08 -2.27536e+08  2.14306e+09 -2.09822e+09 -1.33671e+09  1.33686e+09 -2.15009e+08  8.22538e+08 -2.55042e+09 -8.76355e+08 -1.24145e+09 -2.04573e+09 -9.68409e+08  1.09519e+09 -4.96423e+08 -4.70307e+08 -1.78808e+09 -7.83092e+08 -1.26507e+09  8.26983e+08  4.83158e+07 -1.23396e+09  2.54579e+08  1.53018e+09 -9.93374e+08  1.79774e+09  3.47478e+08 -5.44637e+08 -4.48985e+07  3.85579e+08 -9.65699e+08 -1.29451e+09  3.52394e+08  3.88438e+08 -7.30612e+08  6.80676e+06 -6.89046e+08  2.27276e+09  9.73608e+07 -2.02455e+09 -7.30027e+08  3.18799e+09 -3.63282e+08  2.22186e+09 -3.27282e+08 -4.06059e+08 -2.88754e+09 -8.01715e+08  1.94557e+09 -4.89565e+07 -1.68217e+09  2.92652e+07  1.71407e+09  6.42871e+08  9.59568e+08  1.36804e+09  2.41844e+08  7.99176e+08  3.25788e+08 -7.71153e+08  9.93969e+08    2.286e+09  4.35007e+08 -1.61576e+09 -2.34518e+08  1.00885e+09 -1.87308e+09 -1.29912e+09  3.62152e+08  -1.4209e+09  7.67379e+08  1.27152e+09  8.28165e+08 -4.50728e+08 -1.55947e+08 -1.91466e+08  5.43807e+08  1.11418e+08  5.23949e+08  5.73276e+08 -3.34546e+07 -2.09235e+08  2.48221e+09 -6.01243e+08  1.33212e+09  -6.0419e+08  9.04911e+08 -3.10333e+08 -6.67246e+08 -5.17219e+08  8.85753e+08  1.76375e+09 -7.00946e+08  8.95422e+08  1.08656e+09 -1.46422e+08  2.06056e+08 -7.57724e+08  -5.0654e+08  1.58159e+09 -3.09213e+08  2.10075e+08  6.85652e+08  1.54676e+09  1.72453e+09 -1.01447e+09  6.99587e+08  -9.4779e+07 -1.26766e+09 -8.42518e+08 -1.51939e+09 -1.01914e+09  1.00555e+09 -1.22766e+09  1.19514e+08 -9.75135e+08 -8.15537e+08  1.67685e+09  6.08094e+08  1.08954e+08  1.57722e+07 -1.35161e+09
-9.30638e+07  1.01516e+09 -8.57283e+08  2.64584e+09  1.89912e+09  3.86343e+07  7.64213e+08  7.78953e+08  -2.1248e+08 -1.10351e+09  1.50941e+09  8.16071e+07  -5.9892e+08 -9.69487e+08   -1.281e+09  2.15956e+10  2.49028e+08 -3.27182e+08   -2.504e+08  4.85635e+08  6.60656e+08  8.54975e+08  1.33172e+09 -8.12437e+08  -8.8143e+08  1.78169e+08   -9.538e+08 -6.98771e+08 -1.83237e+08 -7.10259e+08  5.05093e+08 -4.34055e+08 -7.71922e+08 -5.72662e+08 -5.92846e+08 -1.51916e+09  1.23384e+09 -2.16594e+07 -1.40018e+09 -1.11434e+09  5.43779e+08 -1.60284e+09   2.1185e+09 -8.96248e+08  1.89656e+08 -1.03303e+09  2.76477e+09 -5.42634e+08  -1.0996e+08 -2.50506e+09 -1.40311e+08  1.67741e+08  3.45562e+08  4.58653e+08 -7.43621e+08 -3.48147e+08  3.98767e+08  5.35974e+08 -2.21333e+09 -9.27425e+07  -4.3759e+08  3.44498e+08  1.03822e+09  8.35431e+08  6.05834e+08  1.12606e+09  4.60457e+08  2.99344e+06  1.31053e+09  6.23248e+08  1.34852e+09  -1.7494e+09 -4.74489e+08  7.39567e+08  -7.8483e+08  2.91759e+08 -7.36226e+08 -1.32423e+09 -1.36561e+08  -1.9496e+08 -1.48861e+09 -7.27348e+08 -7.10757e+07  1.85848e+08 -1.60387e+09  1.88588e+09 -9.10117e+08 -8.90779e+08  5.47643e+08  -1.2145e+09  4.13248e+08  1.72394e+09 -6.25891e+08 -6.06575e+07  1.14346e+09  1.77756e+09 -8.18529e+08 -1.44235e+08 -1.33013e+09  1.27806e+09 -1.60151e+08 -2.97494e+08  7.52611e+08 -5.49566e+08 -7.65937e+08  1.20185e+09   1.2076e+09 -1.40273e+09 -1.09396e+09 -6.47302e+08  5.17715e+08       348465  1.87277e+08 -1.41925e+09  4.36062e+08  1.73479e+09  5.80852e+07 -9.96959e+08  2.40458e+08 -8.20575e+07 -2.77498e+08 -6.75214e+08  6.02928e+08 -1.25556e+08  4.99379e+08 -6.58072e+08 -7.49479e+08  5.25379e+07  1.75189e+09 -4.25816e+08 -4.82956e+08 -2.31088e+08  8.68039e+06  4.04825e+08 -2.43159e+08  1.30233e+08  2.60106e+08  1.35084e+09 -1.71857e+08  5.37655e+08   1.5684e+08 -3.44213e+07  2.92155e+08 -6.41797e+08 -9.55144e+08 -6.36906e+07 -2.55235e+08   1.2397e+09 -8.86472e+08 -5.66106e+08 -2.24288e+09  1.23401e+09  9.21595e+08  2.87626e+08  3.86568e+08  5.18163e+08  1.27515e+08 -7.05961e+08 -5.88809e+07  4.50167e+08  9.85474e+07 -4.10301e+07  8.19347e+08 -2.82788e+08
 -8.0911e+08 -1.45002e+08  5.60778e+07  1.12512e+09 -4.93415e+08 -5.20284e+08  1.17036e+09  4.62951e+08  1.82443e+09 -1.79215e+09  1.22723e+09 -5.70051e+08  1.59413e+09  4.34067e+07  1.05475e+09  2.49028e+08  2.10419e+10 -1.98924e+09  1.76994e+09  1.94858e+09  1.89343e+09  3.63082e+08 -2.19359e+08  8.29483e+08  4.29049e+08  1.45618e+09  2.07572e+09  2.77462e+08  1.54305e+09  2.00321e+08  5.41336e+08  5.70032e+08  2.04086e+09 -6.43459e+08  1.93071e+08  -2.0374e+08 -2.73692e+07 -1.08252e+09 -2.15551e+09  1.34802e+09  1.26026e+08  1.44357e+07  6.40356e+08 -1.68651e+09  4.48654e+08  3.87907e+07  6.37883e+08  1.50611e+09 -3.41415e+08 -7.63739e+08  2.04446e+09 -8.11022e+08   3.6413e+08 -7.67523e+07 -1.66124e+09 -8.22532e+08 -2.51667e+09  -4.2161e+06  3.15596e+09  5.47963e+08 -1.51432e+08  5.53952e+08  1.39969e+09 -1.96106e+08    3.021e+08  3.58059e+08  1.19341e+09  5.07204e+08  -9.5068e+08 -1.47271e+08  2.08741e+08  1.47202e+09 -9.00487e+07   7.9837e+08 -1.21794e+08 -2.02134e+09 -2.10402e+09  1.00281e+09  1.17003e+09 -3.21379e+08  9.66687e+07  -1.0364e+09 -1.69745e+09  1.04999e+09 -1.09638e+08  1.39008e+09  2.18012e+08   -1.363e+09 -9.37082e+08 -9.16688e+08 -2.05177e+08 -1.81178e+09  5.18729e+08  1.77312e+09  1.23277e+09 -2.16346e+08  1.05474e+09  1.57812e+09  2.23867e+08  7.21714e+08 -1.33231e+09  6.40938e+07  8.60256e+08   8.9312e+08 -1.15239e+09 -1.24986e+09  1.41395e+09 -5.50261e+08 -1.66196e+09       691538  5.21351e+08 -1.57599e+09   -4.833e+07 -2.68709e+08 -1.11125e+09  1.14392e+09  1.04774e+09 -8.63779e+08 -1.96217e+09  8.05632e+08  2.39208e+08 -3.02992e+08  3.29189e+08  4.89425e+08  1.11214e+09 -4.65454e+08  4.57941e+08  3.77511e+08  1.84852e+08  6.32051e+08 -6.56533e+08  -1.1275e+08    5.919e+08  4.00417e+08 -2.93935e+08 -3.64894e+08  8.95159e+08 -2.24198e+07 -1.01688e+09   4.3861e+08 -2.91287e+08  1.27377e+09 -5.72979e+08    -7.59e+08  1.82592e+09 -9.73799e+08 -8.48005e+08  9.11995e+08  1.98941e+09  1.08932e+08 -1.35674e+08 -1.36533e+09 -1.97409e+08 -1.26632e+08 -3.53964e+08  1.16089e+09   1.1526e+09  1.29222e+09  1.47973e+08  -2.9444e+08  1.25655e+09 -2.14395e+08 -3.77112e+08  3.80209e+08
  7.0878e+07 -7.42622e+08  1.67973e+09 -6.48461e+08 -1.81786e+08 -1.31377e+09 -7.55146e+08  2.43327e+09 -1.81132e+09  3.71848e+09  2.39809e+09 -1.75135e+09 -6.83437e+08 -5.61529e+08  3.47906e+07 -3.27182e+08 -1.98924e+09  2.14322e+10  1.20511e+09  3.91165e+08 -1.15202e+08 -1.88222e+07  1.34254e+08  1.56224e+09  1.21648e+09 -1.27276e+09  5.62576e+08 -1.36278e+08  3.15567e+08 -2.15271e+08  7.18693e+08 -1.30886e+09 -3.38685e+07  3.63875e+08   1.8884e+09 -8.92425e+08  4.59996e+08  1.78292e+09 -2.11916e+09  -1.8814e+08 -1.53566e+08 -3.25254e+08  4.99991e+08  4.31165e+08  4.95079e+08  2.32157e+09  5.66003e+08 -1.88555e+09  3.23673e+08 -7.37165e+08 -1.82888e+09  -1.1597e+09 -1.89576e+09  1.77023e+09   5.0065e+08  8.62968e+08  1.48439e+09  9.82315e+08 -4.36882e+08 -5.24029e+07 -6.19415e+08 -2.28063e+08  3.84384e+08 -1.57664e+09 -1.67222e+09 -4.76067e+08 -1.91138e+09 -1.72669e+09 -4.89715e+08  4.00138e+08  1.31887e+09   6.5414e+07 -3.24631e+08  8.08469e+08  6.79293e+08 -1.60735e+09 -9.61933e+08  -1.6358e+09 -4.97246e+07   2.4623e+09 -2.03194e+08   7.9558e+08    5.523e+08  9.64865e+08  5.77357e+07  2.88885e+08  -3.4338e+08   3.6673e+08 -9.77163e+08   6.3001e+08 -2.26675e+08  1.26471e+09  1.73212e+09  1.02031e+08 -1.36429e+09 -1.13018e+09 -2.01505e+08 -4.14848e+08  3.22838e+08 -1.20967e+09  3.58164e+08 -7.86628e+08 -1.44869e+08  1.08279e+09  1.21548e+09  2.83078e+08   6.1113e+08 -9.30905e+08  2.07377e+09  -6.0865e+08 -4.12517e+08 -2.27069e+08   5.4867e+08 -8.47603e+07  1.00541e+09 -6.03464e+08  6.84256e+08 -4.82247e+08 -5.98476e+08  -2.2084e+09  8.56642e+08  1.33496e+09   2.5907e+08  5.42022e+08 -8.34633e+07 -6.75365e+08  1.05537e+08  8.39407e+08  8.83817e+08  1.46098e+09 -1.67909e+08 -4.74814e+08  1.28964e+09  8.17958e+08  2.22712e+08  5.74844e+08 -1.66627e+09 -1.28606e+09 -9.34517e+08   5.9269e+08 -1.37266e+09 -1.02355e+09 -2.19577e+08  1.86084e+09 -2.36928e+09 -1.57695e+09  6.17854e+08  1.59541e+09  9.78801e+08  3.88435e+08 -1.95736e+09  -4.8424e+07  1.18904e+09  6.88213e+08  1.25796e+08   5.2503e+08  3.60461e+08  3.42347e+08 -2.71874e+08  2.35222e+09 -1.57352e+09 -5.01886e+08  1.41566e+09 -9.43002e+08
