 4.79104e+12 -6.43686e+12  2.13129e+12 -1.17589e+12    8.846e+11 -1.22554e+12 -5.65395e+12 -3.35141e+12   8.1082e+11 -6.36552e+11 -9.15212e+11 -1.31621e+12 -3.96061e+12  1.29869e+12  4.46477e+12 -1.90645e+11 -1.65746e+12  1.45192e+11 -1.08819e+11 -2.39519e+11 -1.15836e+11 -4.00479e+11 -7.25452e+11 -4.09256e+11  4.31681e+09 -2.01099e+11 -2.09702e+11 -1.47123e+09  1.28283e+10  1.52276e+12 -1.14279e+12 -8.82766e+11 -1.01133e+12  7.19352e+11  5.98698e+10  5.59576e+11  6.03119e+11 -5.96651e+11 -3.12652e+08 -5.77204e+11  1.86188e+12  1.84018e+11  1.64073e+12  2.06481e+11  1.71902e+12 -1.09397e+12  2.45515e+11  3.55942e+11  1.51738e+12  -1.2171e+11  -1.7884e+12   2.7984e+11 -1.08874e+12 -1.44589e+12 -1.82384e+12 -4.57205e+10  1.59307e+12 -1.13864e+10 -2.14158e+11   8.6711e+11 -1.20331e+11  7.34647e+11 -7.66891e+11 -4.32868e+11  5.32338e+11 -9.44256e+11 -7.71367e+11  2.84834e+11  3.85146e+11 -2.42268e+11  1.12869e+12 -1.36715e+12  4.31615e+10 -2.72762e+11  6.48863e+11  1.24802e+12 -1.26167e+12 -2.43408e+12 -5.64251e+11  2.29773e+11 -2.35467e+10  5.49391e+11 -1.01774e+12  8.52321e+11 -1.78475e+11  7.37422e+11  5.02161e+11  6.08268e+11 -6.17913e+11  8.38363e+11  6.20967e+10  2.35729e+11 -4.73364e+11 -2.47618e+11  1.95168e+11   8.0621e+11  1.29327e+12 -1.14224e+11 -1.50282e+11  7.27587e+11  4.84277e+10  2.38436e+11  -1.1708e+11  5.54327e+11 -4.00294e+11  9.56792e+11   3.7577e+11 -5.10378e+11 -1.71123e+12  6.43817e+11  4.60333e+11   3.1599e+11  1.00634e+12  1.54985e+12  1.01085e+12 -6.07793e+10 -1.94651e+10  1.15779e+12  6.03454e+11  -4.6052e+11  1.06264e+12 -2.28146e+11 -1.40637e+12  1.04586e+12  4.73415e+11 -3.71264e+11 -3.47583e+11  7.25966e+11 -1.65645e+12 -3.71472e+11  1.58437e+11 -3.84526e+11 -8.72525e+11  1.23259e+12  5.92562e+11  5.25353e+11 -1.72865e+11  5.01254e+11  8.40833e+11 -6.05432e+11   1.1146e+12  1.87352e+11 -6.37291e+11  3.12253e+11 -2.18018e+11 -2.55798e+11   1.1278e+12  -8.0868e+11  3.72592e+11 -1.74962e+11  -9.4897e+10 -1.21405e+12 -1.96581e+11  -4.7132e+11  1.02802e+12 -7.32579e+11 -8.72003e+11 -5.37983e+11 -6.85544e+11  3.94731e+11   7.2802e+11  3.05316e+11 -2.55475e+11 -2.71663e+10
-6.43686e+12     4.52e+13  -7.9752e+12  8.55553e+12  5.70003e+12  4.32847e+12   1.6632e+13  7.48174e+12  1.59764e+12  1.85775e+12 -8.01925e+12  4.63087e+12  6.65127e+12 -4.40175e+12  -1.4566e+13  2.07956e+12  -2.9702e+11 -1.52126e+12 -1.02896e+12 -3.36964e+12  1.60259e+12  -6.6188e+12  1.92728e+12 -4.14857e+12  5.65603e+11  4.44754e+11  7.42881e+10  1.60647e+11 -2.95656e+12 -9.00991e+11  8.47144e+11  1.53209e+12   8.5986e+11 -3.18238e+12  -4.5992e+12  7.99183e+10  1.93903e+11  1.65805e+12  -1.8523e+10  1.88788e+12 -2.95509e+12 -9.63112e+10  -4.4215e+12  4.92567e+12 -3.00555e+12 -1.00265e+12  1.96118e+12  5.50746e+11  6.79886e+10 -3.17683e+11  4.74792e+12  4.64076e+12  1.45275e+12  2.85536e+12   2.5227e+12 -3.11207e+12 -8.43886e+11 -4.81492e+12 -8.59128e+11 -1.39599e+12  2.71884e+12  -4.1437e+12  5.86641e+11   2.5108e+12 -1.56543e+12  -3.5795e+12 -2.87672e+11 -5.01681e+12  3.98386e+11 -4.56939e+12  -1.7544e+12  1.21997e+11 -2.74407e+12   7.8305e+11 -2.27284e+12 -5.49565e+11  1.48661e+12  1.15776e+12  1.42097e+12 -1.86848e+12  1.81041e+12 -2.60021e+12 -2.40376e+11 -3.71398e+12  2.52484e+12  -1.3641e+12  5.99666e+11  1.95983e+12 -2.51197e+11 -3.78856e+12 -8.84159e+10 -1.25505e+12  2.54858e+12 -5.01649e+12  -6.5328e+11  1.03317e+12 -3.88626e+12 -2.90001e+12  2.72794e+12 -1.14607e+12  1.86482e+11    9.001e+11 -9.87762e+11 -2.64773e+12  1.38065e+12  1.12168e+12  1.41487e+12 -2.34805e+11  4.74473e+12  -3.1571e+12  1.58175e+12  1.19465e+12 -1.47105e+12  -1.7097e+12 -2.84173e+12 -2.20619e+12   1.4389e+12 -2.31136e+12 -2.95046e+11  -7.7196e+11 -1.89175e+12  3.48654e+12 -2.84918e+11 -1.73921e+12  6.11941e+11  7.57937e+11 -6.73341e+10 -1.44587e+12  2.93241e+11   3.4005e+11  1.80718e+12  3.45903e+11  -2.1541e+12 -1.67161e+12 -1.26697e+12 -3.91885e+12  -1.9517e+12  1.05811e+12  2.58394e+12  2.76449e+12  4.16467e+11  4.81841e+12 -3.42536e+11 -3.95669e+10  2.11025e+12  1.35364e+11 -3.89506e+11  -5.1172e+10  -3.2991e+12 -2.56083e+11  1.12124e+12  2.65298e+12   1.7095e+12 -4.08152e+11 -1.78719e+12  9.28386e+11 -1.52872e+12 -1.91786e+12  1.53177e+12 -2.39101e+12  3.15011e+11 -1.28585e+11  5.63971e+11  1.51116e+12
 2.13129e+12  -7.9752e+12  3.41226e+13 -4.60679e+11  1.67677e+12 -3.74914e+12  -5.8159e+12 -2.83678e+12  3.60396e+12  2.50825e+12  4.58395e+12 -2.32999e+12 -6.96053e+12 -3.14759e+12  1.04595e+13 -1.75613e+12  1.14873e+11  3.44091e+12 -1.50368e+12 -1.15721e+12  1.90414e+12  -5.3665e+11 -2.22382e+11  -5.2556e+11  1.39706e+12  1.65119e+12   5.2442e+11 -9.23081e+11 -7.87382e+11  4.12987e+12  3.93049e+11  7.21988e+11 -1.20671e+12  3.03451e+12 -9.67922e+11 -9.36389e+11  1.22011e+12  1.87339e+12 -2.96895e+12  1.18935e+12 -7.39742e+11   1.6102e+12  6.03297e+11 -7.89166e+11   3.1931e+12  2.26621e+12 -1.26709e+12 -5.32396e+11 -7.28091e+11 -9.46656e+11 -1.51878e+12 -1.31202e+12 -1.32954e+12 -1.37962e+12 -4.71755e+12   1.8844e+12 -6.06232e+11 -1.45165e+12  1.67111e+12 -1.89807e+12 -1.02515e+12 -1.16905e+12  6.94842e+11 -4.18211e+12  8.22234e+11 -5.99901e+11  4.28867e+10  -9.0825e+11    2.352e+12  -1.7277e+12  2.77242e+12 -9.76839e+11  1.58519e+12 -2.87891e+12 -1.78865e+11 -1.03674e+12 -4.79665e+12 -6.08488e+11 -1.21962e+12   1.1009e+11 -2.50887e+11  2.79025e+11  2.63195e+10 -3.71508e+11  1.11779e+12  1.55615e+12 -2.01435e+11  1.92467e+12 -5.93385e+12  9.41005e+11  1.92705e+12 -3.37823e+11 -4.91896e+11   2.4529e+12  1.45446e+12 -1.21384e+12 -9.91991e+10  3.11618e+12  2.51694e+12 -1.09458e+12 -2.92325e+12 -6.89261e+11    7.094e+11  2.06263e+12  1.14857e+12  2.41373e+12 -9.01657e+11 -1.95481e+12 -1.09296e+11 -1.25461e+12 -1.32639e+12 -8.22207e+11  3.12752e+12 -1.42188e+12 -7.73258e+09 -2.64909e+11  1.99447e+12  -9.0901e+11 -1.98513e+11 -2.80533e+12  2.66855e+11 -5.62169e+11  1.82978e+12  2.40996e+12 -3.01108e+10  3.26837e+12 -3.02331e+12   1.4112e+12 -1.61792e+12  2.89646e+11 -3.81829e+12 -2.06561e+12  2.10597e+11  1.56049e+10  2.39705e+12  3.30797e+11  1.08728e+12  2.76498e+12  -1.4724e+12  -2.3165e+12 -2.69469e+12  2.71027e+11  1.88382e+12 -1.93945e+12  1.33238e+11   -1.757e+12  1.34426e+12  3.83589e+11  3.27027e+12  1.55933e+11 -3.18297e+11 -8.38456e+10 -2.06981e+12  1.04967e+12  2.60499e+12 -3.49606e+12  3.48707e+11 -8.20535e+11 -1.06555e+12  8.88421e+11  1.36122e+12  -2.0014e+11  7.64534e+11 -1.61678e+12
-1.17589e+12  8.55553e+12 -4.60679e+11  4.34186e+13  6.24808e+12  3.46197e+12  3.43655e+11 -2.83361e+12 -5.39456e+12  5.21962e+12 -6.98265e+10 -1.48942e+11  4.45179e+10 -1.66165e+11    -1.09e+12     5.42e+12  2.30479e+12 -1.32836e+12  1.75573e+12 -1.88896e+11 -1.80994e+12  -7.6584e+11  1.17364e+12  9.57516e+11 -2.39717e+12  1.46629e+12 -2.21226e+12  -5.0104e+12  -6.9739e+11 -2.88549e+12  1.04821e+10 -1.68965e+12  -4.3378e+12  3.09145e+11 -9.53847e+11 -2.82616e+12 -3.62853e+11  3.15172e+12 -2.80183e+12  3.10129e+12 -1.65328e+12  2.06275e+12  7.86438e+11 -1.99057e+12 -1.02926e+12  -2.8343e+12  1.00291e+12  6.86399e+11  8.35331e+11 -1.18581e+12  8.82797e+11   3.8499e+12 -1.37362e+12 -7.04551e+11 -1.12041e+12  2.19302e+12  2.98465e+11 -1.62065e+12 -2.33054e+12  -2.0204e+12  2.72639e+11 -6.72626e+11 -1.35511e+11 -7.62897e+11 -4.20653e+12 -4.39821e+11  5.76775e+12 -4.04191e+12 -1.00813e+12 -1.39513e+12 -5.98286e+11  1.91915e+12 -2.45717e+12  1.35709e+12 -2.58998e+12 -3.96219e+12 -6.39969e+11  3.08393e+12 -3.01627e+12 -5.21369e+11 -2.30999e+11 -1.72777e+12  3.27269e+11    9.443e+11   3.0538e+11  1.68707e+12  2.32917e+12 -2.81774e+12  1.63585e+11 -5.28405e+12  1.75063e+12  1.15581e+12  1.52586e+12 -2.44689e+11  3.94013e+12  2.46339e+12  5.86157e+10  3.03171e+12  8.18165e+11 -1.41044e+12  2.67236e+12  3.52413e+12  1.09813e+12 -7.36252e+11 -1.68738e+12  5.05432e+12  2.26002e+12 -2.84252e+12  4.74922e+12 -3.05423e+12  1.28557e+12 -6.37475e+11 -2.14533e+12  6.36011e+10 -7.35396e+11   4.5783e+12  2.85769e+12 -1.40466e+12  8.42763e+11 -6.99216e+11  -6.1097e+11  1.19664e+12   4.1769e+12 -8.34051e+11  1.34332e+12 -5.00559e+12  5.44827e+11 -1.92754e+12  9.56775e+11 -2.64818e+12  1.81482e+12 -1.09721e+12  -2.5386e+12  -1.3965e+12  -7.8262e+11 -2.69972e+12 -5.03822e+10 -1.09225e+12  1.69439e+12  6.15334e+11 -1.13371e+12  1.22199e+12  1.00205e+11  6.53144e+09  1.64779e+12 -3.38521e+12 -2.64162e+12 -6.83471e+10 -1.95062e+12 -4.93682e+11 -1.20507e+12  1.20489e+12 -3.23548e+11  3.41955e+11  9.97407e+11 -5.34905e+11  4.35857e+10 -5.84832e+11  1.27336e+12 -1.58394e+12 -1.19189e+12 -3.47865e+12  5.36151e+11 -2.30113e+12
   8.846e+11  5.70003e+12  1.67677e+12  6.24808e+12  3.34402e+13 -5.16117e+12 -1.89316e+12 -2.04881e+12  3.51173e+12  2.86734e+12 -3.58758e+12 -2.61152e+11  3.94219e+11  2.02845e+12 -6.17299e+11  3.89034e+12 -1.01075e+12 -3.72384e+11 -5.15581e+11  1.65989e+12 -1.37798e+12 -2.15772e+12  2.10529e+12 -4.25176e+12  1.18645e+11  3.15134e+11 -4.53928e+12 -1.80363e+12 -2.05857e+12 -8.12751e+11 -2.11187e+12 -4.56492e+11 -1.69284e+12  -8.8243e+11 -2.96146e+12  1.45834e+12  6.89719e+11  1.44049e+12 -4.73409e+11  2.05922e+12 -9.78992e+11  3.04227e+12  1.11978e+12  8.95291e+11 -1.44013e+12  -4.2827e+12  2.49754e+12 -1.58578e+12  2.26922e+12  7.25219e+11    1.285e+12  3.41747e+12  9.00097e+11 -5.76601e+11 -2.32995e+12 -5.71996e+11  1.13522e+12 -2.02448e+12  -3.0286e+12  -1.5912e+12 -4.97624e+11 -4.23434e+12 -2.64956e+12  9.59792e+11 -1.86549e+12  -1.2669e+12 -1.18584e+12 -3.79637e+12  2.33931e+12 -2.74185e+12  8.11597e+11  1.99406e+12  1.72509e+11  7.30999e+11 -2.51747e+12  9.45247e+11 -1.56949e+12 -1.60641e+11 -2.79016e+12 -8.15764e+11  2.44664e+12  8.30702e+11   4.9824e+11 -2.99868e+12  3.98788e+12 -6.18961e+11  1.71356e+12  1.96848e+12 -2.15062e+12 -6.74699e+11  2.02465e+11  9.09999e+11  2.08041e+12 -1.61075e+12  1.63652e+12 -7.76631e+11 -7.36248e+11 -6.34372e+11  -4.8223e+11  2.40596e+11  1.37588e+12  2.54455e+12 -2.75173e+12 -8.29358e+11 -8.13052e+11  2.43387e+12   2.4445e+12 -1.72983e+12  1.35393e+12  1.22232e+12  2.28425e+12  9.34511e+11 -2.51856e+12  1.83845e+12  8.92389e+11 -3.90873e+11  3.25423e+12 -1.02444e+12 -1.10459e+12 -1.67278e+12 -1.51884e+12  2.92033e+12  8.88482e+11  9.26753e+10  7.15182e+11 -1.63287e+12  1.11024e+12  9.72522e+11 -9.12894e+11 -1.68567e+11  3.55243e+12 -1.30015e+12 -1.89958e+12  -2.1238e+12  1.73117e+12 -2.56434e+12  1.10566e+12   -7.598e+11  2.21321e+12  7.62502e+11  9.06897e+11  1.10021e+12 -3.42953e+12  2.32873e+12 -3.25988e+11 -1.68699e+12  6.20519e+11 -2.79522e+12 -2.37704e+11 -1.03541e+12 -1.63234e+12  2.22306e+11  2.06318e+12  7.90633e+11   2.1159e+12 -6.35301e+11  7.16185e+10 -1.95746e+12 -1.05261e+12 -1.81564e+12   1.0196e+12  8.81646e+11  2.06899e+12  -8.3382e+11
-1.22554e+12  4.32847e+12 -3.74914e+12  3.46197e+12 -5.16117e+12   3.7613e+13 -3.39809e+12  4.24024e+12 -5.33063e+11 -3.31601e+12 -5.07907e+12  1.18354e+12  1.03727e+12 -3.69793e+11 -9.11662e+11  7.91377e+10 -1.06581e+12 -2.69123e+12 -7.99023e+11  5.04083e+12 -4.10089e+11 -4.81621e+12 -3.72781e+12   1.9414e+12  5.67817e+11  3.35969e+12 -1.65098e+11  1.24281e+12  1.88707e+12 -2.21497e+12  1.30207e+12 -1.25815e+11  8.36894e+11  9.72438e+10  -4.2701e+12 -6.74165e+10 -1.61294e+12  1.47393e+12 -2.83894e+12 -6.55059e+11  2.59939e+12  2.89999e+12  3.91594e+11  1.00013e+12  2.40988e+12   2.2726e+12  1.97454e+11  2.22469e+11   9.0476e+11 -1.56669e+12  1.35773e+12   3.3046e+11  2.78778e+11 -2.59364e+12 -2.47382e+12 -1.77305e+12  2.65803e+12  2.97878e+12  2.97256e+11  3.42795e+12  1.56277e+12 -1.27151e+12  1.31793e+12  5.61183e+11  1.93276e+11 -6.90316e+11 -5.07981e+11 -2.50878e+12  1.47811e+12 -7.62732e+11  1.20596e+12  2.01481e+12  2.39085e+12 -1.24521e+12 -2.38504e+12 -6.77362e+08  2.06146e+12 -6.25746e+11 -6.71595e+11  1.60111e+12  2.44725e+11 -2.87795e+12  1.49082e+12   3.5454e+10 -4.21509e+11  1.05983e+12  8.32127e+10 -3.53031e+11 -1.91104e+12 -2.21687e+12  1.02825e+12  -1.4573e+12 -2.50991e+11 -2.45481e+12 -1.42218e+12  4.30804e+11  1.40237e+12   1.5905e+12 -3.03856e+12 -1.07441e+12  3.20944e+12  8.87198e+10  3.72666e+11  -2.8415e+12 -1.87771e+12  5.85189e+11 -2.43891e+12   2.2607e+12   6.0782e+11  9.54885e+11 -2.10998e+12  1.17821e+12 -1.66866e+12  3.21144e+11  -9.9178e+11 -3.00262e+11 -1.68149e+12 -4.71332e+11  1.53818e+12  9.48963e+10  5.10134e+11 -1.64591e+12 -1.44076e+12 -3.31798e+12 -7.47037e+11  -4.3558e+12  1.83936e+12 -3.19461e+12   5.7332e+11 -4.51931e+11  1.46978e+12  1.94901e+12  8.87521e+11 -1.10301e+12  1.74731e+12  1.64644e+12  1.84513e+12  7.32185e+11 -1.18567e+12  1.10443e+12   2.7665e+12  1.83599e+12 -2.13581e+12 -1.55502e+12 -1.02761e+12  7.73956e+11  1.87695e+12   4.9666e+11 -1.35649e+12 -2.81356e+11 -3.86988e+11  2.23897e+12  -2.4849e+12  5.83611e+11 -2.51416e+12 -2.09993e+12 -3.41727e+12  -5.4461e+11 -1.18857e+11 -7.19307e+11 -9.55884e+11 -2.95983e+11  -1.5098e+11 -1.62556e+12
-5.65395e+12   1.6632e+13  -5.8159e+12  3.43655e+11 -1.89316e+12 -3.39809e+12  4.87741e+13  6.94246e+12  3.06403e+10 -1.00623e+12  2.49203e+12 -2.21936e+12    1.083e+13 -5.11459e+12 -1.03873e+13   1.5655e+12  2.39748e+12 -1.54692e+12  8.72695e+11 -3.03883e+12 -2.00832e+12  2.42864e+12 -3.51715e+12 -5.04456e+12  2.44323e+12 -2.07652e+12  2.61493e+12  6.43517e+12 -1.41159e+10 -3.49184e+11 -1.56495e+12 -1.21701e+11  3.13348e+12  2.33896e+11 -4.55155e+12 -3.12503e+12  1.69037e+12  5.15527e+12  3.11517e+11 -1.72891e+12  8.85398e+11 -6.40828e+11 -5.65912e+11  8.60352e+11 -1.89603e+12 -3.08688e+12 -1.82376e+11 -1.55244e+12  2.86093e+12 -2.00261e+12  3.47876e+12 -2.14612e+12 -1.21114e+11  2.79593e+12  3.32227e+12 -6.12664e+11 -5.30887e+12 -1.81569e+12 -1.50836e+12 -2.33354e+12  1.89632e+09 -1.49033e+12  1.70542e+11  9.05739e+10  8.36002e+11 -2.21652e+12  1.69783e+12  -7.9147e+11 -6.74526e+11 -5.54397e+11 -8.91523e+11 -3.86436e+12   2.2971e+12  2.86417e+12 -1.53651e+12 -1.96563e+12  3.91443e+11  2.80481e+12  5.91905e+10 -2.58085e+12  9.33718e+11  3.17471e+12  3.79094e+12 -4.22091e+12   1.3984e+12  1.09936e+12 -2.99174e+11  2.34532e+12 -1.88965e+12 -1.18685e+12 -3.42586e+12 -3.54831e+11  1.00741e+12 -1.05676e+12 -6.69591e+11  6.80054e+11 -3.47432e+12 -1.63003e+12  3.64308e+12  3.40374e+12 -1.45177e+12   3.5292e+12  1.65165e+12 -2.15732e+12  1.70289e+08 -4.16935e+12  6.38506e+09    1.864e+12  3.71308e+12 -4.74965e+11  3.54501e+12 -1.80526e+12  -1.3097e+12 -1.90488e+12 -7.68046e+11 -7.37641e+11 -4.76037e+11 -1.07128e+12 -5.26334e+11  6.95705e+11 -8.90707e+11  3.18806e+11  7.22394e+11  7.23177e+11 -1.36433e+12  3.00239e+12 -3.56262e+12  1.41291e+11 -1.38021e+12  5.79836e+11  3.29688e+12  7.71151e+11 -2.84258e+12 -2.19235e+12 -3.92489e+12  -1.6066e+12 -4.69116e+12 -3.28698e+11  9.55753e+11 -5.87635e+11 -6.91869e+11  1.56047e+12  2.92079e+12   1.3323e+12  3.39412e+12  1.04228e+12   3.2995e+11   1.2541e+11 -3.07924e+12  3.83034e+12  2.42659e+12 -8.46161e+11  8.84299e+11  4.64284e+11  -7.2039e+11  2.11798e+11 -2.33313e+10  2.96629e+12  1.67127e+11  4.23229e+11 -5.09401e+11  4.60013e+11  1.14509e+12 -1.07671e+11
-3.35141e+12  7.48174e+12 -2.83678e+12 -2.83361e+12 -2.04881e+12  4.24024e+12  6.94246e+12  4.73846e+13 -6.78265e+12  8.35551e+11  2.52494e+12 -3.98712e+12  5.14114e+12 -2.55699e+12 -4.99129e+12  1.59568e+12  9.48335e+11  4.98454e+12  1.40113e+11  3.21534e+12  5.70057e+11  4.93158e+12 -7.56487e+12  2.88357e+12  1.24929e+12  1.36628e+11  1.68534e+12  3.79134e+12  2.44406e+12 -6.31947e+12  2.89464e+12  4.77894e+12   3.0821e+12 -2.58695e+12  4.59653e+11 -2.81644e+12 -4.14314e+12  4.01838e+12 -1.51918e+12 -1.18198e+11 -2.19757e+12  4.13154e+10   7.5454e+11  8.50375e+11  3.74977e+12  3.37314e+12 -1.81707e+11  1.73833e+12 -1.56976e+12  1.08454e+12  1.79101e+12 -1.53033e+12  -1.1328e+12  4.20769e+09  2.79591e+12  8.55949e+10  1.05633e+12 -5.03339e+11  2.18138e+12  8.32078e+11 -9.77844e+11   2.8052e+12  1.09938e+12  4.84186e+11 -1.09422e+12  2.91275e+12  1.63121e+11 -1.18246e+12  2.88833e+12   3.1492e+12  1.31958e+12 -3.17387e+12  -1.7573e+12  1.54064e+12 -1.07144e+12 -3.41584e+12 -1.27296e+12  1.77884e+12 -2.15916e+12 -4.88901e+11 -1.14732e+12  2.42117e+12  2.72963e+12  1.08364e+12 -1.15116e+12  4.13853e+12  4.53943e+11  4.78931e+11 -1.15131e+12  3.33562e+11 -2.63292e+12 -1.38762e+12 -3.75556e+11   -6.355e+11  -3.8687e+12 -3.24847e+12  5.89224e+11 -5.09739e+11 -3.36333e+11  1.04468e+12  1.31759e+12  3.55904e+12   3.5074e+12  3.14742e+11  3.56279e+12   -3.278e+12 -3.50232e+12  -2.1981e+12 -4.47891e+12  -9.4559e+11  1.06898e+11 -1.41832e+12  1.99283e+12 -3.01991e+12 -2.94904e+12 -7.41284e+11  3.11048e+12  6.08036e+11 -1.70639e+11  8.97397e+11  4.46676e+11  2.92546e+12 -3.08681e+12 -9.42241e+11 -2.08519e+12  8.45517e+11   3.6648e+12  2.02135e+12  1.72186e+12  3.30703e+12 -2.64858e+12  9.71474e+11  3.67794e+12 -2.89087e+11 -1.67618e+12 -5.33489e+11  1.97309e+12 -1.28644e+12 -3.03823e+12   2.8931e+12 -5.19489e+12 -1.54012e+12 -9.96726e+10  1.50066e+11 -1.80341e+12 -3.91431e+11  3.46096e+11  2.35314e+12  8.93148e+11 -7.43614e+11 -1.08232e+12 -1.17829e+11  -5.6447e+11  -1.9793e+11  -9.0824e+11  2.22983e+12  3.67959e+12  3.68231e+12  2.19436e+12  6.80138e+11 -2.34185e+12  4.65497e+11  8.14802e+11 -9.22238e+11
  8.1082e+11  1.59764e+12  3.60396e+12 -5.39456e+12  3.51173e+12 -5.33063e+11  3.06403e+10 -6.78265e+12  4.04177e+13  1.28804e+12 -5.16379e+11 -4.22486e+12  1.84371e+12  8.41443e+10 -3.08794e+12  -4.3527e+11  3.73733e+12 -3.71049e+12 -6.59364e+11  -7.6121e+10  3.54854e+12 -4.09307e+12 -1.38723e+12  -2.5209e+12 -5.97681e+11 -6.13957e+11  -7.6159e+11  -1.0554e+11 -3.34502e+12  2.38843e+12  -9.2429e+11   1.2263e+12 -5.86635e+11 -2.82095e+12  4.39259e+10  3.54324e+12   1.1427e+12 -2.10041e+12  -8.2569e+11 -9.09061e+11   1.0505e+12 -1.63715e+12 -2.74247e+12 -8.15469e+11 -9.11814e+11 -4.57767e+12  2.74931e+12  -6.7173e+11  6.50345e+10 -3.33844e+10  -1.5403e+12  2.08997e+11 -2.77922e+12  6.02575e+11 -1.24275e+12 -4.41502e+12 -2.75673e+12 -6.45389e+11 -1.16287e+12 -6.48586e+09 -1.34569e+12 -1.67256e+12  1.99135e+12  9.53768e+11  1.58137e+12 -5.01846e+12  1.06657e+12  8.70638e+11  4.02133e+12 -6.49077e+11 -5.23576e+11 -2.67942e+12 -1.17757e+12  6.38215e+11  3.04754e+12  2.54372e+12 -3.77024e+11  1.47813e+11   4.3294e+11  1.01995e+12 -1.28837e+12  1.76198e+12 -3.34065e+12 -4.26444e+12 -1.32949e+12 -5.23614e+11  1.12472e+12 -9.02016e+11  2.51302e+12 -7.55389e+11  1.54651e+12 -4.97143e+11  3.06404e+12  3.18748e+11  9.67299e+11  4.72059e+11  -9.0281e+11  1.41963e+12 -4.79872e+12  1.95583e+12 -8.08216e+11 -1.20463e+12     -2.7e+12  1.43101e+12 -7.91053e+11 -1.01007e+12   1.2285e+12  2.52028e+12 -1.02187e+11  8.99097e+10  2.36883e+12 -1.66284e+12  1.88668e+11  3.98011e+11 -1.47469e+12 -1.51094e+12 -5.92841e+11 -1.42145e+12 -1.04299e+11 -2.83503e+12  2.47374e+11  1.90692e+12  2.90453e+12 -1.47402e+12  2.22752e+12  9.89326e+11  4.84086e+11 -2.68672e+11  4.92784e+11 -1.34956e+12 -1.91734e+11 -3.75208e+12 -4.41663e+12  1.95862e+11 -1.01051e+12 -2.30729e+12 -3.63707e+10 -3.03337e+12  2.72266e+12  1.04623e+12  2.75545e+12  1.61649e+12 -3.69311e+11 -1.35481e+12 -3.73805e+12  2.83221e+12 -1.55663e+12 -2.43498e+12  3.03927e+12  2.07724e+12  1.87672e+12  9.17822e+10  1.29698e+12  6.29415e+11  9.43947e+11 -1.60247e+12 -8.36746e+11 -1.90179e+12 -1.35415e+12 -2.15878e+12  2.03839e+12  1.49974e+12  2.94879e+12  4.38389e+12
-6.36552e+11  1.85775e+12  2.50825e+12  5.21962e+12  2.86734e+12 -3.31601e+12 -1.00623e+12  8.35551e+11  1.28804e+12  4.17112e+13  6.21968e+11 -2.76612e+12 -2.41196e+12  1.40184e+12 -3.14634e+11 -2.26052e+12 -3.67121e+12  7.61728e+12 -2.78282e+12 -6.41554e+11 -1.62747e+12   3.5608e+12  1.70453e+12 -5.06921e+10  2.03432e+12 -1.61097e+10 -2.58766e+12 -2.42428e+12 -6.67343e+12 -2.25617e+12  1.47854e+12 -9.20576e+11 -2.65094e+12 -8.90012e+11  1.67045e+12  3.87181e+12 -1.85277e+12  1.15195e+12 -3.09006e+12  2.28678e+10 -2.78573e+12  5.97009e+11  2.54108e+12 -2.98946e+12  8.17175e+11  2.34553e+12 -7.21023e+11  1.92486e+12 -1.86903e+12  3.91664e+12 -1.03126e+12 -6.10678e+11  3.34769e+11  3.49619e+12 -1.44098e+12    1.866e+11  1.39443e+12  -3.0949e+12  1.07879e+11 -3.00222e+12 -9.39659e+11 -1.33442e+12  1.25243e+12 -2.91381e+12 -1.87121e+12  4.20269e+11  2.53649e+10 -3.49179e+11  3.43046e+12  -1.0546e+12  1.64576e+12 -1.38747e+12  1.65311e+12 -9.04556e+11  3.11887e+12  -7.5123e+11 -2.87043e+12 -8.61076e+11 -2.66646e+12  2.06851e+12  -8.7282e+11  1.61132e+12 -1.37631e+12  1.08246e+12  2.41502e+12  1.63439e+12 -6.27682e+11  1.61907e+12  -8.0792e+11 -1.29768e+11 -3.36519e+11  1.31652e+12 -1.01175e+12  6.57341e+12  7.83111e+11 -3.77514e+12 -1.59576e+12 -1.05579e+12  1.98896e+12 -3.50224e+12  2.62944e+11  1.13397e+12  5.25108e+11  2.92726e+12  1.30707e+12 -1.80155e+12   8.7241e+10 -1.16114e+12  2.32845e+11 -1.12166e+12  2.00374e+12 -1.67672e+12  2.04002e+12  5.36915e+11   1.8788e+12 -1.84602e+12  5.58189e+11  8.64819e+11  1.35267e+12 -1.76151e+12 -3.10926e+12  2.62546e+12 -1.65445e+12 -9.89591e+11  1.50589e+12  6.07256e+11 -1.65512e+12   9.8109e+11  1.49829e+12 -1.14445e+12 -2.49336e+12 -1.76558e+12 -1.17382e+12 -1.70065e+11 -2.12622e+12  1.67947e+12  -3.9763e+11  2.21374e+11  3.98508e+11  1.17815e+12 -3.62509e+12  2.69095e+12 -4.92203e+12  3.55587e+12 -4.34354e+12  9.12604e+11  1.69167e+12 -6.11395e+10 -1.61212e+12  1.09222e+12   3.2272e+12  2.58024e+12  5.86438e+12 -1.73036e+11  8.25277e+11    2.089e+11 -8.65252e+10 -2.07017e+12 -1.53068e+12 -1.18832e+10  -2.4889e+12 -5.58269e+11  1.85814e+12  1.02364e+12
-9.15212e+11 -8.01925e+12  4.58395e+12 -6.98265e+10 -3.58758e+12 -5.07907e+12  2.49203e+12  2.52494e+12 -5.16379e+11  6.21968e+11  4.97867e+13 -2.22013e+12 -1.66281e+12 -6.03556e+12  6.37809e+12  3.09201e+12    2.514e+12  4.91247e+12  3.48292e+12 -6.20622e+12 -2.49011e+12  4.27209e+12 -3.35657e+10 -5.65077e+11  3.25205e+12  9.96242e+11  4.71532e+12 -3.52183e+11  4.52751e+11 -1.01614e+12  4.34048e+12  8.55064e+11  5.83304e+11  4.69075e+11  2.45121e+12 -4.96026e+12 -5.71194e+12  6.07005e+12 -1.09864e+12 -1.86412e+12 -3.96302e+12  8.77089e+11 -1.01764e+12 -7.73773e+11  2.44544e+12 -1.84766e+11 -1.70419e+12  1.75768e+09 -4.30858e+12   3.7269e+11 -4.41588e+12  -2.8229e+12  6.43185e+11 -1.98868e+12  1.99518e+12  1.50818e+12 -8.80633e+11  1.27412e+12 -5.48875e+11   2.8802e+12 -2.06135e+12  2.85729e+11  2.85245e+12  3.95977e+12 -4.36449e+12  2.60701e+12  1.97585e+12  1.42564e+12  2.56539e+12 -1.79456e+12   3.3763e+12   1.7094e+12 -1.82925e+12 -9.28266e+11  5.77001e+11 -5.50715e+12 -1.53848e+12 -1.50034e+12  2.22777e+12  2.76819e+12  -7.8947e+11 -1.89271e+12  2.26053e+12 -3.87789e+11 -1.74707e+11  7.64097e+11  7.88153e+11 -3.42853e+12 -1.13422e+12  2.79284e+09 -2.62646e+12  5.33293e+11 -1.58865e+12  1.28002e+12  1.70855e+12 -2.08342e+12  8.35984e+10  4.60807e+12 -1.22139e+12  1.60501e+12  1.40961e+12 -2.22587e+12  1.74984e+12  2.93941e+12 -2.33541e+12 -1.68365e+12  3.06656e+11 -1.72423e+12 -1.24117e+12 -9.96824e+11  4.80729e+11 -1.93518e+12 -9.86851e+11 -2.25775e+12  3.96931e+11  1.81509e+12 -2.94241e+12 -2.15302e+12 -9.81135e+11 -8.36823e+11 -1.22315e+11 -1.85371e+11 -5.78607e+11 -3.00825e+12 -2.35213e+12  4.39935e+11   2.4577e+12 -1.69579e+12  7.08537e+10 -7.00603e+11 -5.97395e+11  1.02796e+12  7.54538e+11  3.43017e+12 -2.72747e+12   4.2159e+12 -4.49891e+11  -3.6795e+12 -5.65593e+12 -7.00082e+11 -3.98448e+12 -2.58245e+12  1.13147e+11  2.16784e+12 -1.36393e+12  -1.6108e+11  1.11541e+12  3.19571e+12  3.12381e+12 -9.07914e+11 -3.13488e+12  6.33351e+11 -2.44411e+12  2.87995e+12 -2.80275e+12  2.53454e+12  1.02551e+12  3.76625e+11 -2.14194e+12  1.85541e+12 -1.73744e+12 -1.69175e+12 -1.37643e+12 -4.12707e+12
-1.31621e+12  4.63087e+12 -2.32999e+12 -1.48942e+11 -2.61152e+11  1.18354e+12 -2.21936e+12 -3.98712e+12 -4.22486e+12 -2.76612e+12 -2.22013e+12  4.26766e+13 -4.41669e+12  9.50647e+10  -8.5698e+11  1.67177e+11 -1.16774e+12 -3.58763e+12 -1.61416e+12 -1.03917e+12 -7.40838e+11  1.35215e+12 -2.02195e+12 -1.14405e+12 -1.20857e+12  4.29371e+12  6.11185e+11 -3.29971e+12 -6.25475e+11 -1.71239e+12  1.05231e+12 -2.13792e+12  7.90646e+11 -2.46503e+12 -2.29173e+12   5.2263e+11  3.35674e+10 -1.46499e+11   3.8922e+12 -1.07071e+12   3.3114e+12 -4.14201e+12  3.19559e+12  1.35233e+12 -5.19746e+12  4.74579e+12  1.79917e+12  -1.4682e+12 -3.24082e+12  9.80113e+11  9.54747e+11  6.55203e+10  1.35995e+12  1.18859e+12 -3.78361e+11 -1.37996e+12  2.45526e+11  2.32699e+12 -2.89604e+12  7.29396e+11  4.09411e+12  1.60482e+12  1.83932e+12  2.04618e+12  9.77277e+11  2.67664e+12  1.59986e+11  2.99812e+12 -1.13064e+12   -1.335e+12 -1.00021e+12  1.40765e+12 -2.83088e+12  1.43255e+12  3.78012e+12 -8.65611e+10  4.66719e+12  -1.4046e+12  4.97124e+12 -2.75062e+11 -1.54988e+11  4.45018e+11 -2.29957e+11  1.16022e+12 -2.54649e+12 -5.78064e+11 -1.06195e+12 -1.13335e+12  4.34985e+12 -3.90219e+11  1.04192e+12 -1.30937e+12 -1.59489e+12 -8.98653e+11  1.35399e+12  -6.7346e+11  -3.3924e+12 -1.63768e+12 -9.61667e+11 -1.67921e+12  3.22362e+12 -4.68785e+12 -6.21638e+12 -2.20284e+12  2.51363e+12  2.28259e+12  1.76592e+12 -8.88823e+11  1.72747e+12 -2.76064e+11 -8.09356e+11  5.75932e+11  1.38033e+12   8.2485e+11  9.45839e+11 -4.40968e+11 -1.71117e+12  3.44779e+12  1.67224e+12 -1.12233e+12  2.64856e+11  -2.7467e+12 -8.19605e+11 -1.31908e+12  4.21651e+11 -1.72464e+12 -5.60976e+11  1.79763e+12 -2.88459e+12 -3.58739e+12  1.66139e+12  2.71788e+12  2.48642e+12  1.58873e+12  1.95679e+12  -4.1459e+11 -1.86237e+12  1.79121e+12  2.76244e+12  5.38467e+12 -2.51414e+11  7.30779e+11 -8.05893e+11  6.84197e+11  1.60471e+12  5.31709e+12  -8.6889e+11 -9.29346e+11 -2.04855e+12 -3.03888e+12 -2.26241e+11 -3.14516e+11  1.85843e+12 -3.33328e+12  1.07528e+12  5.78104e+11 -8.39765e+11  3.67697e+11 -2.19287e+12 -5.19194e+11  5.83479e+11 -2.13154e+12 -3.13503e+12 -1.14007e+12
-3.96061e+12  6.65127e+12 -6.96053e+12  4.45179e+10  3.94219e+11  1.03727e+12    1.083e+13  5.14114e+12  1.84371e+12 -2.41196e+12 -1.66281e+12 -4.41669e+12  5.32406e+13 -1.14408e+12 -8.46954e+12 -1.22688e+12  3.26558e+12 -1.40003e+12  5.18646e+12  2.36528e+12 -4.26001e+11  9.84764e+11 -2.64366e+12  1.90699e+12 -1.04507e+12 -4.19906e+11  7.53712e+12 -2.02406e+12 -1.25959e+12  7.83717e+10  1.69244e+12    5.074e+12  3.97672e+11 -3.04999e+12  1.62125e+12 -2.24302e+12  2.31903e+12 -3.02186e+12  2.39441e+12 -1.63973e+12 -3.72624e+12    2.989e+12   -1.719e+12  5.22915e+12 -2.78434e+12 -2.07038e+12  4.44397e+12 -1.33434e+12 -2.49091e+12 -2.30093e+10  1.26276e+12 -1.52865e+12  1.40416e+12 -9.29966e+11  2.16106e+12 -1.82292e+11 -5.24765e+12 -1.81304e+12  6.44748e+11 -5.01727e+11 -5.22937e+12  -3.0785e+12  -3.4859e+12 -2.55729e+12  2.36765e+11 -3.36244e+12  3.47042e+12 -7.98209e+11 -3.87489e+11  2.53168e+12  -7.1964e+11 -2.15206e+12  1.84683e+11  1.16112e+12 -2.44758e+12  4.38183e+11  4.43152e+12  3.26645e+12 -1.70347e+12  2.62969e+12  2.37887e+12  4.17435e+11  2.99478e+12 -1.25431e+12   6.4791e+11  6.60754e+11  1.52087e+12   5.6709e+11  7.50605e+11 -2.27085e+12 -5.58038e+11 -1.50106e+12  -1.7647e+11 -2.75422e+12  1.13152e+12  2.19911e+12  3.49207e+12 -1.21654e+12  -2.1626e+12  1.34828e+12  1.89802e+12  1.94549e+12 -4.05787e+11  4.20578e+12 -8.94398e+11 -1.14629e+12  1.86072e+12  2.01681e+11  1.43414e+12  2.50483e+11  8.56722e+11  1.54969e+12  -6.6749e+11  2.33335e+11 -1.27171e+11 -1.45948e+12   2.1056e+12  -1.9518e+12 -4.89763e+12   3.2199e+12   7.5328e+11   1.2943e+12 -1.65942e+10  -4.0479e+11 -3.54063e+12 -1.54797e+12  3.16075e+12   -1.618e+12  1.62062e+12  4.19797e+12  1.77391e+12  4.87812e+11 -1.88788e+12  4.84595e+11 -5.45927e+12 -7.96607e+11 -1.84002e+11 -1.25031e+12   -1.707e+12 -1.35006e+12  3.38911e+12 -1.38313e+12  1.70489e+12  3.00385e+12  1.33479e+12 -2.99585e+12 -5.81377e+11 -4.44399e+11  2.27887e+12  3.35088e+12    2.982e+12 -4.83728e+11  2.18102e+12 -3.46355e+12 -7.07176e+11 -2.57944e+12 -1.93196e+12 -5.20761e+11  2.37787e+12 -1.67691e+12   1.6644e+12 -1.59235e+12  9.55968e+11  1.09928e+12
 1.29869e+12 -4.40175e+12 -3.14759e+12 -1.66165e+11  2.02845e+12 -3.69793e+11 -5.11459e+12 -2.55699e+12  8.41443e+10  1.40184e+12 -6.03556e+12  9.50647e+10 -1.14408e+12  4.24635e+13  2.09157e+12   -1.986e+12  8.89242e+10 -1.15029e+12 -1.20609e+12  4.18983e+12  -2.7783e+11 -5.81121e+11   4.3495e+11  1.02755e+12  2.02608e+12  1.01528e+12 -4.99101e+12  1.70997e+12  5.46024e+12  2.13222e+12 -3.10746e+12  1.37931e+12 -4.85198e+12 -1.35708e+12 -1.19025e+12  1.17933e+12  -3.9663e+10 -4.79359e+12 -3.29234e+11  3.55026e+12  4.47515e+12 -4.49318e+11  1.24857e+12 -3.15599e+12 -1.78686e+12  1.00293e+12 -3.68179e+12   1.8244e+12  -2.8164e+12  8.69579e+11 -1.62152e+12 -2.04211e+12  1.39714e+12  3.24259e+12  -2.5131e+11   4.8851e+12 -1.18503e+12  8.73759e+11  3.19931e+12 -4.04241e+11 -2.38179e+11  1.31479e+12  5.03959e+11 -2.76921e+12  1.17629e+12 -1.80949e+12  4.65878e+11  6.61303e+11 -3.38222e+12  8.23857e+11 -2.79591e+12   2.1697e+12  1.00305e+12 -1.52258e+12  3.06004e+11  5.38467e+11 -1.68157e+12  7.79202e+11  2.03171e+12  -1.5629e+11  1.51183e+12  2.43268e+11 -2.23267e+12  2.38114e+12  9.51538e+11 -1.38282e+12  3.70906e+12  1.17342e+12 -1.22878e+12  1.27644e+12 -1.84998e+12  3.63542e+12  2.07324e+12 -1.76453e+12  2.05577e+12  2.27429e+12   3.1664e+12 -1.79085e+12  1.94143e+12 -2.09353e+12  1.19487e+12 -6.19681e+11 -8.98652e+11    7.739e+10  9.14296e+11  6.20551e+11  1.42726e+12 -1.32619e+11  -2.1106e+12 -8.02132e+11  2.53285e+12  -1.5563e+12 -3.22743e+11  3.38954e+12  -1.4615e+12 -7.20466e+11  2.80191e+12  1.34982e+12 -3.77971e+11 -3.36233e+12 -2.25901e+12 -6.28269e+10 -1.72659e+11  3.66071e+12   2.1642e+12 -3.03467e+12 -1.00985e+12  3.78134e+12  1.08141e+12 -1.25793e+12  3.48393e+12  4.08601e+10 -1.47758e+12 -7.51207e+11 -2.26529e+12 -3.19238e+12 -1.74176e+12  3.68681e+11    4.971e+12 -3.05037e+12  2.12923e+12  1.66767e+12  3.56668e+11   1.8508e+12  1.50115e+12   5.1988e+11 -3.08674e+12 -2.66807e+12 -2.97436e+12  3.87479e+11 -1.50432e+12 -9.06442e+11 -1.82941e+12 -6.01655e+11  9.07589e+11 -1.40224e+11 -1.11642e+11  4.41872e+11 -2.46362e+12  4.80812e+11  2.00196e+12 -1.95623e+11 -1.63214e+12 -1.03132e+11
 4.46477e+12  -1.4566e+13  1.04595e+13    -1.09e+12 -6.17299e+11 -9.11662e+11 -1.03873e+13 -4.99129e+12 -3.08794e+12 -3.14634e+11  6.37809e+12  -8.5698e+11 -8.46954e+12  2.09157e+12  5.37718e+13 -2.62413e+12  2.16064e+12  7.12828e+10  2.06718e+11  4.59546e+12  2.77569e+11  6.44617e+11 -2.85508e+12  9.20533e+11 -9.68427e+10  2.17703e+12  7.12411e+11  1.48979e+12 -1.61887e+12  3.61345e+12 -3.02565e+12 -6.34168e+12 -2.04414e+12  4.38957e+12  6.61912e+11  4.32106e+12 -4.41516e+12  7.91248e+11 -2.81922e+12 -3.43296e+12  -2.8551e+12  2.71439e+12  1.29421e+12 -4.66109e+11  4.39006e+12 -4.29818e+12 -2.73825e+12  2.73855e+12 -4.40449e+11  1.68497e+12 -5.22454e+12 -1.79521e+12 -2.54313e+12 -4.19065e+12 -1.98379e+12  2.24349e+12 -1.01691e+12 -9.63406e+11 -3.66287e+12 -1.60416e+12 -2.59149e+12  1.69408e+12  9.89693e+10 -2.52775e+12  5.21504e+11  3.13457e+12 -2.03493e+12  3.68268e+12  7.11797e+11 -1.11568e+12 -9.19701e+10  7.89862e+11 -1.97824e+12 -2.65179e+12  7.21883e+11  7.95726e+11 -1.49666e+12  1.39355e+10 -1.41151e+12  4.65574e+12  1.99439e+11 -4.14729e+12 -1.49545e+12  6.53058e+12 -7.44176e+11  4.55147e+12 -6.70434e+11 -8.31804e+11 -5.91511e+12 -1.64229e+12  3.98549e+12 -1.00282e+11 -3.44593e+12  5.99602e+10  3.51127e+12  1.31692e+12  1.96568e+12  2.80243e+12  4.95417e+11  1.63711e+12  6.67377e+11  -1.5797e+12  2.03615e+12  4.68287e+12  8.91116e+11 -3.30989e+12 -4.80407e+11  2.06662e+12 -3.83701e+12 -2.66124e+12  7.41871e+11 -2.91071e+12  1.57198e+12   2.6047e+12  1.69648e+12 -9.23316e+11 -3.19456e+11 -3.92216e+11  1.11398e+12   2.2824e+11   1.0733e+12  1.17435e+12 -6.85311e+10 -4.28608e+11   5.0848e+12 -1.23165e+12  2.72883e+12 -1.23768e+12  1.85371e+12 -6.35718e+11 -1.36685e+12 -1.05952e+12  1.81446e+12  3.61303e+12 -1.43589e+12  1.83427e+12  2.22583e+12 -2.99947e+11  4.22112e+11  -1.5522e+12 -1.03765e+12  3.23987e+12 -6.33419e+11   4.3034e+11  1.40456e+12  3.16854e+12  3.53268e+12 -2.07812e+12  1.43311e+12 -1.94155e+11 -2.59681e+12 -1.72589e+12 -3.11247e+12 -2.08769e+12  2.05987e+12 -2.51485e+12  2.44825e+11 -1.99756e+12 -1.67061e+12  3.43502e+12  1.24568e+12  2.23198e+11  3.23103e+10 -2.76875e+12
-1.90645e+11  2.07956e+12 -1.75613e+12     5.42e+12  3.89034e+12  7.91377e+10   1.5655e+12  1.59568e+12  -4.3527e+11 -2.26052e+12  3.09201e+12  1.67177e+11 -1.22688e+12   -1.986e+12 -2.62413e+12  4.42385e+13  5.10149e+11 -6.70223e+11 -5.12937e+11  9.94832e+11  1.35335e+12  1.75142e+12  2.72802e+12 -1.66428e+12  -1.8056e+12  3.64979e+11 -1.95386e+12 -1.43144e+12 -3.75358e+11 -1.45496e+12   1.0347e+12  -8.8915e+11 -1.58127e+12 -1.17309e+12 -1.21446e+12 -3.11201e+12  2.52752e+12 -4.43627e+10 -2.86828e+12 -2.28271e+12  1.11391e+12 -3.28342e+12  4.33975e+12 -1.83596e+12  3.88505e+11 -2.11615e+12  5.66363e+12 -1.11158e+12 -2.25249e+11 -5.13161e+12 -2.87415e+11   3.4362e+11  7.07873e+11  9.39557e+11 -1.52329e+12 -7.13182e+11  8.16873e+11  1.09795e+12   -4.534e+12 -1.89975e+11 -8.96394e+11  7.05702e+11  2.12679e+12  1.71138e+12  1.24104e+12  2.30674e+12  9.43247e+11  6.14114e+09   2.6846e+12  1.27672e+12  2.76244e+12 -3.58364e+12 -9.71981e+11    1.515e+12 -1.60771e+12  5.97665e+11 -1.50815e+12  -2.7127e+12 -2.79748e+11 -3.99378e+11 -3.04942e+12 -1.48997e+12 -1.45598e+11  3.80713e+11 -3.28551e+12  3.86323e+12 -1.86437e+12 -1.82476e+12  1.12184e+12  -2.4879e+12  8.46543e+11   3.5315e+12 -1.28213e+12 -1.24251e+11  2.34236e+12  3.64131e+12 -1.67675e+12 -2.95463e+11 -2.72476e+12  2.61808e+12 -3.28065e+11 -6.09416e+11  1.54171e+12 -1.12579e+12 -1.56902e+12  2.46199e+12  2.47376e+12 -2.87349e+12 -2.24097e+12   -1.326e+12  1.06054e+12   7.1214e+08  3.83639e+11 -2.90733e+12  8.93258e+11   3.5537e+12  1.18991e+11 -2.04226e+12   4.9258e+11 -1.68097e+11 -5.68456e+11 -1.38317e+12   1.2351e+12 -2.57203e+11  1.02297e+12 -1.34806e+12  -1.5353e+12  1.07632e+11  3.58874e+12  -8.7228e+11 -9.89327e+11 -4.73384e+11  1.77775e+10  8.29282e+11 -4.98106e+11  2.66785e+11  5.32825e+11  2.76718e+12 -3.52048e+11  1.10139e+12   3.2128e+11 -7.05125e+10  5.98475e+11 -1.31472e+12 -1.95661e+12 -1.30466e+11 -5.22855e+11  2.53953e+12 -1.81593e+12 -1.15967e+12 -4.59453e+12  2.52786e+12  1.88788e+12  5.89201e+11  7.91885e+11  1.06146e+12  2.61219e+11 -1.44616e+12 -1.20629e+11  9.22166e+11  2.01861e+11 -8.40576e+10  1.67842e+12 -5.79298e+11
-1.65746e+12  -2.9702e+11  1.14873e+11  2.30479e+12 -1.01075e+12 -1.06581e+12  2.39748e+12  9.48335e+11  3.73733e+12 -3.67121e+12    2.514e+12 -1.16774e+12  3.26558e+12  8.89242e+10  2.16064e+12  5.10149e+11  4.31042e+13 -4.07494e+12  3.62572e+12  3.99163e+12   3.8787e+12   7.4378e+11 -4.49369e+11  1.69919e+12  8.78915e+11  2.98298e+12  4.25209e+12  5.68377e+11  3.16093e+12  4.10362e+11  1.10892e+12   1.1677e+12   4.1807e+12 -1.31812e+12  3.95513e+11 -4.17359e+11 -5.60709e+10 -2.21754e+12 -4.41555e+12  2.76141e+12  2.58154e+11  2.95634e+10  1.31176e+12 -3.45481e+12  9.19069e+11  7.94572e+10   1.3067e+12  3.08526e+12 -6.99392e+11 -1.56451e+12  4.18805e+12 -1.66138e+12  7.45916e+11  -1.5723e+11 -3.40304e+12 -1.68496e+12 -5.15538e+12 -8.63666e+09  6.46498e+12   1.1225e+12 -3.10209e+11  1.13476e+12  2.86726e+12  -4.0172e+11  6.18853e+11  7.33475e+11   2.4447e+12    1.039e+12 -1.94746e+12 -3.01674e+11  4.27603e+11  3.01543e+12 -1.84453e+11  1.63546e+12 -2.49492e+11 -4.14071e+12 -4.31007e+12  2.05425e+12  2.39681e+12 -6.58343e+11  1.98036e+11 -2.12308e+12 -3.47721e+12   2.1509e+12 -2.24589e+11  2.84757e+12  4.46601e+11  -2.7921e+12 -1.91961e+12 -1.87784e+12 -4.20315e+11 -3.71144e+12   1.0626e+12  3.63224e+12  2.52532e+12 -4.43174e+11  2.16062e+12  3.23277e+12  4.58588e+11  1.47843e+12 -2.72922e+12  1.31294e+11  1.76223e+12  1.82955e+12 -2.36065e+12 -2.56032e+12  2.89648e+12 -1.12722e+12 -3.40452e+12  1.41103e+09  1.06799e+12  -3.2284e+12  -9.9011e+10 -5.50449e+11 -2.27639e+12  2.34332e+12  2.14629e+12 -1.76945e+12  -4.0195e+12  1.65033e+12  4.90013e+11 -6.20682e+11  6.74349e+11  1.00259e+12  2.27822e+12 -9.53482e+11  9.38085e+11  7.73317e+11  3.78668e+11  1.29475e+12 -1.34491e+12 -2.30964e+11   1.2125e+12   8.2025e+11 -6.02128e+11 -7.47488e+11  1.83372e+12 -4.59228e+10 -2.08306e+12  8.98483e+11 -5.96698e+11   2.6093e+12 -1.17374e+12  -1.5548e+12  3.74039e+12 -1.99482e+12 -1.73714e+12  1.86822e+12   4.0753e+12  2.23141e+11 -2.77924e+11 -2.79688e+12 -4.04387e+11 -2.59404e+11 -7.25089e+11  2.37808e+12   2.3611e+12  2.64711e+12  3.03129e+11 -6.03159e+11  2.57404e+12 -4.39194e+11 -7.72517e+11  7.78858e+11
 1.45192e+11 -1.52126e+12  3.44091e+12 -1.32836e+12 -3.72384e+11 -2.69123e+12 -1.54692e+12  4.98454e+12 -3.71049e+12  7.61728e+12  4.91247e+12 -3.58763e+12 -1.40003e+12 -1.15029e+12  7.12828e+10 -6.70223e+11 -4.07494e+12  4.39036e+13  2.46865e+12  8.01286e+11 -2.35991e+11 -3.85632e+10  2.75025e+11  3.20024e+12  2.49195e+12 -2.60725e+12  1.15243e+12  -2.7916e+11  6.46441e+11 -4.40978e+11  1.47223e+12 -2.68118e+12 -6.93832e+10  7.45406e+11  3.86838e+12 -1.82813e+12  9.42294e+11  3.65229e+12 -4.34109e+12 -3.85404e+11 -3.14579e+11 -6.66276e+11  1.02424e+12  8.83233e+11  1.01416e+12  4.75572e+12  1.15945e+12 -3.86253e+12   6.6304e+11 -1.51009e+12 -3.74645e+12 -2.37563e+12 -3.88346e+12  3.62629e+12  1.02558e+12  1.76779e+12  3.04078e+12  2.01227e+12 -8.94961e+11 -1.07343e+11 -1.26887e+12 -4.67186e+11  7.87407e+11 -3.22975e+12 -3.42553e+12 -9.75226e+11 -3.91545e+12 -3.53711e+12 -1.00318e+12  8.19683e+11   2.7017e+12  1.34007e+11 -6.65007e+11  1.65615e+12  1.39153e+12 -3.29265e+12 -1.97051e+12 -3.35092e+12 -1.01872e+11  5.04401e+12 -4.16236e+11  1.62974e+12  1.13139e+12  1.97651e+12  1.18267e+11   5.9178e+11  -7.0342e+11  7.51244e+11 -2.00171e+12  1.29057e+12  -4.6434e+11  2.59074e+12  3.54824e+12  2.09015e+11 -2.79473e+12 -2.31517e+12 -4.12782e+11 -8.49811e+11  6.61327e+11 -2.47801e+12    7.337e+11  -1.6114e+12 -2.96761e+11  2.21808e+12  2.48992e+12  5.79871e+11  1.25189e+12 -1.90696e+12   4.2481e+12 -1.24682e+12 -8.45042e+11 -4.65143e+11  1.12395e+12 -1.73632e+11  2.05957e+12 -1.23619e+12  1.40169e+12 -9.87878e+11 -1.22598e+12 -4.52389e+12  1.75483e+12  2.73467e+12  5.30705e+11  1.11032e+12 -1.70975e+11 -1.38348e+12  2.16191e+11  1.71953e+12  1.81049e+12  2.99281e+12 -3.43952e+11  -9.7266e+11  2.64181e+12  1.67558e+12  4.56221e+11  1.17757e+12 -3.41335e+12 -2.63449e+12 -1.91435e+12  1.21412e+12 -2.81188e+12 -2.09675e+12 -4.49809e+11  3.81192e+12 -4.85345e+12 -3.23036e+12  1.26566e+12  3.26819e+12  2.00506e+12  7.95711e+11 -4.00966e+12 -9.92064e+10  2.43575e+12   1.4098e+12  2.57699e+11  1.07552e+12    7.384e+11  7.01298e+11  -5.5693e+11  4.81852e+12 -3.22335e+12 -1.02811e+12  2.89998e+12 -1.93174e+12
